Date,Time,Open,High,Low,Close,TradeVolume,Contract
20240429,1259,471.05,471.05,471.05,471.05,0,CPA2026J
20240430,1259,460.80,460.80,460.80,460.80,0,CPA2026J
20240501,1259,458.10,458.10,458.10,458.10,0,CPA2026J
20240502,1259,452.65,452.65,452.65,452.65,0,CPA2026J
20240503,1259,459.55,459.55,459.55,459.55,0,CPA2026J
20240506,1259,464.95,464.95,464.95,464.95,0,CPA2026J
20240507,1259,464.65,464.65,464.65,464.65,0,CPA2026J
20240508,1259,459.10,459.10,459.10,459.10,0,CPA2026J
20240509,1259,461.00,461.00,461.00,461.00,0,CPA2026J
20240510,1259,462.25,462.25,462.25,462.25,0,CPA2026J
20240513,1259,468.60,468.60,468.60,468.60,0,CPA2026J
20240514,1259,461.40,461.40,461.40,461.40,0,CPA2026J
20240515,1259,469.50,469.50,469.50,469.50,0,CPA2026J
20240516,1259,474.15,474.15,474.15,474.15,0,CPA2026J
20240517,1259,487.90,487.90,487.90,487.90,0,CPA2026J
20240520,1259,496.05,496.05,496.05,496.05,0,CPA2026J
20240521,1259,496.20,496.20,496.20,496.20,0,CPA2026J
20240522,1259,477.35,477.35,477.35,477.35,0,CPA2026J
20240523,1259,475.30,475.30,475.30,475.30,0,CPA2026J
20240524,1259,473.65,473.65,473.65,473.65,0,CPA2026J
20240528,1259,484.35,484.35,484.35,484.35,0,CPA2026J
20240529,1259,480.80,480.80,480.80,480.80,0,CPA2026J
20240530,1259,467.60,467.60,467.60,467.60,0,CPA2026J
20240531,1259,464.95,464.95,464.95,464.95,0,CPA2026J
20240603,1259,469.75,469.75,469.75,469.75,0,CPA2026J
20240604,1259,457.15,457.15,457.15,457.15,0,CPA2026J
20240605,1259,459.35,459.35,459.35,459.35,0,CPA2026J
20240606,1259,467.50,467.50,467.50,467.50,0,CPA2026J
20240607,1259,452.75,452.75,452.75,452.75,0,CPA2026J
20240610,1259,458.50,458.50,458.50,458.50,0,CPA2026J
20240611,1259,452.55,452.55,452.55,452.55,0,CPA2026J
20240612,1259,458.85,458.85,458.85,458.85,0,CPA2026J
20240613,1259,452.30,452.30,452.30,452.30,0,CPA2026J
20240614,1259,451.70,451.70,451.70,451.70,0,CPA2026J
20240617,1259,448.05,448.05,448.05,448.05,0,CPA2026J
20240618,1259,450.75,450.75,450.75,450.75,0,CPA2026J
20240620,1259,456.95,456.95,456.95,456.95,0,CPA2026J
20240621,1259,449.15,449.15,449.15,449.15,0,CPA2026J
20240624,1259,448.10,448.10,448.10,448.10,0,CPA2026J
20240625,1259,444.60,444.60,444.60,444.60,0,CPA2026J
20240626,1259,444.75,444.75,444.75,444.75,0,CPA2026J
20240627,1259,443.75,443.75,443.75,443.75,0,CPA2026J
20240628,1259,447.60,447.60,447.60,447.60,0,CPA2026J
20240701,1259,450.10,450.10,450.10,450.10,0,CPA2026J
20240702,1259,449.45,449.45,449.45,449.45,0,CPA2026J
20240703,1259,459.35,459.35,459.35,459.35,0,CPA2026J
20240705,1259,466.10,466.10,466.10,466.10,0,CPA2026J
20240708,1259,464.85,464.85,464.85,464.85,0,CPA2026J
20240709,1259,461.55,461.55,461.55,461.55,0,CPA2026J
20240710,1259,462.40,462.40,462.40,462.40,0,CPA2026J
20240711,1259,458.15,458.15,458.15,458.15,0,CPA2026J
20240712,1259,463.90,463.90,463.90,463.90,0,CPA2026J
20240715,1259,460.10,460.10,460.10,460.10,0,CPA2026J
20240716,1259,454.15,454.15,454.15,454.15,0,CPA2026J
20240717,1259,452.45,452.45,452.45,452.45,0,CPA2026J
20240718,1259,441.55,441.55,441.55,441.55,0,CPA2026J
20240719,1259,437.90,437.90,437.90,437.90,0,CPA2026J
20240722,1259,434.40,434.40,434.40,434.40,0,CPA2026J
20240723,1259,429.95,429.95,429.95,429.95,0,CPA2026J
20240724,1259,426.70,426.70,426.70,426.70,0,CPA2026J
20240725,1259,428.20,428.20,428.20,428.20,0,CPA2026J
20240726,1259,429.50,429.50,429.50,429.50,0,CPA2026J
20240729,1259,425.95,425.95,425.95,425.95,0,CPA2026J
20240730,1259,426.30,426.30,426.30,426.30,0,CPA2026J
20240731,1259,434.65,434.65,434.65,434.65,0,CPA2026J
20240801,1259,426.75,426.75,426.75,426.75,0,CPA2026J
20240802,1259,428.60,428.60,428.60,428.60,0,CPA2026J
20240805,1259,417.85,417.85,417.85,417.85,0,CPA2026J
20240806,1259,420.35,420.35,420.35,420.35,0,CPA2026J
20240807,1259,414.70,414.70,414.70,414.70,0,CPA2026J
20240808,1259,414.65,414.65,414.65,414.65,0,CPA2026J
20240809,1259,417.35,417.35,417.35,417.35,0,CPA2026J
20240812,1259,424.35,424.35,424.35,424.35,0,CPA2026J
20240813,1259,422.40,422.40,422.40,422.40,0,CPA2026J
20240814,1259,421.20,421.20,421.20,421.20,0,CPA2026J
20240815,1259,429.40,429.40,429.40,429.40,0,CPA2026J
20240816,1259,431.20,431.20,431.20,431.20,0,CPA2026J
20240819,1259,434.70,434.70,434.70,434.70,0,CPA2026J
20240820,1259,432.70,432.70,432.70,432.70,0,CPA2026J
20240821,1259,434.20,434.20,434.20,434.20,0,CPA2026J
20240822,1259,431.20,431.20,431.20,431.20,0,CPA2026J
20240823,1259,436.45,436.45,436.45,436.45,0,CPA2026J
20240826,1259,440.60,440.60,440.60,440.60,0,CPA2026J
20240827,1259,443.15,443.15,443.15,443.15,0,CPA2026J
20240828,1259,435.85,435.85,435.85,435.85,0,CPA2026J
20240829,1259,436.80,436.80,436.80,436.80,0,CPA2026J
20240830,1259,435.55,435.55,435.55,435.55,0,CPA2026J
20240903,1259,422.80,422.80,422.80,422.80,0,CPA2026J
20240904,1259,421.85,421.85,421.85,421.85,0,CPA2026J
20240905,1259,427.95,427.95,427.95,427.95,0,CPA2026J
20240906,1259,422.90,422.90,422.90,422.90,0,CPA2026J
20240909,1259,429.55,429.55,429.55,429.55,0,CPA2026J
20240910,1259,424.50,424.50,424.50,424.50,0,CPA2026J
20240911,1259,428.45,428.45,428.45,428.45,0,CPA2026J
20240912,1259,433.25,433.25,433.25,433.25,0,CPA2026J
20240913,1259,436.30,436.30,436.30,436.30,0,CPA2026J
20240916,1259,440.50,440.50,440.50,440.50,0,CPA2026J
20240917,1259,441.15,441.15,441.15,441.15,0,CPA2026J
20240918,1259,442.65,442.65,442.65,442.65,0,CPA2026J
20240919,1259,447.15,447.15,447.15,447.15,0,CPA2026J
20240920,1259,447.15,447.15,447.15,447.15,0,CPA2026J
20240923,1259,447.85,447.85,447.85,447.85,0,CPA2026J
20240924,1259,460.65,460.65,460.65,460.65,0,CPA2026J
20240925,1259,461.95,461.95,461.95,461.95,0,CPA2026J
20240926,1259,472.30,472.30,472.30,472.30,0,CPA2026J
20240926,1637,475.00,475.00,475.00,475.00,1,CPA2026J
20240927,1259,470.20,470.20,470.20,470.20,0,CPA2026J
20240930,1259,463.50,463.50,463.50,463.50,0,CPA2026J
20241001,1259,469.80,469.80,469.80,469.80,0,CPA2026J
20241002,1259,475.85,475.85,475.85,475.85,0,CPA2026J
20241003,1259,467.95,467.95,467.95,467.95,0,CPA2026J
20241004,1259,471.55,471.55,471.55,471.55,0,CPA2026J
20241007,1259,471.00,471.00,471.00,471.00,0,CPA2026J
20241008,1259,461.85,461.85,461.85,461.85,0,CPA2026J
20241009,1259,455.65,455.65,455.65,455.65,0,CPA2026J
20241010,1259,457.95,457.95,457.95,457.95,0,CPA2026J
20241011,1259,464.20,464.20,464.20,464.20,0,CPA2026J
20241014,1259,457.40,457.40,457.40,457.40,0,CPA2026J
20241015,1259,452.35,452.35,452.35,452.35,0,CPA2026J
20241016,1259,454.50,454.50,454.50,454.50,0,CPA2026J
20241017,1259,451.55,451.55,451.55,451.55,0,CPA2026J
20241018,1259,457.60,457.60,457.60,457.60,0,CPA2026J
20241021,1259,455.40,455.40,455.40,455.40,0,CPA2026J
20241022,1259,457.40,457.40,457.40,457.40,0,CPA2026J
20241023,1259,454.25,454.25,454.25,454.25,0,CPA2026J
20241024,1259,455.20,455.20,455.20,455.20,0,CPA2026J
20241025,1259,455.90,455.90,455.90,455.90,0,CPA2026J
20241028,1108,455.90,455.90,455.90,455.90,1,CPA2026J
20241028,1259,454.60,454.60,454.60,454.60,0,CPA2026J
20241029,1259,453.80,453.80,453.80,453.80,0,CPA2026J
20241030,1259,452.90,452.90,452.90,452.90,0,CPA2026J
20241031,1259,452.00,452.00,452.00,452.00,0,CPA2026J
20241101,1259,455.45,455.45,455.45,455.45,0,CPA2026J
20241104,1259,460.45,460.45,460.45,460.45,0,CPA2026J
20241105,1259,464.05,464.05,464.05,464.05,0,CPA2026J
20241106,1259,443.55,443.55,443.55,443.55,0,CPA2026J
20241107,1259,460.60,460.60,460.60,460.60,0,CPA2026J
20241108,1259,449.60,449.60,449.60,449.60,0,CPA2026J
20241111,1259,442.45,442.45,442.45,442.45,0,CPA2026J
20241112,1259,434.10,434.10,434.10,434.10,0,CPA2026J
20241113,1259,428.30,428.30,428.30,428.30,0,CPA2026J
20241113,1633,428.00,428.00,428.00,428.00,7,CPA2026J
20241114,1259,428.15,428.15,428.15,428.15,0,CPA2026J
20241115,1259,424.75,424.75,424.75,424.75,0,CPA2026J
20241115,1637,425.60,425.60,425.60,425.60,1,CPA2026J
20241115,1638,425.80,425.80,425.80,425.80,1,CPA2026J
20241118,1259,430.15,430.15,430.15,430.15,0,CPA2026J
20241119,1259,431.35,431.35,431.35,431.35,0,CPA2026J
20241120,1259,431.60,431.60,431.60,431.60,0,CPA2026J
20241121,1259,429.50,429.50,429.50,429.50,0,CPA2026J
20241122,1259,426.40,426.40,426.40,426.40,0,CPA2026J
20241125,1259,429.30,429.30,429.30,429.30,0,CPA2026J
20241126,1259,425.50,425.50,425.50,425.50,0,CPA2026J
20241127,1259,427.20,427.20,427.20,427.20,0,CPA2026J
20241129,1259,427.55,427.55,427.55,427.55,0,CPA2026J
20241202,1259,426.90,426.90,426.90,426.90,0,CPA2026J
20241203,1259,433.20,433.20,433.20,433.20,0,CPA2026J
20241204,1259,433.70,433.70,433.70,433.70,0,CPA2026J
20241205,1259,432.55,432.55,432.55,432.55,0,CPA2026J
20241206,1259,432.50,432.50,432.50,432.50,0,CPA2026J
20241209,1259,440.10,440.10,440.10,440.10,0,CPA2026J
20241210,1259,439.35,439.35,439.35,439.35,0,CPA2026J
20241211,1259,437.65,437.65,437.65,437.65,0,CPA2026J
20241212,1259,435.85,435.85,435.85,435.85,0,CPA2026J
20241213,1259,431.35,431.35,431.35,431.35,0,CPA2026J
20241216,1259,431.00,431.00,431.00,431.00,0,CPA2026J
20241217,1259,428.20,428.20,428.20,428.20,0,CPA2026J
20241218,1259,429.50,429.50,429.50,429.50,0,CPA2026J
20241219,1259,422.30,422.30,422.30,422.30,0,CPA2026J
20241220,1259,424.20,424.20,424.20,424.20,0,CPA2026J
20241223,1259,423.25,423.25,423.25,423.25,0,CPA2026J
20241224,1159,425.55,425.55,425.55,425.55,0,CPA2026J
20241226,1259,427.55,427.55,427.55,427.55,0,CPA2026J
20241227,1259,427.20,427.20,427.20,427.20,0,CPA2026J
20241230,1259,424.35,424.35,424.35,424.35,0,CPA2026J
20241231,1259,417.70,417.70,417.70,417.70,0,CPA2026J
20250102,1259,417.65,417.65,417.65,417.65,0,CPA2026J
20250103,1259,421.65,421.65,421.65,421.65,0,CPA2026J
20250106,1259,429.25,429.25,429.25,429.25,0,CPA2026J
20250106,1645,429.55,429.55,429.55,429.55,1,CPA2026J
20250107,1259,433.45,433.45,433.45,433.45,0,CPA2026J
20250108,1259,438.40,438.40,438.40,438.40,0,CPA2026J
20250109,1259,442.20,442.20,442.20,442.20,0,CPA2026J
20250110,1259,441.10,441.10,441.10,441.10,0,CPA2026J
20250113,1259,445.35,445.35,445.35,445.35,0,CPA2026J
20250114,1259,447.95,447.95,447.95,447.95,0,CPA2026J
20250115,1259,451.55,451.55,451.55,451.55,0,CPA2026J
20250116,1259,457.15,457.15,457.15,457.15,0,CPA2026J
20250117,1259,450.70,450.70,450.70,450.70,0,CPA2026J
20250121,1259,449.50,449.50,449.50,449.50,0,CPA2026J
20250122,1259,446.65,446.65,446.65,446.65,0,CPA2026J
20250123,1259,448.85,448.85,448.85,448.85,0,CPA2026J
20250124,1259,449.75,449.75,449.75,449.75,0,CPA2026J
20250127,0806,447.50,447.50,447.50,447.50,1,CPA2026J
20250127,1259,441.90,441.90,441.90,441.90,0,CPA2026J
20250128,1259,442.15,442.15,442.15,442.15,0,CPA2026J
20250129,1028,446.35,446.35,446.35,446.35,1,CPA2026J
20250129,1259,445.45,445.45,445.45,445.45,0,CPA2026J
20250130,1259,449.80,449.80,449.80,449.80,0,CPA2026J
20250131,1259,446.75,446.75,446.75,446.75,0,CPA2026J
20250203,1259,448.55,448.55,448.55,448.55,0,CPA2026J
20250204,1141,453.70,453.70,453.70,453.70,1,CPA2026J
20250204,1259,453.10,453.10,453.10,453.10,0,CPA2026J
20250205,1259,461.50,461.50,461.50,461.50,0,CPA2026J
20250206,1259,464.35,464.35,464.35,464.35,0,CPA2026J
20250207,1259,476.95,476.95,476.95,476.95,0,CPA2026J
20250210,1259,487.35,487.35,487.35,487.35,0,CPA2026J
20250211,1259,477.05,477.05,477.05,477.05,0,CPA2026J
20250212,1259,488.50,488.50,488.50,488.50,0,CPA2026J
20250213,1259,496.75,496.75,496.75,496.75,0,CPA2026J
20250214,1259,485.80,485.80,485.80,485.80,0,CPA2026J
20250218,1259,480.25,480.25,480.25,480.25,0,CPA2026J
20250219,1259,477.20,477.20,477.20,477.20,0,CPA2026J
20250220,1259,482.00,482.00,482.00,482.00,0,CPA2026J
20250221,1259,477.75,477.75,477.75,477.75,0,CPA2026J
20250224,1259,472.70,472.70,472.70,472.70,0,CPA2026J
20250224,1812,472.70,472.70,472.70,472.70,2,CPA2026J
20250225,1259,469.25,469.25,469.25,469.25,0,CPA2026J
20250226,1259,475.30,475.30,475.30,475.30,0,CPA2026J
20250227,1259,478.30,478.30,478.30,478.30,0,CPA2026J
20250227,1527,476.85,476.85,476.85,476.85,1,CPA2026J
20250228,1259,471.95,471.95,471.95,471.95,0,CPA2026J
20250303,1031,479.75,479.75,479.75,479.75,1,CPA2026J
20250303,1259,479.10,479.10,479.10,479.10,0,CPA2026J
20250304,1259,474.40,474.40,474.40,474.40,0,CPA2026J
20250305,1259,497.70,497.70,497.70,497.70,0,CPA2026J
20250306,1259,498.65,498.65,498.65,498.65,0,CPA2026J
20250307,1259,490.25,490.25,490.25,490.25,0,CPA2026J
20250310,1259,486.60,486.60,486.60,486.60,0,CPA2026J
20250311,1259,496.60,496.60,496.60,496.60,0,CPA2026J
20250312,1259,505.35,505.35,505.35,505.35,0,CPA2026J
20250313,1259,512.80,512.80,512.80,512.80,0,CPA2026J
20250314,1259,510.15,510.15,510.15,510.15,0,CPA2026J
20250317,1259,516.85,516.85,516.85,516.85,0,CPA2026J
20250318,1259,523.35,523.35,523.35,523.35,0,CPA2026J
20250319,1259,531.05,531.05,531.05,531.05,0,CPA2026J
20250320,1259,532.25,532.25,532.25,532.25,0,CPA2026J
20250321,1259,532.25,532.25,532.25,532.25,0,CPA2026J
20250324,1259,530.00,530.00,530.00,530.00,0,CPA2026J
20250325,1259,541.45,541.45,541.45,541.45,0,CPA2026J
20250326,1259,538.75,538.75,538.75,538.75,0,CPA2026J
20250327,1259,526.30,526.30,526.30,526.30,0,CPA2026J
20250328,1259,527.85,527.85,527.85,527.85,0,CPA2026J
20250331,1259,519.35,519.35,519.35,519.35,0,CPA2026J
20250331,1801,522.15,522.15,522.15,522.15,1,CPA2026J
20250401,1259,520.55,520.55,520.55,520.55,0,CPA2026J
20250402,1259,520.90,520.90,520.90,520.90,0,CPA2026J
20250403,1259,500.60,500.60,500.60,500.60,0,CPA2026J
20250404,1259,458.65,458.65,458.65,458.65,0,CPA2026J
20250407,0842,437.60,437.60,437.60,437.60,1,CPA2026J
20250407,1259,438.75,438.75,438.75,438.75,0,CPA2026J
20250408,1259,435.15,435.15,435.15,435.15,0,CPA2026J
20250408,1442,434.15,434.15,434.15,434.15,1,CPA2026J
20250409,1259,440.05,440.05,440.05,440.05,0,CPA2026J
20250409,1557,463.00,463.00,463.00,463.00,1,CPA2026J
20250409,1902,463.75,463.75,463.75,463.75,1,CPA2026J
20250410,1259,454.15,454.15,454.15,454.15,0,CPA2026J
20250411,1259,472.70,472.70,472.70,472.70,0,CPA2026J
20250411,1659,476.95,476.95,476.95,476.95,2,CPA2026J
20250413,2257,473.25,473.25,473.25,473.25,1,CPA2026J
20250414,1259,484.20,484.20,484.20,484.20,0,CPA2026J
20250415,1259,483.95,483.95,483.95,483.95,0,CPA2026J
20250416,1259,489.65,489.65,489.65,489.65,0,CPA2026J
20250417,0234,478.85,478.85,478.85,478.85,1,CPA2026J
20250417,1259,494.55,494.55,494.55,494.55,0,CPA2026J
20250421,1259,493.80,493.80,493.80,493.80,0,CPA2026J
20250422,1259,508.10,508.10,508.10,508.10,0,CPA2026J
20250423,1259,505.20,505.20,505.20,505.20,0,CPA2026J
20250424,1259,507.20,507.20,507.20,507.20,0,CPA2026J
20250424,1934,510.50,510.50,510.50,510.50,3,CPA2026J
20250425,1154,505.85,505.85,505.85,505.85,1,CPA2026J
20250425,1259,505.50,505.50,505.50,505.50,0,CPA2026J
20250428,1259,504.35,504.35,504.35,504.35,0,CPA2026J
20250429,1259,502.90,502.90,502.90,502.90,0,CPA2026J
20250430,0330,486.35,486.35,486.35,486.35,1,CPA2026J
20250430,1259,477.20,477.20,477.20,477.20,0,CPA2026J
20250501,1259,479.70,479.70,479.70,479.70,0,CPA2026J
20250501,2204,484.10,484.10,484.10,484.10,1,CPA2026J
20250502,1259,484.70,484.70,484.70,484.70,0,CPA2026J
20250505,1259,487.60,487.60,487.60,487.60,0,CPA2026J
20250506,1259,495.55,495.55,495.55,495.55,0,CPA2026J
20250507,1259,484.75,484.75,484.75,484.75,0,CPA2026J
20250508,1259,479.15,479.15,479.15,479.15,0,CPA2026J
20250509,0401,478.05,478.05,478.05,478.05,1,CPA2026J
20250509,1259,483.95,483.95,483.95,483.95,0,CPA2026J
20250509,1647,484.75,484.75,484.75,484.75,3,CPA2026J
20250512,1259,480.95,480.95,480.95,480.95,0,CPA2026J
20250513,1259,491.10,491.10,491.10,491.10,0,CPA2026J
20250514,1259,484.25,484.25,484.25,484.25,0,CPA2026J
20250515,0935,482.90,482.90,482.90,482.90,1,CPA2026J
20250515,1134,484.40,484.40,484.40,484.40,1,CPA2026J
20250515,1259,486.95,486.95,486.95,486.95,0,CPA2026J
20250516,1259,478.40,478.40,478.40,478.40,0,CPA2026J
20250519,1259,486.50,486.50,486.50,486.50,0,CPA2026J
20250519,1558,485.55,485.55,485.55,485.55,2,CPA2026J
20250520,1259,484.85,484.85,484.85,484.85,0,CPA2026J
20250521,1010,487.00,487.00,487.00,487.00,1,CPA2026J
20250521,1011,487.40,487.40,487.40,487.40,9,CPA2026J
20250521,1012,487.40,487.40,487.40,487.40,13,CPA2026J
20250521,1015,487.80,487.80,487.80,487.80,1,CPA2026J
20250521,1259,486.30,486.30,486.30,486.30,0,CPA2026J
20250522,0103,491.85,491.85,491.85,491.85,1,CPA2026J
20250522,1259,486.90,486.90,486.90,486.90,0,CPA2026J
20250522,1441,488.50,488.50,488.50,488.50,1,CPA2026J
20250523,1106,496.35,496.35,496.35,496.35,4,CPA2026J
20250523,1107,496.85,496.85,496.85,496.85,2,CPA2026J
20250523,1259,502.60,502.60,502.60,502.60,0,CPA2026J
20250526,2117,500.35,500.35,500.35,500.35,2,CPA2026J
20250527,1259,493.55,493.55,493.55,493.55,0,CPA2026J
20250527,1334,493.40,493.40,493.40,493.40,3,CPA2026J
20250528,1259,487.80,487.80,487.80,487.80,0,CPA2026J
20250528,1941,486.05,486.05,486.05,486.05,1,CPA2026J
20250529,1259,488.35,488.35,488.35,488.35,0,CPA2026J
20250529,1525,488.35,488.35,488.35,488.35,3,CPA2026J
20250529,2054,486.10,486.10,486.10,486.10,1,CPA2026J
20250530,1259,488.10,488.10,488.10,488.10,0,CPA2026J
20250602,1259,505.35,505.35,505.35,505.35,0,CPA2026J
20250603,1259,503.10,503.10,503.10,503.10,0,CPA2026J
20250604,1259,508.00,508.00,508.00,508.00,0,CPA2026J
20250605,1116,515.95,515.95,515.95,515.95,2,CPA2026J
20250605,1259,512.30,512.30,512.30,512.30,0,CPA2026J
20250606,0328,509.40,509.40,509.40,509.40,1,CPA2026J
20250606,1259,504.75,504.75,504.75,504.75,0,CPA2026J
20250609,1259,512.45,512.45,512.45,512.45,0,CPA2026J
20250610,1210,510.30,510.30,510.30,510.30,2,CPA2026J
20250610,1259,509.20,509.20,509.20,509.20,0,CPA2026J
20250610,1801,506.35,506.35,506.35,506.35,2,CPA2026J
20250611,1259,500.55,500.55,500.55,500.55,0,CPA2026J
20250612,1259,502.55,502.55,502.55,502.55,0,CPA2026J
20250613,1259,500.60,500.60,500.60,500.60,0,CPA2026J
20250616,1259,503.35,503.35,503.35,503.35,0,CPA2026J
20250617,1259,500.20,500.20,500.20,500.20,0,CPA2026J
20250618,1259,504.40,504.40,504.40,504.40,0,CPA2026J
20250618,1815,505.10,505.10,505.10,505.10,1,CPA2026J
20250620,1259,502.10,502.10,502.10,502.10,0,CPA2026J
20250623,1259,503.95,503.95,503.95,503.95,0,CPA2026J
20250624,1143,505.95,505.95,505.95,505.95,2,CPA2026J
20250624,1259,506.55,506.55,506.55,506.55,0,CPA2026J
20250625,1259,511.30,511.30,511.30,511.30,0,CPA2026J
20250626,1259,526.10,526.10,526.10,526.10,0,CPA2026J
20250626,1300,525.65,525.65,525.65,525.65,1,CPA2026J
20250627,1145,526.15,526.20,526.15,526.20,6,CPA2026J
20250627,1259,526.30,526.30,526.30,526.30,0,CPA2026J
20250630,1259,521.80,521.80,521.80,521.80,0,CPA2026J
20250701,1239,522.85,522.85,522.85,522.85,1,CPA2026J
20250701,1259,523.75,523.75,523.75,523.75,0,CPA2026J
20250702,1259,533.90,533.90,533.90,533.90,0,CPA2026J
20250703,1259,528.55,528.55,528.55,528.55,0,CPA2026J
20250707,1259,517.10,517.10,517.10,517.10,0,CPA2026J
20250708,1259,583.00,583.00,583.00,583.00,0,CPA2026J
20250709,1259,559.35,559.35,559.35,559.35,0,CPA2026J
20250710,1259,570.70,570.70,570.70,570.70,0,CPA2026J
20250711,1259,572.70,572.70,572.70,572.70,0,CPA2026J
20250714,1003,562.30,562.30,562.30,562.30,1,CPA2026J
20250714,1259,567.60,567.60,567.60,567.60,0,CPA2026J
20250714,1335,567.25,567.25,567.25,567.25,1,CPA2026J
20250715,1259,570.10,570.10,570.10,570.10,0,CPA2026J
20250716,1053,560.35,560.35,560.35,560.35,1,CPA2026J
20250716,1259,564.75,564.75,564.75,564.75,0,CPA2026J
20250717,1259,563.30,563.30,563.30,563.30,0,CPA2026J
20250718,1259,572.40,572.40,572.40,572.40,0,CPA2026J
20250718,1634,571.20,571.20,571.20,571.20,2,CPA2026J
20250721,1259,575.45,575.45,575.45,575.45,0,CPA2026J
20250722,1259,583.90,583.90,583.90,583.90,0,CPA2026J
20250723,1056,598.70,598.75,598.70,598.75,2,CPA2026J
20250723,1259,593.15,593.15,593.15,593.15,0,CPA2026J
20250724,1259,592.45,592.45,592.45,592.45,0,CPA2026J
20250725,1259,590.55,590.55,590.55,590.55,0,CPA2026J
20250728,0803,592.25,592.25,592.25,592.25,1,CPA2026J
20250728,1259,573.50,573.50,573.50,573.50,0,CPA2026J
20250729,1259,574.95,574.95,574.95,574.95,0,CPA2026J
20250730,0919,573.80,573.80,573.80,573.80,1,CPA2026J
20250730,1259,570.60,570.60,570.60,570.60,0,CPA2026J
20250730,1400,592.80,592.80,592.80,592.80,1,CPA2026J
20250730,1524,469.80,470.45,469.80,470.45,2,CPA2026J
20250731,1149,451.30,451.30,451.30,451.30,4,CPA2026J
20250731,1259,450.10,450.10,450.10,450.10,0,CPA2026J
20250731,1502,456.80,456.80,456.80,456.80,2,CPA2026J
20250801,1259,456.90,456.90,456.90,456.90,0,CPA2026J
20250801,1655,458.20,458.20,458.20,458.20,1,CPA2026J
20250804,1259,456.60,456.60,456.60,456.60,0,CPA2026J
20250805,1259,451.50,451.50,451.50,451.50,0,CPA2026J
20250805,1814,451.80,451.80,451.80,451.80,1,CPA2026J
20250806,0428,454.65,454.65,454.65,454.65,4,CPA2026J
20250806,1259,454.50,454.50,454.50,454.50,0,CPA2026J
20250806,1813,455.35,455.45,455.35,455.45,7,CPA2026J
20250807,0739,455.25,455.25,455.25,455.25,3,CPA2026J
20250807,1257,452.90,452.90,452.90,452.90,1,CPA2026J
20250807,1259,453.30,453.30,453.30,453.30,0,CPA2026J
