Date,Time,Open,High,Low,Close,TradeVolume,Contract
20240522,1259,475.45,475.45,475.45,475.45,0,CPA2028U
20240523,1259,473.40,473.40,473.40,473.40,0,CPA2028U
20240524,1259,471.75,471.75,471.75,471.75,0,CPA2028U
20240528,1259,482.45,482.45,482.45,482.45,0,CPA2028U
20240529,1259,478.90,478.90,478.90,478.90,0,CPA2028U
20240530,1259,465.70,465.70,465.70,465.70,0,CPA2028U
20240531,1259,463.40,463.40,463.40,463.40,0,CPA2028U
20240603,1259,468.20,468.20,468.20,468.20,0,CPA2028U
20240604,1259,455.60,455.60,455.60,455.60,0,CPA2028U
20240605,1259,457.80,457.80,457.80,457.80,0,CPA2028U
20240606,1259,465.95,465.95,465.95,465.95,0,CPA2028U
20240607,1259,451.20,451.20,451.20,451.20,0,CPA2028U
20240610,1259,456.95,456.95,456.95,456.95,0,CPA2028U
20240611,1259,451.00,451.00,451.00,451.00,0,CPA2028U
20240612,1259,457.30,457.30,457.30,457.30,0,CPA2028U
20240613,1259,450.75,450.75,450.75,450.75,0,CPA2028U
20240620,1259,455.40,455.40,455.40,455.40,0,CPA2028U
20240621,1259,447.60,447.60,447.60,447.60,0,CPA2028U
20240624,1259,446.55,446.55,446.55,446.55,0,CPA2028U
20240625,1259,443.05,443.05,443.05,443.05,0,CPA2028U
20240626,1259,443.20,443.20,443.20,443.20,0,CPA2028U
20240627,1259,442.20,442.20,442.20,442.20,0,CPA2028U
20240628,1259,446.05,446.05,446.05,446.05,0,CPA2028U
20240701,1259,448.55,448.55,448.55,448.55,0,CPA2028U
20240702,1259,447.90,447.90,447.90,447.90,0,CPA2028U
20240703,1259,457.80,457.80,457.80,457.80,0,CPA2028U
20240705,1259,464.55,464.55,464.55,464.55,0,CPA2028U
20240708,1259,463.30,463.30,463.30,463.30,0,CPA2028U
20240709,1259,460.00,460.00,460.00,460.00,0,CPA2028U
20240710,1259,460.85,460.85,460.85,460.85,0,CPA2028U
20240711,1259,457.75,457.75,457.75,457.75,0,CPA2028U
20240712,1259,463.50,463.50,463.50,463.50,0,CPA2028U
20240715,1259,459.70,459.70,459.70,459.70,0,CPA2028U
20240716,1259,453.55,453.55,453.55,453.55,0,CPA2028U
20240717,1259,451.55,451.55,451.55,451.55,0,CPA2028U
20240718,1259,440.65,440.65,440.65,440.65,0,CPA2028U
20240719,1259,438.55,438.55,438.55,438.55,0,CPA2028U
20240722,1259,435.05,435.05,435.05,435.05,0,CPA2028U
20240723,1259,430.60,430.60,430.60,430.60,0,CPA2028U
20240724,1259,427.35,427.35,427.35,427.35,0,CPA2028U
20240725,1259,428.85,428.85,428.85,428.85,0,CPA2028U
20240726,1259,430.15,430.15,430.15,430.15,0,CPA2028U
20240729,1259,426.60,426.60,426.60,426.60,0,CPA2028U
20240730,1259,426.95,426.95,426.95,426.95,0,CPA2028U
20240731,1259,435.55,435.55,435.55,435.55,0,CPA2028U
20240801,1259,427.65,427.65,427.65,427.65,0,CPA2028U
20240802,1259,429.50,429.50,429.50,429.50,0,CPA2028U
20240805,1259,418.75,418.75,418.75,418.75,0,CPA2028U
20240806,1259,421.25,421.25,421.25,421.25,0,CPA2028U
20240807,1259,416.35,416.35,416.35,416.35,0,CPA2028U
20240808,1259,416.30,416.30,416.30,416.30,0,CPA2028U
20240809,1259,419.00,419.00,419.00,419.00,0,CPA2028U
20240812,1259,426.00,426.00,426.00,426.00,0,CPA2028U
20240813,1259,424.05,424.05,424.05,424.05,0,CPA2028U
20240814,1259,422.85,422.85,422.85,422.85,0,CPA2028U
20240815,1259,431.05,431.05,431.05,431.05,0,CPA2028U
20240816,1259,432.85,432.85,432.85,432.85,0,CPA2028U
20240819,1259,436.35,436.35,436.35,436.35,0,CPA2028U
20240820,1259,434.35,434.35,434.35,434.35,0,CPA2028U
20240821,1259,435.85,435.85,435.85,435.85,0,CPA2028U
20240822,1259,432.85,432.85,432.85,432.85,0,CPA2028U
20240823,1259,438.10,438.10,438.10,438.10,0,CPA2028U
20240826,1259,442.25,442.25,442.25,442.25,0,CPA2028U
20240827,1259,444.80,444.80,444.80,444.80,0,CPA2028U
20240828,1259,437.50,437.50,437.50,437.50,0,CPA2028U
20240829,1259,438.45,438.45,438.45,438.45,0,CPA2028U
20240830,1259,437.20,437.20,437.20,437.20,0,CPA2028U
20240903,1259,424.60,424.60,424.60,424.60,0,CPA2028U
20240904,1259,423.65,423.65,423.65,423.65,0,CPA2028U
20240905,1259,429.75,429.75,429.75,429.75,0,CPA2028U
20240906,1259,424.70,424.70,424.70,424.70,0,CPA2028U
20240909,1259,431.60,431.60,431.60,431.60,0,CPA2028U
20240910,1259,426.55,426.55,426.55,426.55,0,CPA2028U
20240911,1259,430.50,430.50,430.50,430.50,0,CPA2028U
20240912,1259,435.30,435.30,435.30,435.30,0,CPA2028U
20240913,1259,438.35,438.35,438.35,438.35,0,CPA2028U
20240916,1259,442.55,442.55,442.55,442.55,0,CPA2028U
20240917,1259,443.20,443.20,443.20,443.20,0,CPA2028U
20240918,1259,444.70,444.70,444.70,444.70,0,CPA2028U
20240919,1259,449.20,449.20,449.20,449.20,0,CPA2028U
20240920,1259,449.20,449.20,449.20,449.20,0,CPA2028U
20240923,1259,449.90,449.90,449.90,449.90,0,CPA2028U
20240924,1259,462.55,462.55,462.55,462.55,0,CPA2028U
20240925,1259,462.20,462.20,462.20,462.20,0,CPA2028U
20240926,1259,462.05,462.05,462.05,462.05,0,CPA2028U
20240927,1259,460.30,460.30,460.30,460.30,0,CPA2028U
20240930,1259,453.60,453.60,453.60,453.60,0,CPA2028U
20241001,1259,459.90,459.90,459.90,459.90,0,CPA2028U
20241002,1259,465.95,465.95,465.95,465.95,0,CPA2028U
20241003,1259,458.05,458.05,458.05,458.05,0,CPA2028U
20241004,1259,462.00,462.00,462.00,462.00,0,CPA2028U
20241007,1259,461.95,461.95,461.95,461.95,0,CPA2028U
20241008,1259,452.90,452.90,452.90,452.90,0,CPA2028U
20241009,1259,446.70,446.70,446.70,446.70,0,CPA2028U
20241010,1259,449.00,449.00,449.00,449.00,0,CPA2028U
20241011,1259,454.95,454.95,454.95,454.95,0,CPA2028U
20241014,1259,449.05,449.05,449.05,449.05,0,CPA2028U
20241015,1259,448.90,448.90,448.90,448.90,0,CPA2028U
20241016,1259,451.05,451.05,451.05,451.05,0,CPA2028U
20241017,1259,448.95,448.95,448.95,448.95,0,CPA2028U
20241018,1259,455.00,455.00,455.00,455.00,0,CPA2028U
20241021,1259,452.80,452.80,452.80,452.80,0,CPA2028U
20241022,1259,454.80,454.80,454.80,454.80,0,CPA2028U
20241023,1259,451.65,451.65,451.65,451.65,0,CPA2028U
20241024,1259,452.60,452.60,452.60,452.60,0,CPA2028U
20241025,1259,453.30,453.30,453.30,453.30,0,CPA2028U
20241028,1259,450.95,450.95,450.95,450.95,0,CPA2028U
20241029,1259,450.15,450.15,450.15,450.15,0,CPA2028U
20241030,1259,449.05,449.05,449.05,449.05,0,CPA2028U
20241031,1259,448.80,448.80,448.80,448.80,0,CPA2028U
20241101,1259,452.20,452.20,452.20,452.20,0,CPA2028U
20241104,1259,457.20,457.20,457.20,457.20,0,CPA2028U
20241105,1259,461.60,461.60,461.60,461.60,0,CPA2028U
20241106,1259,441.10,441.10,441.10,441.10,0,CPA2028U
20241107,1259,458.00,458.00,458.00,458.00,0,CPA2028U
20241108,1259,447.00,447.00,447.00,447.00,0,CPA2028U
20241111,1259,440.00,440.00,440.00,440.00,0,CPA2028U
20241112,1259,435.30,435.30,435.30,435.30,0,CPA2028U
20241113,1259,431.55,431.55,431.55,431.55,0,CPA2028U
20241114,1259,431.40,431.40,431.40,431.40,0,CPA2028U
20241115,1259,427.90,427.90,427.90,427.90,0,CPA2028U
20241118,1259,433.30,433.30,433.30,433.30,0,CPA2028U
20241119,1259,434.60,434.60,434.60,434.60,0,CPA2028U
20241120,1259,434.80,434.80,434.80,434.80,0,CPA2028U
20241121,1259,432.70,432.70,432.70,432.70,0,CPA2028U
20241122,1259,429.60,429.60,429.60,429.60,0,CPA2028U
20241125,1259,432.50,432.50,432.50,432.50,0,CPA2028U
20241126,1259,429.00,429.00,429.00,429.00,0,CPA2028U
20241127,1259,430.85,430.85,430.85,430.85,0,CPA2028U
20241129,1259,431.00,431.00,431.00,431.00,0,CPA2028U
20241202,1259,430.70,430.70,430.70,430.70,0,CPA2028U
20241203,1259,442.15,442.15,442.15,442.15,0,CPA2028U
20241204,1259,441.90,441.90,441.90,441.90,0,CPA2028U
20241205,1259,448.20,448.20,448.20,448.20,0,CPA2028U
20241206,1259,447.90,447.90,447.90,447.90,0,CPA2028U
20241209,1259,455.45,455.45,455.45,455.45,0,CPA2028U
20241210,1259,454.70,454.70,454.70,454.70,0,CPA2028U
20241211,1259,452.95,452.95,452.95,452.95,0,CPA2028U
20241212,1259,451.25,451.25,451.25,451.25,0,CPA2028U
20241213,1259,446.75,446.75,446.75,446.75,0,CPA2028U
20241216,1259,446.50,446.50,446.50,446.50,0,CPA2028U
20241217,1259,443.75,443.75,443.75,443.75,0,CPA2028U
20241218,1259,445.00,445.00,445.00,445.00,0,CPA2028U
20241219,1259,437.60,437.60,437.60,437.60,0,CPA2028U
20241220,1259,439.35,439.35,439.35,439.35,0,CPA2028U
20241223,1259,438.05,438.05,438.05,438.05,0,CPA2028U
20241224,1159,439.85,439.85,439.85,439.85,0,CPA2028U
20241226,1259,441.85,441.85,441.85,441.85,0,CPA2028U
20241227,1259,440.75,440.75,440.75,440.75,0,CPA2028U
20241230,1259,436.75,436.75,436.75,436.75,0,CPA2028U
20241231,1259,429.30,429.30,429.30,429.30,0,CPA2028U
20250102,1259,429.55,429.55,429.55,429.55,0,CPA2028U
20250103,1259,433.55,433.55,433.55,433.55,0,CPA2028U
20250106,1259,441.15,441.15,441.15,441.15,0,CPA2028U
20250107,1259,445.45,445.45,445.45,445.45,0,CPA2028U
20250108,1259,449.95,449.95,449.95,449.95,0,CPA2028U
20250109,1259,453.60,453.60,453.60,453.60,0,CPA2028U
20250110,1259,451.60,451.60,451.60,451.60,0,CPA2028U
20250113,1259,456.25,456.25,456.25,456.25,0,CPA2028U
20250114,1259,458.75,458.75,458.75,458.75,0,CPA2028U
20250115,1259,462.40,462.40,462.40,462.40,0,CPA2028U
20250116,1259,468.00,468.00,468.00,468.00,0,CPA2028U
20250117,1259,461.30,461.30,461.30,461.30,0,CPA2028U
20250121,1259,460.15,460.15,460.15,460.15,0,CPA2028U
20250122,1259,457.35,457.35,457.35,457.35,0,CPA2028U
20250123,1259,459.55,459.55,459.55,459.55,0,CPA2028U
20250124,1259,460.70,460.70,460.70,460.70,0,CPA2028U
20250127,1259,453.20,453.20,453.20,453.20,0,CPA2028U
20250128,1259,453.55,453.55,453.55,453.55,0,CPA2028U
20250129,1259,456.80,456.80,456.80,456.80,0,CPA2028U
20250130,1259,461.25,461.25,461.25,461.25,0,CPA2028U
20250131,1259,458.30,458.30,458.30,458.30,0,CPA2028U
20250203,1259,460.20,460.20,460.20,460.20,0,CPA2028U
20250204,1259,464.75,464.75,464.75,464.75,0,CPA2028U
20250205,1259,473.00,473.00,473.00,473.00,0,CPA2028U
20250206,1259,475.80,475.80,475.80,475.80,0,CPA2028U
20250207,1259,488.35,488.35,488.35,488.35,0,CPA2028U
20250210,1259,498.75,498.75,498.75,498.75,0,CPA2028U
20250211,1259,488.70,488.70,488.70,488.70,0,CPA2028U
20250212,1259,499.70,499.70,499.70,499.70,0,CPA2028U
20250213,1259,507.30,507.30,507.30,507.30,0,CPA2028U
20250214,1259,496.30,496.30,496.30,496.30,0,CPA2028U
20250218,1259,491.10,491.10,491.10,491.10,0,CPA2028U
20250219,1259,488.00,488.00,488.00,488.00,0,CPA2028U
20250220,1259,492.80,492.80,492.80,492.80,0,CPA2028U
20250221,1259,488.60,488.60,488.60,488.60,0,CPA2028U
20250224,1259,483.60,483.60,483.60,483.60,0,CPA2028U
20250225,1259,480.15,480.15,480.15,480.15,0,CPA2028U
20250226,1259,486.20,486.20,486.20,486.20,0,CPA2028U
20250227,1259,489.30,489.30,489.30,489.30,0,CPA2028U
20250228,1259,482.85,482.85,482.85,482.85,0,CPA2028U
20250303,1259,490.35,490.35,490.35,490.35,0,CPA2028U
20250304,1259,485.90,485.90,485.90,485.90,0,CPA2028U
20250305,1259,509.85,509.85,509.85,509.85,0,CPA2028U
20250306,1259,511.30,511.30,511.30,511.30,0,CPA2028U
20250307,1259,503.20,503.20,503.20,503.20,0,CPA2028U
20250310,1259,500.30,500.30,500.30,500.30,0,CPA2028U
20250311,1259,510.65,510.65,510.65,510.65,0,CPA2028U
20250312,1259,519.55,519.55,519.55,519.55,0,CPA2028U
20250313,1259,527.60,527.60,527.60,527.60,0,CPA2028U
20250314,1259,524.90,524.90,524.90,524.90,0,CPA2028U
20250317,1259,531.60,531.60,531.60,531.60,0,CPA2028U
20250318,1259,538.15,538.15,538.15,538.15,0,CPA2028U
20250319,1259,545.60,545.60,545.60,545.60,0,CPA2028U
20250320,1259,547.20,547.20,547.20,547.20,0,CPA2028U
20250321,1259,547.80,547.80,547.80,547.80,0,CPA2028U
20250324,1259,545.45,545.45,545.45,545.45,0,CPA2028U
20250325,1259,556.55,556.55,556.55,556.55,0,CPA2028U
20250326,1259,550.55,550.55,550.55,550.55,0,CPA2028U
20250327,1259,538.30,538.30,538.30,538.30,0,CPA2028U
20250328,1259,544.65,544.65,544.65,544.65,0,CPA2028U
20250331,1259,536.85,536.85,536.85,536.85,0,CPA2028U
20250401,1259,537.95,537.95,537.95,537.95,0,CPA2028U
20250402,1259,538.35,538.35,538.35,538.35,0,CPA2028U
20250403,1259,519.00,519.00,519.00,519.00,0,CPA2028U
20250404,1259,480.15,480.15,480.15,480.15,0,CPA2028U
20250407,1259,460.45,460.45,460.45,460.45,0,CPA2028U
20250408,1259,457.15,457.15,457.15,457.15,0,CPA2028U
20250409,1259,461.85,461.85,461.85,461.85,0,CPA2028U
20250410,1259,475.55,475.55,475.55,475.55,0,CPA2028U
20250411,1259,494.10,494.10,494.10,494.10,0,CPA2028U
20250414,1259,505.90,505.90,505.90,505.90,0,CPA2028U
20250415,1259,505.45,505.45,505.45,505.45,0,CPA2028U
20250416,1259,511.05,511.05,511.05,511.05,0,CPA2028U
20250417,1259,515.75,515.75,515.75,515.75,0,CPA2028U
20250421,1259,514.85,514.85,514.85,514.85,0,CPA2028U
20250422,1259,528.70,528.70,528.70,528.70,0,CPA2028U
20250423,1259,526.00,526.00,526.00,526.00,0,CPA2028U
20250424,1259,527.80,527.80,527.80,527.80,0,CPA2028U
20250425,1259,526.25,526.25,526.25,526.25,0,CPA2028U
20250428,1259,524.85,524.85,524.85,524.85,0,CPA2028U
20250429,1259,523.80,523.80,523.80,523.80,0,CPA2028U
20250430,1259,503.75,503.75,503.75,503.75,0,CPA2028U
20250501,1259,506.25,506.25,506.25,506.25,0,CPA2028U
20250502,1259,512.55,512.55,512.55,512.55,0,CPA2028U
20250505,1259,516.35,516.35,516.35,516.35,0,CPA2028U
20250506,1259,524.30,524.30,524.30,524.30,0,CPA2028U
20250507,1259,513.95,513.95,513.95,513.95,0,CPA2028U
20250508,1259,508.25,508.25,508.25,508.25,0,CPA2028U
20250509,1259,513.25,513.25,513.25,513.25,0,CPA2028U
20250512,1259,510.50,510.50,510.50,510.50,0,CPA2028U
20250513,1259,520.40,520.40,520.40,520.40,0,CPA2028U
20250514,1259,513.70,513.70,513.70,513.70,0,CPA2028U
20250515,1259,515.90,515.90,515.90,515.90,0,CPA2028U
20250516,1259,507.20,507.20,507.20,507.20,0,CPA2028U
20250519,1259,514.80,514.80,514.80,514.80,0,CPA2028U
20250520,1259,513.20,513.20,513.20,513.20,0,CPA2028U
20250521,1259,514.05,514.05,514.05,514.05,0,CPA2028U
20250522,1259,514.55,514.55,514.55,514.55,0,CPA2028U
20250523,1259,530.45,530.45,530.45,530.45,0,CPA2028U
20250527,1259,521.75,521.75,521.75,521.75,0,CPA2028U
20250528,1259,516.70,516.70,516.70,516.70,0,CPA2028U
20250529,1259,517.25,517.25,517.25,517.25,0,CPA2028U
20250530,1259,516.65,516.65,516.65,516.65,0,CPA2028U
20250602,1259,534.40,534.40,534.40,534.40,0,CPA2028U
20250603,1259,532.55,532.55,532.55,532.55,0,CPA2028U
20250604,1259,537.05,537.05,537.05,537.05,0,CPA2028U
20250605,1259,541.55,541.55,541.55,541.55,0,CPA2028U
20250606,1259,534.05,534.05,534.05,534.05,0,CPA2028U
20250609,1259,541.25,541.25,541.25,541.25,0,CPA2028U
20250610,1259,537.95,537.95,537.95,537.95,0,CPA2028U
20250611,1259,530.30,530.30,530.30,530.30,0,CPA2028U
20250612,1259,532.35,532.35,532.35,532.35,0,CPA2028U
20250613,1259,530.70,530.70,530.70,530.70,0,CPA2028U
20250616,1259,533.50,533.50,533.50,533.50,0,CPA2028U
20250617,1259,530.30,530.30,530.30,530.30,0,CPA2028U
20250618,1259,534.25,534.25,534.25,534.25,0,CPA2028U
20250620,1259,531.90,531.90,531.90,531.90,0,CPA2028U
20250623,1259,533.25,533.25,533.25,533.25,0,CPA2028U
20250624,1259,536.25,536.25,536.25,536.25,0,CPA2028U
20250625,1259,541.15,541.15,541.15,541.15,0,CPA2028U
20250626,1259,555.70,555.70,555.70,555.70,0,CPA2028U
20250627,1259,556.35,556.35,556.35,556.35,0,CPA2028U
20250630,1259,553.35,553.35,553.35,553.35,0,CPA2028U
20250701,1259,555.55,555.55,555.55,555.55,0,CPA2028U
20250702,1259,564.95,564.95,564.95,564.95,0,CPA2028U
20250703,1259,559.65,559.65,559.65,559.65,0,CPA2028U
20250707,1259,548.10,548.10,548.10,548.10,0,CPA2028U
20250708,1259,614.00,614.00,614.00,614.00,0,CPA2028U
20250709,1259,585.55,585.55,585.55,585.55,0,CPA2028U
20250710,1259,597.30,597.30,597.30,597.30,0,CPA2028U
20250711,1259,599.00,599.00,599.00,599.00,0,CPA2028U
20250714,1259,593.95,593.95,593.95,593.95,0,CPA2028U
20250715,1259,596.50,596.50,596.50,596.50,0,CPA2028U
20250716,1259,592.55,592.55,592.55,592.55,0,CPA2028U
20250717,1259,591.40,591.40,591.40,591.40,0,CPA2028U
20250718,1259,600.45,600.45,600.45,600.45,0,CPA2028U
20250721,1259,603.35,603.35,603.35,603.35,0,CPA2028U
20250722,1259,611.35,611.35,611.35,611.35,0,CPA2028U
20250723,1259,620.35,620.35,620.35,620.35,0,CPA2028U
20250724,1259,620.10,620.10,620.10,620.10,0,CPA2028U
20250725,1259,618.15,618.15,618.15,618.15,0,CPA2028U
20250728,1259,613.05,613.05,613.05,613.05,0,CPA2028U
20250729,1259,601.50,601.50,601.50,601.50,0,CPA2028U
20250730,1259,597.80,597.80,597.80,597.80,0,CPA2028U
20250731,1259,482.25,482.25,482.25,482.25,0,CPA2028U
20250801,1259,489.40,489.40,489.40,489.40,0,CPA2028U
20250804,1259,489.10,489.10,489.10,489.10,0,CPA2028U
20250805,1259,484.70,484.70,484.70,484.70,0,CPA2028U
20250806,1259,488.15,488.15,488.15,488.15,0,CPA2028U
20250807,1259,487.95,487.95,487.95,487.95,0,CPA2028U
