Date,Time,Open,High,Low,Close,TradeVolume,Contract
20240829,1259,439.25,439.25,439.25,439.25,0,CPA2026Q
20240830,1259,438.00,438.00,438.00,438.00,0,CPA2026Q
20240903,1259,425.30,425.30,425.30,425.30,0,CPA2026Q
20240904,1259,424.35,424.35,424.35,424.35,0,CPA2026Q
20240905,1259,430.45,430.45,430.45,430.45,0,CPA2026Q
20240906,1259,425.40,425.40,425.40,425.40,0,CPA2026Q
20240909,1259,432.05,432.05,432.05,432.05,0,CPA2026Q
20240910,1259,427.00,427.00,427.00,427.00,0,CPA2026Q
20240911,1259,430.95,430.95,430.95,430.95,0,CPA2026Q
20240912,1259,435.75,435.75,435.75,435.75,0,CPA2026Q
20240913,1259,438.80,438.80,438.80,438.80,0,CPA2026Q
20240916,1259,443.00,443.00,443.00,443.00,0,CPA2026Q
20240917,1259,443.65,443.65,443.65,443.65,0,CPA2026Q
20240918,1259,445.15,445.15,445.15,445.15,0,CPA2026Q
20240919,1259,449.65,449.65,449.65,449.65,0,CPA2026Q
20240920,1259,449.65,449.65,449.65,449.65,0,CPA2026Q
20240923,1259,450.35,450.35,450.35,450.35,0,CPA2026Q
20240924,1259,463.00,463.00,463.00,463.00,0,CPA2026Q
20240925,1259,463.70,463.70,463.70,463.70,0,CPA2026Q
20240926,1259,468.75,468.75,468.75,468.75,0,CPA2026Q
20240927,1259,466.90,466.90,466.90,466.90,0,CPA2026Q
20240930,1259,460.20,460.20,460.20,460.20,0,CPA2026Q
20241001,1259,466.50,466.50,466.50,466.50,0,CPA2026Q
20241002,1259,472.55,472.55,472.55,472.55,0,CPA2026Q
20241003,1259,464.65,464.65,464.65,464.65,0,CPA2026Q
20241004,1259,469.90,469.90,469.90,469.90,0,CPA2026Q
20241007,1259,470.30,470.30,470.30,470.30,0,CPA2026Q
20241008,1259,462.75,462.75,462.75,462.75,0,CPA2026Q
20241009,1259,456.55,456.55,456.55,456.55,0,CPA2026Q
20241010,1259,458.85,458.85,458.85,458.85,0,CPA2026Q
20241011,1259,464.80,464.80,464.80,464.80,0,CPA2026Q
20241014,1259,458.50,458.50,458.50,458.50,0,CPA2026Q
20241015,1259,456.25,456.25,456.25,456.25,0,CPA2026Q
20241016,1259,458.40,458.40,458.40,458.40,0,CPA2026Q
20241017,1259,455.95,455.95,455.95,455.95,0,CPA2026Q
20241018,1259,462.00,462.00,462.00,462.00,0,CPA2026Q
20241021,1259,459.80,459.80,459.80,459.80,0,CPA2026Q
20241022,1259,461.80,461.80,461.80,461.80,0,CPA2026Q
20241023,1259,458.65,458.65,458.65,458.65,0,CPA2026Q
20241024,1259,459.60,459.60,459.60,459.60,0,CPA2026Q
20241025,1259,460.30,460.30,460.30,460.30,0,CPA2026Q
20241028,1259,458.45,458.45,458.45,458.45,0,CPA2026Q
20241029,1259,457.65,457.65,457.65,457.65,0,CPA2026Q
20241030,1259,455.65,455.65,455.65,455.65,0,CPA2026Q
20241031,1259,454.85,454.85,454.85,454.85,0,CPA2026Q
20241101,1259,458.25,458.25,458.25,458.25,0,CPA2026Q
20241104,1259,463.30,463.30,463.30,463.30,0,CPA2026Q
20241105,1259,467.70,467.70,467.70,467.70,0,CPA2026Q
20241106,1259,447.20,447.20,447.20,447.20,0,CPA2026Q
20241107,1259,464.10,464.10,464.10,464.10,0,CPA2026Q
20241108,1259,453.10,453.10,453.10,453.10,0,CPA2026Q
20241111,1259,444.90,444.90,444.90,444.90,0,CPA2026Q
20241112,1259,437.35,437.35,437.35,437.35,0,CPA2026Q
20241113,1259,431.50,431.50,431.50,431.50,0,CPA2026Q
20241114,1259,431.35,431.35,431.35,431.35,0,CPA2026Q
20241115,1259,427.90,427.90,427.90,427.90,0,CPA2026Q
20241118,1259,433.30,433.30,433.30,433.30,0,CPA2026Q
20241119,1259,434.50,434.50,434.50,434.50,0,CPA2026Q
20241120,1259,434.75,434.75,434.75,434.75,0,CPA2026Q
20241121,1259,432.70,432.70,432.70,432.70,0,CPA2026Q
20241122,1259,429.60,429.60,429.60,429.60,0,CPA2026Q
20241125,1259,432.50,432.50,432.50,432.50,0,CPA2026Q
20241126,1259,428.85,428.85,428.85,428.85,0,CPA2026Q
20241127,1259,430.70,430.70,430.70,430.70,0,CPA2026Q
20241129,1259,430.90,430.90,430.90,430.90,0,CPA2026Q
20241202,1259,430.70,430.70,430.70,430.70,0,CPA2026Q
20241203,1259,436.95,436.95,436.95,436.95,0,CPA2026Q
20241204,1259,437.10,437.10,437.10,437.10,0,CPA2026Q
20241205,1259,435.75,435.75,435.75,435.75,0,CPA2026Q
20241206,1259,435.75,435.75,435.75,435.75,0,CPA2026Q
20241209,1259,443.30,443.30,443.30,443.30,0,CPA2026Q
20241210,1259,442.55,442.55,442.55,442.55,0,CPA2026Q
20241211,1259,440.80,440.80,440.80,440.80,0,CPA2026Q
20241212,1259,439.05,439.05,439.05,439.05,0,CPA2026Q
20241213,1259,434.55,434.55,434.55,434.55,0,CPA2026Q
20241216,1259,434.25,434.25,434.25,434.25,0,CPA2026Q
20241217,1259,431.50,431.50,431.50,431.50,0,CPA2026Q
20241218,1259,432.75,432.75,432.75,432.75,0,CPA2026Q
20241219,1259,425.45,425.45,425.45,425.45,0,CPA2026Q
20241220,1259,427.35,427.35,427.35,427.35,0,CPA2026Q
20241223,1259,426.20,426.20,426.20,426.20,0,CPA2026Q
20241224,1159,428.15,428.15,428.15,428.15,0,CPA2026Q
20241226,1259,430.15,430.15,430.15,430.15,0,CPA2026Q
20241227,1259,429.50,429.50,429.50,429.50,0,CPA2026Q
20241230,1259,426.00,426.00,426.00,426.00,0,CPA2026Q
20241231,1259,419.05,419.05,419.05,419.05,0,CPA2026Q
20250102,1259,419.20,419.20,419.20,419.20,0,CPA2026Q
20250103,1259,423.20,423.20,423.20,423.20,0,CPA2026Q
20250106,1259,430.80,430.80,430.80,430.80,0,CPA2026Q
20250107,1259,435.10,435.10,435.10,435.10,0,CPA2026Q
20250108,1259,439.70,439.70,439.70,439.70,0,CPA2026Q
20250109,1259,443.35,443.35,443.35,443.35,0,CPA2026Q
20250110,1259,441.90,441.90,441.90,441.90,0,CPA2026Q
20250113,1259,446.40,446.40,446.40,446.40,0,CPA2026Q
20250114,1259,448.95,448.95,448.95,448.95,0,CPA2026Q
20250115,1259,452.60,452.60,452.60,452.60,0,CPA2026Q
20250116,1259,458.20,458.20,458.20,458.20,0,CPA2026Q
20250117,1259,451.50,451.50,451.50,451.50,0,CPA2026Q
20250121,1259,450.35,450.35,450.35,450.35,0,CPA2026Q
20250122,1259,447.55,447.55,447.55,447.55,0,CPA2026Q
20250123,1259,449.75,449.75,449.75,449.75,0,CPA2026Q
20250124,1259,450.90,450.90,450.90,450.90,0,CPA2026Q
20250127,1259,443.40,443.40,443.40,443.40,0,CPA2026Q
20250128,1259,443.70,443.70,443.70,443.70,0,CPA2026Q
20250129,1259,446.95,446.95,446.95,446.95,0,CPA2026Q
20250130,1259,451.40,451.40,451.40,451.40,0,CPA2026Q
20250131,1259,448.45,448.45,448.45,448.45,0,CPA2026Q
20250203,1259,450.35,450.35,450.35,450.35,0,CPA2026Q
20250204,1259,454.90,454.90,454.90,454.90,0,CPA2026Q
20250205,1259,463.15,463.15,463.15,463.15,0,CPA2026Q
20250206,1259,465.95,465.95,465.95,465.95,0,CPA2026Q
20250207,1259,478.50,478.50,478.50,478.50,0,CPA2026Q
20250210,1259,488.90,488.90,488.90,488.90,0,CPA2026Q
20250211,1259,478.70,478.70,478.70,478.70,0,CPA2026Q
20250212,1259,490.60,490.60,490.60,490.60,0,CPA2026Q
20250213,1259,498.70,498.70,498.70,498.70,0,CPA2026Q
20250214,1259,487.80,487.80,487.80,487.80,0,CPA2026Q
20250218,1259,482.40,482.40,482.40,482.40,0,CPA2026Q
20250219,1259,479.30,479.30,479.30,479.30,0,CPA2026Q
20250220,1259,483.95,483.95,483.95,483.95,0,CPA2026Q
20250221,1259,479.75,479.75,479.75,479.75,0,CPA2026Q
20250224,1259,474.75,474.75,474.75,474.75,0,CPA2026Q
20250225,1259,471.30,471.30,471.30,471.30,0,CPA2026Q
20250226,1259,477.45,477.45,477.45,477.45,0,CPA2026Q
20250227,1259,480.45,480.45,480.45,480.45,0,CPA2026Q
20250228,1259,474.00,474.00,474.00,474.00,0,CPA2026Q
20250303,1259,481.55,481.55,481.55,481.55,0,CPA2026Q
20250304,1259,477.00,477.00,477.00,477.00,0,CPA2026Q
20250305,1259,501.00,501.00,501.00,501.00,0,CPA2026Q
20250306,1259,501.75,501.75,501.75,501.75,0,CPA2026Q
20250307,1259,493.50,493.50,493.50,493.50,0,CPA2026Q
20250310,1259,490.05,490.05,490.05,490.05,0,CPA2026Q
20250311,1259,500.15,500.15,500.15,500.15,0,CPA2026Q
20250312,0956,510.00,510.00,510.00,510.00,1,CPA2026Q
20250312,1001,510.00,510.00,510.00,510.00,1,CPA2026Q
20250312,1259,509.00,509.00,509.00,509.00,0,CPA2026Q
20250313,1259,516.50,516.50,516.50,516.50,0,CPA2026Q
20250314,1259,513.80,513.80,513.80,513.80,0,CPA2026Q
20250317,1259,520.50,520.50,520.50,520.50,0,CPA2026Q
20250318,1259,527.05,527.05,527.05,527.05,0,CPA2026Q
20250319,1259,534.65,534.65,534.65,534.65,0,CPA2026Q
20250320,1259,536.00,536.00,536.00,536.00,0,CPA2026Q
20250321,1259,536.10,536.10,536.10,536.10,0,CPA2026Q
20250324,1259,533.75,533.75,533.75,533.75,0,CPA2026Q
20250325,1259,544.75,544.75,544.75,544.75,0,CPA2026Q
20250326,1259,540.65,540.65,540.65,540.65,0,CPA2026Q
20250327,1259,528.15,528.15,528.15,528.15,0,CPA2026Q
20250328,1259,529.65,529.65,529.65,529.65,0,CPA2026Q
20250331,1259,521.40,521.40,521.40,521.40,0,CPA2026Q
20250331,1657,524.40,524.40,524.40,524.40,1,CPA2026Q
20250401,1259,522.55,522.55,522.55,522.55,0,CPA2026Q
20250402,1259,522.90,522.90,522.90,522.90,0,CPA2026Q
20250403,1259,503.05,503.05,503.05,503.05,0,CPA2026Q
20250404,1259,462.40,462.40,462.40,462.40,0,CPA2026Q
20250407,1259,442.50,442.50,442.50,442.50,0,CPA2026Q
20250408,1259,439.15,439.15,439.15,439.15,0,CPA2026Q
20250409,1259,443.95,443.95,443.95,443.95,0,CPA2026Q
20250410,1259,457.85,457.85,457.85,457.85,0,CPA2026Q
20250411,1259,476.40,476.40,476.40,476.40,0,CPA2026Q
20250413,1804,483.90,483.90,483.90,483.90,2,CPA2026Q
20250414,1259,488.15,488.15,488.15,488.15,0,CPA2026Q
20250415,1259,487.80,487.80,487.80,487.80,0,CPA2026Q
20250416,1259,493.45,493.45,493.45,493.45,0,CPA2026Q
20250417,1259,498.25,498.25,498.25,498.25,0,CPA2026Q
20250421,1259,497.60,497.60,497.60,497.60,0,CPA2026Q
20250422,1259,511.60,511.60,511.60,511.60,0,CPA2026Q
20250423,1259,508.90,508.90,508.90,508.90,0,CPA2026Q
20250424,1259,510.65,510.65,510.65,510.65,0,CPA2026Q
20250425,1259,508.95,508.95,508.95,508.95,0,CPA2026Q
20250428,1259,507.55,507.55,507.55,507.55,0,CPA2026Q
20250429,1259,506.20,506.20,506.20,506.20,0,CPA2026Q
20250430,1259,480.55,480.55,480.55,480.55,0,CPA2026Q
20250501,1259,483.15,483.15,483.15,483.15,0,CPA2026Q
20250502,1259,488.70,488.70,488.70,488.70,0,CPA2026Q
20250505,1259,492.00,492.00,492.00,492.00,0,CPA2026Q
20250506,1259,499.95,499.95,499.95,499.95,0,CPA2026Q
20250507,1259,489.45,489.45,489.45,489.45,0,CPA2026Q
20250508,1259,483.75,483.75,483.75,483.75,0,CPA2026Q
20250509,1259,488.60,488.60,488.60,488.60,0,CPA2026Q
20250509,1651,489.50,489.50,489.50,489.50,2,CPA2026Q
20250512,1259,485.65,485.65,485.65,485.65,0,CPA2026Q
20250513,1259,495.80,495.80,495.80,495.80,0,CPA2026Q
20250514,1259,489.10,489.10,489.10,489.10,0,CPA2026Q
20250515,1259,491.25,491.25,491.25,491.25,0,CPA2026Q
20250516,1259,482.55,482.55,482.55,482.55,0,CPA2026Q
20250519,1259,490.60,490.60,490.60,490.60,0,CPA2026Q
20250519,1625,490.20,490.20,490.20,490.20,3,CPA2026Q
20250520,1259,488.90,488.90,488.90,488.90,0,CPA2026Q
20250521,1259,490.00,490.00,490.00,490.00,0,CPA2026Q
20250522,1259,490.65,490.65,490.65,490.65,0,CPA2026Q
20250523,1259,506.50,506.50,506.50,506.50,0,CPA2026Q
20250527,1259,497.65,497.65,497.65,497.65,0,CPA2026Q
20250528,1259,492.25,492.25,492.25,492.25,0,CPA2026Q
20250529,1259,492.95,492.95,492.95,492.95,0,CPA2026Q
20250529,1532,493.40,493.40,493.40,493.40,3,CPA2026Q
20250530,1259,492.35,492.35,492.35,492.35,0,CPA2026Q
20250602,1259,509.70,509.70,509.70,509.70,0,CPA2026Q
20250603,1259,507.70,507.70,507.70,507.70,0,CPA2026Q
20250604,1259,512.40,512.40,512.40,512.40,0,CPA2026Q
20250605,1259,516.90,516.90,516.90,516.90,0,CPA2026Q
20250606,1259,509.35,509.35,509.35,509.35,0,CPA2026Q
20250609,1259,516.80,516.80,516.80,516.80,0,CPA2026Q
20250610,1259,513.55,513.55,513.55,513.55,0,CPA2026Q
20250611,1259,505.25,505.25,505.25,505.25,0,CPA2026Q
20250612,1259,507.15,507.15,507.15,507.15,0,CPA2026Q
20250613,1259,505.25,505.25,505.25,505.25,0,CPA2026Q
20250616,1259,508.05,508.05,508.05,508.05,0,CPA2026Q
20250617,1259,504.90,504.90,504.90,504.90,0,CPA2026Q
20250618,1259,509.00,509.00,509.00,509.00,0,CPA2026Q
20250618,1811,510.20,510.20,510.20,510.20,1,CPA2026Q
20250620,1259,506.75,506.75,506.75,506.75,0,CPA2026Q
20250623,1259,508.35,508.35,508.35,508.35,0,CPA2026Q
20250624,1259,511.00,511.00,511.00,511.00,0,CPA2026Q
20250625,1259,515.85,515.85,515.85,515.85,0,CPA2026Q
20250626,1259,530.45,530.45,530.45,530.45,0,CPA2026Q
20250627,1259,530.70,530.70,530.70,530.70,0,CPA2026Q
20250630,1259,526.20,526.20,526.20,526.20,0,CPA2026Q
20250701,1239,526.40,526.40,526.40,526.40,1,CPA2026Q
20250701,1259,528.20,528.20,528.20,528.20,0,CPA2026Q
20250702,1259,538.45,538.45,538.45,538.45,0,CPA2026Q
20250703,1259,533.10,533.10,533.10,533.10,0,CPA2026Q
20250707,1259,521.65,521.65,521.65,521.65,0,CPA2026Q
20250708,1259,587.60,587.60,587.60,587.60,0,CPA2026Q
20250709,1259,561.70,561.70,561.70,561.70,0,CPA2026Q
20250710,1259,573.20,573.20,573.20,573.20,0,CPA2026Q
20250711,1259,575.05,575.05,575.05,575.05,0,CPA2026Q
20250714,1259,570.05,570.05,570.05,570.05,0,CPA2026Q
20250715,1259,572.55,572.55,572.55,572.55,0,CPA2026Q
20250716,1259,567.10,567.10,567.10,567.10,0,CPA2026Q
20250717,1259,565.65,565.65,565.65,565.65,0,CPA2026Q
20250718,1259,574.80,574.80,574.80,574.80,0,CPA2026Q
20250718,1634,573.60,573.60,573.60,573.60,2,CPA2026Q
20250721,1259,577.90,577.90,577.90,577.90,0,CPA2026Q
20250722,1259,586.25,586.25,586.25,586.25,0,CPA2026Q
20250723,1259,595.45,595.45,595.45,595.45,0,CPA2026Q
20250724,1259,594.85,594.85,594.85,594.85,0,CPA2026Q
20250725,1259,592.90,592.90,592.90,592.90,0,CPA2026Q
20250728,0806,593.70,593.70,593.70,593.70,2,CPA2026Q
20250728,1259,576.00,576.00,576.00,576.00,0,CPA2026Q
20250729,1259,577.55,577.55,577.55,577.55,0,CPA2026Q
20250730,1259,573.10,573.10,573.10,573.10,0,CPA2026Q
20250731,1259,454.95,454.95,454.95,454.95,0,CPA2026Q
20250801,1259,461.90,461.90,461.90,461.90,0,CPA2026Q
20250804,1009,461.70,461.70,461.70,461.70,1,CPA2026Q
20250804,1259,461.50,461.50,461.50,461.50,0,CPA2026Q
20250805,1205,457.40,457.40,457.40,457.40,2,CPA2026Q
20250805,1208,457.50,457.50,457.50,457.50,2,CPA2026Q
20250805,1259,456.65,456.65,456.65,456.65,0,CPA2026Q
20250805,1502,455.90,455.90,455.90,455.90,1,CPA2026Q
20250805,1503,455.90,455.90,455.90,455.90,2,CPA2026Q
20250806,0429,460.25,460.25,460.25,460.25,1,CPA2026Q
20250806,1259,459.70,459.70,459.70,459.70,0,CPA2026Q
20250806,1811,460.70,460.70,460.70,460.70,2,CPA2026Q
20250806,1833,461.50,461.50,461.50,461.50,1,CPA2026Q
20250806,1835,461.60,461.60,461.60,461.60,1,CPA2026Q
20250807,1259,459.00,459.00,459.00,459.00,0,CPA2026Q
