Date,Time,Open,High,Low,Close,TradeVolume,Contract
20230517,1259,383.95,383.95,383.95,383.95,0,CPA2027U
20230518,1259,379.00,379.00,379.00,379.00,0,CPA2027U
20230519,1259,382.65,382.65,382.65,382.65,0,CPA2027U
20230522,1259,379.15,379.15,379.15,379.15,0,CPA2027U
20230523,1259,376.45,376.45,376.45,376.45,0,CPA2027U
20230524,1259,368.10,368.10,368.10,368.10,0,CPA2027U
20230525,1259,370.25,370.25,370.25,370.25,0,CPA2027U
20230526,1259,378.55,378.55,378.55,378.55,0,CPA2027U
20230530,1259,377.60,377.60,377.60,377.60,0,CPA2027U
20230531,1259,375.30,375.30,375.30,375.30,0,CPA2027U
20230601,1259,381.85,381.85,381.85,381.85,0,CPA2027U
20230602,1259,383.20,383.20,383.20,383.20,0,CPA2027U
20230605,1259,386.15,386.15,386.15,386.15,0,CPA2027U
20230606,1259,385.15,385.15,385.15,385.15,0,CPA2027U
20230607,1259,381.80,381.80,381.80,381.80,0,CPA2027U
20230608,1259,386.20,386.20,386.20,386.20,0,CPA2027U
20230609,1259,386.55,386.55,386.55,386.55,0,CPA2027U
20230612,1259,383.90,383.90,383.90,383.90,0,CPA2027U
20230613,1259,389.45,389.45,389.45,389.45,0,CPA2027U
20230614,1259,391.75,391.75,391.75,391.75,0,CPA2027U
20230615,1259,394.35,394.35,394.35,394.35,0,CPA2027U
20230621,1259,394.05,394.05,394.05,394.05,0,CPA2027U
20230622,1259,394.55,394.55,394.55,394.55,0,CPA2027U
20230623,1259,387.05,387.05,387.05,387.05,0,CPA2027U
20230626,1259,385.90,385.90,385.90,385.90,0,CPA2027U
20230627,1259,383.70,383.70,383.70,383.70,0,CPA2027U
20230628,1259,380.25,380.25,380.25,380.25,0,CPA2027U
20230629,1259,375.75,375.75,375.75,375.75,0,CPA2027U
20230630,1259,382.40,382.40,382.40,382.40,0,CPA2027U
20230703,1259,385.55,385.55,385.55,385.55,0,CPA2027U
20230705,1259,384.05,384.05,384.05,384.05,0,CPA2027U
20230706,1259,383.00,383.00,383.00,383.00,0,CPA2027U
20230707,1259,387.15,387.15,387.15,387.15,0,CPA2027U
20230710,1259,387.90,387.90,387.90,387.90,0,CPA2027U
20230711,1259,386.70,386.70,386.70,386.70,0,CPA2027U
20230712,1259,394.25,394.25,394.25,394.25,0,CPA2027U
20230713,1259,401.75,401.75,401.75,401.75,0,CPA2027U
20230714,1259,401.45,401.45,401.45,401.45,0,CPA2027U
20230717,1259,393.15,393.15,393.15,393.15,0,CPA2027U
20230718,1259,392.05,392.05,392.05,392.05,0,CPA2027U
20230719,1259,390.00,390.00,390.00,390.00,0,CPA2027U
20230720,1259,392.80,392.80,392.80,392.80,0,CPA2027U
20230721,1259,392.15,392.15,392.15,392.15,0,CPA2027U
20230724,1259,395.70,395.70,395.70,395.70,0,CPA2027U
20230725,1259,400.95,400.95,400.95,400.95,0,CPA2027U
20230726,1259,399.55,399.55,399.55,399.55,0,CPA2027U
20230727,1259,397.80,397.80,397.80,397.80,0,CPA2027U
20230728,1259,402.40,402.40,402.40,402.40,0,CPA2027U
20230731,1259,409.25,409.25,409.25,409.25,0,CPA2027U
20230801,1259,400.90,400.90,400.90,400.90,0,CPA2027U
20230802,1259,395.60,395.60,395.60,395.60,0,CPA2027U
20230803,1259,401.85,401.85,401.85,401.85,0,CPA2027U
20230804,1259,398.95,398.95,398.95,398.95,0,CPA2027U
20230807,1259,396.70,396.70,396.70,396.70,0,CPA2027U
20230808,1259,389.95,389.95,389.95,389.95,0,CPA2027U
20230809,1259,390.70,390.70,390.70,390.70,0,CPA2027U
20230810,1259,389.85,389.85,389.85,389.85,0,CPA2027U
20230811,1259,386.75,386.75,386.75,386.75,0,CPA2027U
20230814,1259,386.10,386.10,386.10,386.10,0,CPA2027U
20230815,1259,383.30,383.30,383.30,383.30,0,CPA2027U
20230816,1259,381.90,381.90,381.90,381.90,0,CPA2027U
20230817,1259,384.65,384.65,384.65,384.65,0,CPA2027U
20230818,1259,384.60,384.60,384.60,384.60,0,CPA2027U
20230821,1259,386.30,386.30,386.30,386.30,0,CPA2027U
20230822,1259,389.65,389.65,389.65,389.65,0,CPA2027U
20230823,1259,394.05,394.05,394.05,394.05,0,CPA2027U
20230824,1259,390.55,390.55,390.55,390.55,0,CPA2027U
20230825,1259,389.50,389.50,389.50,389.50,0,CPA2027U
20230828,1259,390.65,390.65,390.65,390.65,0,CPA2027U
20230829,1259,395.50,395.50,395.50,395.50,0,CPA2027U
20230830,1259,396.00,396.00,396.00,396.00,0,CPA2027U
20230831,1259,394.10,394.10,394.10,394.10,0,CPA2027U
20230901,1259,396.65,396.65,396.65,396.65,0,CPA2027U
20230905,1259,395.95,395.95,395.95,395.95,0,CPA2027U
20230906,1259,390.90,390.90,390.90,390.90,0,CPA2027U
20230907,1259,388.70,388.70,388.70,388.70,0,CPA2027U
20230908,1259,384.55,384.55,384.55,384.55,0,CPA2027U
20230911,1259,393.35,393.35,393.35,393.35,0,CPA2027U
20230912,1259,391.95,391.95,391.95,391.95,0,CPA2027U
20230913,1259,391.80,391.80,391.80,391.80,0,CPA2027U
20230914,1259,391.95,391.95,391.95,391.95,0,CPA2027U
20230915,1259,391.05,391.05,391.05,391.05,0,CPA2027U
20230918,1259,389.60,389.60,389.60,389.60,0,CPA2027U
20230919,1259,386.70,386.70,386.70,386.70,0,CPA2027U
20230920,1259,389.50,389.50,389.50,389.50,0,CPA2027U
20230921,1259,383.00,383.00,383.00,383.00,0,CPA2027U
20230922,1259,383.90,383.90,383.90,383.90,0,CPA2027U
20230925,1259,382.25,382.25,382.25,382.25,0,CPA2027U
20230926,1259,379.70,379.70,379.70,379.70,0,CPA2027U
20230927,1259,378.00,378.00,378.00,378.00,0,CPA2027U
20230928,1259,383.40,383.40,383.40,383.40,0,CPA2027U
20230929,1259,387.20,387.20,387.20,387.20,0,CPA2027U
20231002,1259,378.70,378.70,378.70,378.70,0,CPA2027U
20231003,1259,376.10,376.10,376.10,376.10,0,CPA2027U
20231004,1259,372.95,372.95,372.95,372.95,0,CPA2027U
20231005,1259,369.25,369.25,369.25,369.25,0,CPA2027U
20231006,1259,376.30,376.30,376.30,376.30,0,CPA2027U
20231009,1259,378.50,378.50,378.50,378.50,0,CPA2027U
20231010,1259,375.95,375.95,375.95,375.95,0,CPA2027U
20231011,1259,375.65,375.65,375.65,375.65,0,CPA2027U
20231012,1259,375.60,375.60,375.60,375.60,0,CPA2027U
20231013,1259,373.70,373.70,373.70,373.70,0,CPA2027U
20231016,1259,376.50,376.50,376.50,376.50,0,CPA2027U
20231017,1259,376.55,376.55,376.55,376.55,0,CPA2027U
20231018,1259,375.75,375.75,375.75,375.75,0,CPA2027U
20231019,1259,376.50,376.50,376.50,376.50,0,CPA2027U
20231020,1259,374.55,374.55,374.55,374.55,0,CPA2027U
20231023,1259,374.40,374.40,374.40,374.40,0,CPA2027U
20231024,1259,374.50,374.50,374.50,374.50,0,CPA2027U
20231025,1259,372.70,372.70,372.70,372.70,0,CPA2027U
20231026,1259,374.45,374.45,374.45,374.45,0,CPA2027U
20231027,1259,379.85,379.85,379.85,379.85,0,CPA2027U
20231030,1259,381.10,381.10,381.10,381.10,0,CPA2027U
20231031,1259,380.30,380.30,380.30,380.30,0,CPA2027U
20231101,1259,381.50,381.50,381.50,381.50,0,CPA2027U
20231102,1259,384.00,384.00,384.00,384.00,0,CPA2027U
20231103,1259,384.75,384.75,384.75,384.75,0,CPA2027U
20231106,1259,388.80,388.80,388.80,388.80,0,CPA2027U
20231107,1259,386.90,386.90,386.90,386.90,0,CPA2027U
20231108,1259,383.45,383.45,383.45,383.45,0,CPA2027U
20231109,1259,383.55,383.55,383.55,383.55,0,CPA2027U
20231110,1259,380.75,380.75,380.75,380.75,0,CPA2027U
20231113,1259,386.55,386.55,386.55,386.55,0,CPA2027U
20231114,1259,388.65,388.65,388.65,388.65,0,CPA2027U
20231115,1259,392.10,392.10,392.10,392.10,0,CPA2027U
20231116,1259,390.35,390.35,390.35,390.35,0,CPA2027U
20231117,1259,393.65,393.65,393.65,393.65,0,CPA2027U
20231120,1259,400.40,400.40,400.40,400.40,0,CPA2027U
20231121,1259,402.00,402.00,402.00,402.00,0,CPA2027U
20231122,1259,396.90,396.90,396.90,396.90,0,CPA2027U
20231124,1159,400.15,400.15,400.15,400.15,0,CPA2027U
20231127,1259,397.45,397.45,397.45,397.45,0,CPA2027U
20231128,1259,400.30,400.30,400.30,400.30,0,CPA2027U
20231129,1259,398.85,398.85,398.85,398.85,0,CPA2027U
20231130,1259,400.80,400.80,400.80,400.80,0,CPA2027U
20231201,1259,407.35,407.35,407.35,407.35,0,CPA2027U
20231204,1259,400.00,400.00,400.00,400.00,0,CPA2027U
20231205,1259,394.05,394.05,394.05,394.05,0,CPA2027U
20231206,1259,389.55,389.55,389.55,389.55,0,CPA2027U
20231207,1259,395.25,395.25,395.25,395.25,0,CPA2027U
20231208,1259,396.75,396.75,396.75,396.75,0,CPA2027U
20231211,1259,392.35,392.35,392.35,392.35,0,CPA2027U
20231212,1259,391.35,391.35,391.35,391.35,0,CPA2027U
20231213,1259,390.40,390.40,390.40,390.40,0,CPA2027U
20231214,1259,399.25,399.25,399.25,399.25,0,CPA2027U
20231215,1259,398.25,398.25,398.25,398.25,0,CPA2027U
20231218,1259,394.90,394.90,394.90,394.90,0,CPA2027U
20231219,1259,398.35,398.35,398.35,398.35,0,CPA2027U
20231220,1259,398.95,398.95,398.95,398.95,0,CPA2027U
20231221,1259,400.35,400.35,400.35,400.35,0,CPA2027U
20231222,1259,399.15,399.15,399.15,399.15,0,CPA2027U
20231226,1259,399.65,399.65,399.65,399.65,0,CPA2027U
20231227,1259,404.55,404.55,404.55,404.55,0,CPA2027U
20231228,1259,401.15,401.15,401.15,401.15,0,CPA2027U
20231229,1259,398.05,398.05,398.05,398.05,0,CPA2027U
20240102,1259,397.10,397.10,397.10,397.10,0,CPA2027U
20240103,1259,395.00,395.00,395.00,395.00,0,CPA2027U
20240104,1259,393.05,393.05,393.05,393.05,0,CPA2027U
20240105,1259,390.70,390.70,390.70,390.70,0,CPA2027U
20240108,1259,392.25,392.25,392.25,392.25,0,CPA2027U
20240109,1259,388.20,388.20,388.20,388.20,0,CPA2027U
20240110,1259,389.50,389.50,389.50,389.50,0,CPA2027U
20240111,1259,387.70,387.70,387.70,387.70,0,CPA2027U
20240112,1259,384.85,384.85,384.85,384.85,0,CPA2027U
20240116,1259,387.00,387.00,387.00,387.00,0,CPA2027U
20240117,1259,383.60,383.60,383.60,383.60,0,CPA2027U
20240118,1259,385.05,385.05,385.05,385.05,0,CPA2027U
20240119,1259,388.80,388.80,388.80,388.80,0,CPA2027U
20240122,1259,387.10,387.10,387.10,387.10,0,CPA2027U
20240123,1259,389.30,389.30,389.30,389.30,0,CPA2027U
20240124,1259,397.65,397.65,397.65,397.65,0,CPA2027U
20240125,1259,397.15,397.15,397.15,397.15,0,CPA2027U
20240126,1259,395.90,395.90,395.90,395.90,0,CPA2027U
20240129,1259,398.30,398.30,398.30,398.30,0,CPA2027U
20240130,1259,399.90,399.90,399.90,399.90,0,CPA2027U
20240131,1259,399.35,399.35,399.35,399.35,0,CPA2027U
20240201,1259,395.05,395.05,395.05,395.05,0,CPA2027U
20240202,1259,393.20,393.20,393.20,393.20,0,CPA2027U
20240205,1259,389.35,389.35,389.35,389.35,0,CPA2027U
20240206,1259,390.05,390.05,390.05,390.05,0,CPA2027U
20240207,1259,386.30,386.30,386.30,386.30,0,CPA2027U
20240208,1259,382.40,382.40,382.40,382.40,0,CPA2027U
20240209,1259,380.10,380.10,380.10,380.10,0,CPA2027U
20240212,1259,383.65,383.65,383.65,383.65,0,CPA2027U
20240213,1259,382.05,382.05,382.05,382.05,0,CPA2027U
20240214,1259,379.70,379.70,379.70,379.70,0,CPA2027U
20240215,1259,384.05,384.05,384.05,384.05,0,CPA2027U
20240216,1259,391.85,391.85,391.85,391.85,0,CPA2027U
20240220,1259,393.80,393.80,393.80,393.80,0,CPA2027U
20240221,1259,395.00,395.00,395.00,395.00,0,CPA2027U
20240222,1259,398.15,398.15,398.15,398.15,0,CPA2027U
20240223,1259,397.35,397.35,397.35,397.35,0,CPA2027U
20240226,1259,390.25,390.25,390.25,390.25,0,CPA2027U
20240227,1259,392.45,392.45,392.45,392.45,0,CPA2027U
20240228,1259,390.75,390.75,390.75,390.75,0,CPA2027U
20240229,1259,391.15,391.15,391.15,391.15,0,CPA2027U
20240301,1259,392.85,392.85,392.85,392.85,0,CPA2027U
20240304,1259,392.75,392.75,392.75,392.75,0,CPA2027U
20240305,1259,391.90,391.90,391.90,391.90,0,CPA2027U
20240306,1259,394.45,394.45,394.45,394.45,0,CPA2027U
20240307,1259,399.25,399.25,399.25,399.25,0,CPA2027U
20240308,1259,396.20,396.20,396.20,396.20,0,CPA2027U
20240311,1259,399.60,399.60,399.60,399.60,0,CPA2027U
20240312,1259,399.95,399.95,399.95,399.95,0,CPA2027U
20240313,1259,410.95,410.95,410.95,410.95,0,CPA2027U
20240314,1259,410.90,410.90,410.90,410.90,0,CPA2027U
20240315,1259,419.20,419.20,419.20,419.20,0,CPA2027U
20240318,1259,419.80,419.80,419.80,419.80,0,CPA2027U
20240319,1259,415.15,415.15,415.15,415.15,0,CPA2027U
20240320,1259,413.25,413.25,413.25,413.25,0,CPA2027U
20240321,1259,415.40,415.40,415.40,415.40,0,CPA2027U
20240322,1259,410.60,410.60,410.60,410.60,0,CPA2027U
20240325,1259,412.10,412.10,412.10,412.10,0,CPA2027U
20240326,1259,411.60,411.60,411.60,411.60,0,CPA2027U
20240327,1259,411.10,411.10,411.10,411.10,0,CPA2027U
20240328,1259,412.45,412.45,412.45,412.45,0,CPA2027U
20240401,1259,416.70,416.70,416.70,416.70,0,CPA2027U
20240402,1259,419.20,419.20,419.20,419.20,0,CPA2027U
20240403,1259,431.95,431.95,431.95,431.95,0,CPA2027U
20240404,1259,437.20,437.20,437.20,437.20,0,CPA2027U
20240405,1259,436.05,436.05,436.05,436.05,0,CPA2027U
20240408,1259,439.05,439.05,439.05,439.05,0,CPA2027U
20240409,1259,439.75,439.75,439.75,439.75,0,CPA2027U
20240410,1259,438.75,438.75,438.75,438.75,0,CPA2027U
20240411,1259,437.55,437.55,437.55,437.55,0,CPA2027U
20240412,1259,438.05,438.05,438.05,438.05,0,CPA2027U
20240415,1259,445.60,445.60,445.60,445.60,0,CPA2027U
20240416,1259,438.45,438.45,438.45,438.45,0,CPA2027U
20240417,1259,439.65,439.65,439.65,439.65,0,CPA2027U
20240418,1259,450.20,450.20,450.20,450.20,0,CPA2027U
20240419,1259,455.55,455.55,455.55,455.55,0,CPA2027U
20240422,1259,453.65,453.65,453.65,453.65,0,CPA2027U
20240423,1259,448.90,448.90,448.90,448.90,0,CPA2027U
20240424,1259,450.95,450.95,450.95,450.95,0,CPA2027U
20240425,1259,456.35,456.35,456.35,456.35,0,CPA2027U
20240426,1259,460.95,460.95,460.95,460.95,0,CPA2027U
20240429,1259,469.40,469.40,469.40,469.40,0,CPA2027U
20240430,1259,459.15,459.15,459.15,459.15,0,CPA2027U
20240501,1259,456.45,456.45,456.45,456.45,0,CPA2027U
20240502,1259,451.00,451.00,451.00,451.00,0,CPA2027U
20240503,1259,457.90,457.90,457.90,457.90,0,CPA2027U
20240506,1259,463.30,463.30,463.30,463.30,0,CPA2027U
20240507,1259,463.00,463.00,463.00,463.00,0,CPA2027U
20240508,1259,457.45,457.45,457.45,457.45,0,CPA2027U
20240509,1259,459.35,459.35,459.35,459.35,0,CPA2027U
20240510,1259,460.60,460.60,460.60,460.60,0,CPA2027U
20240513,1259,466.95,466.95,466.95,466.95,0,CPA2027U
20240514,1259,459.75,459.75,459.75,459.75,0,CPA2027U
20240515,1259,467.85,467.85,467.85,467.85,0,CPA2027U
20240516,1259,472.50,472.50,472.50,472.50,0,CPA2027U
20240517,1259,486.25,486.25,486.25,486.25,0,CPA2027U
20240520,1259,494.10,494.10,494.10,494.10,0,CPA2027U
20240521,1259,494.20,494.20,494.20,494.20,0,CPA2027U
20240522,1259,475.35,475.35,475.35,475.35,0,CPA2027U
20240523,1259,473.30,473.30,473.30,473.30,0,CPA2027U
20240524,1259,471.65,471.65,471.65,471.65,0,CPA2027U
20240528,1259,482.35,482.35,482.35,482.35,0,CPA2027U
20240529,1259,478.80,478.80,478.80,478.80,0,CPA2027U
20240530,1259,465.60,465.60,465.60,465.60,0,CPA2027U
20240531,1259,463.30,463.30,463.30,463.30,0,CPA2027U
20240603,1259,468.10,468.10,468.10,468.10,0,CPA2027U
20240604,1259,455.50,455.50,455.50,455.50,0,CPA2027U
20240605,1259,457.70,457.70,457.70,457.70,0,CPA2027U
20240606,1259,465.85,465.85,465.85,465.85,0,CPA2027U
20240607,1259,451.10,451.10,451.10,451.10,0,CPA2027U
20240610,1259,456.85,456.85,456.85,456.85,0,CPA2027U
20240611,1259,450.90,450.90,450.90,450.90,0,CPA2027U
20240612,1259,457.20,457.20,457.20,457.20,0,CPA2027U
20240613,1259,450.65,450.65,450.65,450.65,0,CPA2027U
20240614,1259,450.05,450.05,450.05,450.05,0,CPA2027U
20240617,1259,446.40,446.40,446.40,446.40,0,CPA2027U
20240618,1259,449.10,449.10,449.10,449.10,0,CPA2027U
20240620,1259,455.30,455.30,455.30,455.30,0,CPA2027U
20240621,1259,447.50,447.50,447.50,447.50,0,CPA2027U
20240624,1259,446.45,446.45,446.45,446.45,0,CPA2027U
20240625,1259,442.95,442.95,442.95,442.95,0,CPA2027U
20240626,1259,443.10,443.10,443.10,443.10,0,CPA2027U
20240627,1259,442.10,442.10,442.10,442.10,0,CPA2027U
20240628,1259,445.95,445.95,445.95,445.95,0,CPA2027U
20240701,1259,448.45,448.45,448.45,448.45,0,CPA2027U
20240702,1259,447.80,447.80,447.80,447.80,0,CPA2027U
20240703,1259,457.70,457.70,457.70,457.70,0,CPA2027U
20240705,1259,464.45,464.45,464.45,464.45,0,CPA2027U
20240708,1259,463.20,463.20,463.20,463.20,0,CPA2027U
20240709,1259,459.90,459.90,459.90,459.90,0,CPA2027U
20240710,1259,460.75,460.75,460.75,460.75,0,CPA2027U
20240711,1259,457.65,457.65,457.65,457.65,0,CPA2027U
20240712,1259,463.40,463.40,463.40,463.40,0,CPA2027U
20240715,1259,459.60,459.60,459.60,459.60,0,CPA2027U
20240716,1259,453.45,453.45,453.45,453.45,0,CPA2027U
20240717,1259,451.45,451.45,451.45,451.45,0,CPA2027U
20240718,1259,440.55,440.55,440.55,440.55,0,CPA2027U
20240719,1259,438.45,438.45,438.45,438.45,0,CPA2027U
20240722,1259,434.95,434.95,434.95,434.95,0,CPA2027U
20240723,1259,430.50,430.50,430.50,430.50,0,CPA2027U
20240724,1259,427.25,427.25,427.25,427.25,0,CPA2027U
20240725,1259,428.75,428.75,428.75,428.75,0,CPA2027U
20240726,1259,430.05,430.05,430.05,430.05,0,CPA2027U
20240729,1259,426.50,426.50,426.50,426.50,0,CPA2027U
20240730,1259,426.85,426.85,426.85,426.85,0,CPA2027U
20240731,1259,435.45,435.45,435.45,435.45,0,CPA2027U
20240801,1259,427.55,427.55,427.55,427.55,0,CPA2027U
20240802,1259,429.40,429.40,429.40,429.40,0,CPA2027U
20240805,1259,418.65,418.65,418.65,418.65,0,CPA2027U
20240806,1259,421.15,421.15,421.15,421.15,0,CPA2027U
20240807,1259,416.25,416.25,416.25,416.25,0,CPA2027U
20240808,1259,416.20,416.20,416.20,416.20,0,CPA2027U
20240809,1259,418.90,418.90,418.90,418.90,0,CPA2027U
20240812,1259,425.90,425.90,425.90,425.90,0,CPA2027U
20240813,1259,423.95,423.95,423.95,423.95,0,CPA2027U
20240814,1259,422.75,422.75,422.75,422.75,0,CPA2027U
20240815,1259,430.95,430.95,430.95,430.95,0,CPA2027U
20240816,1259,432.75,432.75,432.75,432.75,0,CPA2027U
20240819,1259,436.25,436.25,436.25,436.25,0,CPA2027U
20240820,1259,434.25,434.25,434.25,434.25,0,CPA2027U
20240821,1259,435.75,435.75,435.75,435.75,0,CPA2027U
20240822,1259,432.75,432.75,432.75,432.75,0,CPA2027U
20240823,1259,438.00,438.00,438.00,438.00,0,CPA2027U
20240826,1259,442.15,442.15,442.15,442.15,0,CPA2027U
20240827,1259,444.70,444.70,444.70,444.70,0,CPA2027U
20240828,1259,437.40,437.40,437.40,437.40,0,CPA2027U
20240829,1259,438.35,438.35,438.35,438.35,0,CPA2027U
20240830,1259,437.10,437.10,437.10,437.10,0,CPA2027U
20240903,1259,424.50,424.50,424.50,424.50,0,CPA2027U
20240904,1259,423.55,423.55,423.55,423.55,0,CPA2027U
20240905,1259,429.65,429.65,429.65,429.65,0,CPA2027U
20240906,1259,424.60,424.60,424.60,424.60,0,CPA2027U
20240909,1259,431.50,431.50,431.50,431.50,0,CPA2027U
20240910,1259,426.45,426.45,426.45,426.45,0,CPA2027U
20240911,1259,430.40,430.40,430.40,430.40,0,CPA2027U
20240912,1259,435.20,435.20,435.20,435.20,0,CPA2027U
20240913,1259,438.25,438.25,438.25,438.25,0,CPA2027U
20240916,1259,442.45,442.45,442.45,442.45,0,CPA2027U
20240917,1259,443.10,443.10,443.10,443.10,0,CPA2027U
20240918,1259,444.60,444.60,444.60,444.60,0,CPA2027U
20240919,1259,449.10,449.10,449.10,449.10,0,CPA2027U
20240920,1259,449.10,449.10,449.10,449.10,0,CPA2027U
20240923,1259,449.80,449.80,449.80,449.80,0,CPA2027U
20240924,1259,462.45,462.45,462.45,462.45,0,CPA2027U
20240925,1259,462.25,462.25,462.25,462.25,0,CPA2027U
20240926,1259,462.85,462.85,462.85,462.85,0,CPA2027U
20240927,1259,461.10,461.10,461.10,461.10,0,CPA2027U
20240930,1259,454.40,454.40,454.40,454.40,0,CPA2027U
20241001,1259,460.70,460.70,460.70,460.70,0,CPA2027U
20241002,1259,466.75,466.75,466.75,466.75,0,CPA2027U
20241003,1259,458.85,458.85,458.85,458.85,0,CPA2027U
20241004,1259,462.80,462.80,462.80,462.80,0,CPA2027U
20241007,1259,462.75,462.75,462.75,462.75,0,CPA2027U
20241008,1259,453.70,453.70,453.70,453.70,0,CPA2027U
20241009,1259,447.50,447.50,447.50,447.50,0,CPA2027U
20241010,1259,449.80,449.80,449.80,449.80,0,CPA2027U
20241011,1259,455.75,455.75,455.75,455.75,0,CPA2027U
20241014,1259,449.85,449.85,449.85,449.85,0,CPA2027U
20241015,1259,449.70,449.70,449.70,449.70,0,CPA2027U
20241016,1259,451.85,451.85,451.85,451.85,0,CPA2027U
20241017,1259,449.75,449.75,449.75,449.75,0,CPA2027U
20241018,1259,455.80,455.80,455.80,455.80,0,CPA2027U
20241021,1259,453.60,453.60,453.60,453.60,0,CPA2027U
20241022,1259,455.60,455.60,455.60,455.60,0,CPA2027U
20241023,1259,452.45,452.45,452.45,452.45,0,CPA2027U
20241024,1259,453.40,453.40,453.40,453.40,0,CPA2027U
20241025,1259,454.10,454.10,454.10,454.10,0,CPA2027U
20241028,1259,451.75,451.75,451.75,451.75,0,CPA2027U
20241029,1259,450.95,450.95,450.95,450.95,0,CPA2027U
20241030,1259,449.85,449.85,449.85,449.85,0,CPA2027U
20241031,1259,449.60,449.60,449.60,449.60,0,CPA2027U
20241101,1259,453.00,453.00,453.00,453.00,0,CPA2027U
20241104,1259,458.00,458.00,458.00,458.00,0,CPA2027U
20241105,1259,462.40,462.40,462.40,462.40,0,CPA2027U
20241106,1259,441.90,441.90,441.90,441.90,0,CPA2027U
20241107,1259,458.80,458.80,458.80,458.80,0,CPA2027U
20241108,1259,447.80,447.80,447.80,447.80,0,CPA2027U
20241111,1259,440.80,440.80,440.80,440.80,0,CPA2027U
20241112,1259,436.10,436.10,436.10,436.10,0,CPA2027U
20241113,1259,432.35,432.35,432.35,432.35,0,CPA2027U
20241114,1259,432.20,432.20,432.20,432.20,0,CPA2027U
20241115,1259,428.70,428.70,428.70,428.70,0,CPA2027U
20241118,1259,434.10,434.10,434.10,434.10,0,CPA2027U
20241119,1259,435.40,435.40,435.40,435.40,0,CPA2027U
20241120,1259,435.60,435.60,435.60,435.60,0,CPA2027U
20241121,1259,433.50,433.50,433.50,433.50,0,CPA2027U
20241122,1259,430.40,430.40,430.40,430.40,0,CPA2027U
20241125,1259,433.30,433.30,433.30,433.30,0,CPA2027U
20241126,1259,429.80,429.80,429.80,429.80,0,CPA2027U
20241127,1259,431.65,431.65,431.65,431.65,0,CPA2027U
20241129,1259,431.80,431.80,431.80,431.80,0,CPA2027U
20241202,1259,431.50,431.50,431.50,431.50,0,CPA2027U
20241203,1259,441.15,441.15,441.15,441.15,0,CPA2027U
20241204,1259,440.90,440.90,440.90,440.90,0,CPA2027U
20241205,1259,447.45,447.45,447.45,447.45,0,CPA2027U
20241206,1259,447.15,447.15,447.15,447.15,0,CPA2027U
20241209,1259,454.70,454.70,454.70,454.70,0,CPA2027U
20241210,1259,453.95,453.95,453.95,453.95,0,CPA2027U
20241211,1259,452.20,452.20,452.20,452.20,0,CPA2027U
20241212,1259,450.50,450.50,450.50,450.50,0,CPA2027U
20241213,1259,446.00,446.00,446.00,446.00,0,CPA2027U
20241216,1259,445.75,445.75,445.75,445.75,0,CPA2027U
20241217,1259,443.00,443.00,443.00,443.00,0,CPA2027U
20241218,1259,444.25,444.25,444.25,444.25,0,CPA2027U
20241219,1259,436.85,436.85,436.85,436.85,0,CPA2027U
20241220,1259,438.60,438.60,438.60,438.60,0,CPA2027U
20241223,1259,437.30,437.30,437.30,437.30,0,CPA2027U
20241224,1159,439.10,439.10,439.10,439.10,0,CPA2027U
20241226,1259,441.10,441.10,441.10,441.10,0,CPA2027U
20241227,1259,440.00,440.00,440.00,440.00,0,CPA2027U
20241230,1259,436.00,436.00,436.00,436.00,0,CPA2027U
20241231,1259,428.55,428.55,428.55,428.55,0,CPA2027U
20250102,1259,428.80,428.80,428.80,428.80,0,CPA2027U
20250103,1259,432.80,432.80,432.80,432.80,0,CPA2027U
20250106,1259,440.40,440.40,440.40,440.40,0,CPA2027U
20250107,1259,444.70,444.70,444.70,444.70,0,CPA2027U
20250108,1259,449.20,449.20,449.20,449.20,0,CPA2027U
20250109,1259,452.85,452.85,452.85,452.85,0,CPA2027U
20250110,1259,450.85,450.85,450.85,450.85,0,CPA2027U
20250113,1259,455.50,455.50,455.50,455.50,0,CPA2027U
20250114,1259,458.00,458.00,458.00,458.00,0,CPA2027U
20250115,1259,461.65,461.65,461.65,461.65,0,CPA2027U
20250116,1259,467.25,467.25,467.25,467.25,0,CPA2027U
20250117,1259,460.55,460.55,460.55,460.55,0,CPA2027U
20250121,1259,459.40,459.40,459.40,459.40,0,CPA2027U
20250122,1259,456.60,456.60,456.60,456.60,0,CPA2027U
20250123,1259,458.80,458.80,458.80,458.80,0,CPA2027U
20250124,1259,459.95,459.95,459.95,459.95,0,CPA2027U
20250127,1259,452.45,452.45,452.45,452.45,0,CPA2027U
20250128,1259,452.80,452.80,452.80,452.80,0,CPA2027U
20250129,1259,456.05,456.05,456.05,456.05,0,CPA2027U
20250130,1259,460.50,460.50,460.50,460.50,0,CPA2027U
20250131,1259,457.55,457.55,457.55,457.55,0,CPA2027U
20250203,1259,459.45,459.45,459.45,459.45,0,CPA2027U
20250204,1259,464.00,464.00,464.00,464.00,0,CPA2027U
20250205,1259,472.25,472.25,472.25,472.25,0,CPA2027U
20250206,1259,475.05,475.05,475.05,475.05,0,CPA2027U
20250207,1259,487.60,487.60,487.60,487.60,0,CPA2027U
20250210,1259,498.00,498.00,498.00,498.00,0,CPA2027U
20250211,1259,487.95,487.95,487.95,487.95,0,CPA2027U
20250212,1259,498.95,498.95,498.95,498.95,0,CPA2027U
20250213,1259,506.55,506.55,506.55,506.55,0,CPA2027U
20250214,1259,495.55,495.55,495.55,495.55,0,CPA2027U
20250218,1259,490.35,490.35,490.35,490.35,0,CPA2027U
20250219,1259,487.25,487.25,487.25,487.25,0,CPA2027U
20250220,1259,492.05,492.05,492.05,492.05,0,CPA2027U
20250221,1259,487.85,487.85,487.85,487.85,0,CPA2027U
20250224,1259,482.85,482.85,482.85,482.85,0,CPA2027U
20250225,1259,479.40,479.40,479.40,479.40,0,CPA2027U
20250226,1259,485.45,485.45,485.45,485.45,0,CPA2027U
20250227,1259,488.55,488.55,488.55,488.55,0,CPA2027U
20250228,1259,482.10,482.10,482.10,482.10,0,CPA2027U
20250303,1259,489.60,489.60,489.60,489.60,0,CPA2027U
20250304,1259,485.15,485.15,485.15,485.15,0,CPA2027U
20250305,1259,509.10,509.10,509.10,509.10,0,CPA2027U
20250306,1259,510.25,510.25,510.25,510.25,0,CPA2027U
20250307,1259,502.15,502.15,502.15,502.15,0,CPA2027U
20250310,1259,499.25,499.25,499.25,499.25,0,CPA2027U
20250311,1259,509.60,509.60,509.60,509.60,0,CPA2027U
20250312,1259,518.50,518.50,518.50,518.50,0,CPA2027U
20250313,1259,526.55,526.55,526.55,526.55,0,CPA2027U
20250314,1259,523.85,523.85,523.85,523.85,0,CPA2027U
20250317,1259,530.55,530.55,530.55,530.55,0,CPA2027U
20250318,1259,537.10,537.10,537.10,537.10,0,CPA2027U
20250319,1259,544.55,544.55,544.55,544.55,0,CPA2027U
20250320,1259,546.15,546.15,546.15,546.15,0,CPA2027U
20250321,1259,546.75,546.75,546.75,546.75,0,CPA2027U
20250324,1259,544.40,544.40,544.40,544.40,0,CPA2027U
20250325,1259,555.50,555.50,555.50,555.50,0,CPA2027U
20250326,1259,549.50,549.50,549.50,549.50,0,CPA2027U
20250327,1259,537.25,537.25,537.25,537.25,0,CPA2027U
20250328,1259,539.20,539.20,539.20,539.20,0,CPA2027U
20250331,1259,531.40,531.40,531.40,531.40,0,CPA2027U
20250401,1259,532.50,532.50,532.50,532.50,0,CPA2027U
20250402,1259,532.90,532.90,532.90,532.90,0,CPA2027U
20250403,1259,513.55,513.55,513.55,513.55,0,CPA2027U
20250404,1259,474.70,474.70,474.70,474.70,0,CPA2027U
20250407,1259,455.00,455.00,455.00,455.00,0,CPA2027U
20250408,1259,451.70,451.70,451.70,451.70,0,CPA2027U
20250409,1259,456.40,456.40,456.40,456.40,0,CPA2027U
20250410,1259,470.10,470.10,470.10,470.10,0,CPA2027U
20250411,1259,488.65,488.65,488.65,488.65,0,CPA2027U
20250414,1259,500.45,500.45,500.45,500.45,0,CPA2027U
20250415,1259,500.00,500.00,500.00,500.00,0,CPA2027U
20250416,1259,505.60,505.60,505.60,505.60,0,CPA2027U
20250417,1259,510.30,510.30,510.30,510.30,0,CPA2027U
20250421,1259,509.40,509.40,509.40,509.40,0,CPA2027U
20250422,1259,523.25,523.25,523.25,523.25,0,CPA2027U
20250423,1259,520.55,520.55,520.55,520.55,0,CPA2027U
20250424,1259,522.35,522.35,522.35,522.35,0,CPA2027U
20250425,1259,520.80,520.80,520.80,520.80,0,CPA2027U
20250428,1259,519.40,519.40,519.40,519.40,0,CPA2027U
20250429,1259,518.20,518.20,518.20,518.20,0,CPA2027U
20250430,1259,493.25,493.25,493.25,493.25,0,CPA2027U
20250501,1259,495.75,495.75,495.75,495.75,0,CPA2027U
20250502,1259,502.05,502.05,502.05,502.05,0,CPA2027U
20250505,1259,505.85,505.85,505.85,505.85,0,CPA2027U
20250506,1259,513.80,513.80,513.80,513.80,0,CPA2027U
20250507,1259,503.45,503.45,503.45,503.45,0,CPA2027U
20250508,1259,497.75,497.75,497.75,497.75,0,CPA2027U
20250509,1259,502.75,502.75,502.75,502.75,0,CPA2027U
20250512,1259,500.00,500.00,500.00,500.00,0,CPA2027U
20250513,1259,509.90,509.90,509.90,509.90,0,CPA2027U
20250514,1259,503.20,503.20,503.20,503.20,0,CPA2027U
20250515,1259,505.40,505.40,505.40,505.40,0,CPA2027U
20250516,1259,496.70,496.70,496.70,496.70,0,CPA2027U
20250519,1259,504.30,504.30,504.30,504.30,0,CPA2027U
20250520,1259,502.70,502.70,502.70,502.70,0,CPA2027U
20250521,1259,503.55,503.55,503.55,503.55,0,CPA2027U
20250522,1259,504.05,504.05,504.05,504.05,0,CPA2027U
20250523,1259,519.95,519.95,519.95,519.95,0,CPA2027U
20250527,1259,511.25,511.25,511.25,511.25,0,CPA2027U
20250528,1259,506.20,506.20,506.20,506.20,0,CPA2027U
20250529,1259,506.75,506.75,506.75,506.75,0,CPA2027U
20250530,1259,506.15,506.15,506.15,506.15,0,CPA2027U
20250602,1259,523.90,523.90,523.90,523.90,0,CPA2027U
20250603,1259,522.05,522.05,522.05,522.05,0,CPA2027U
20250604,1259,526.55,526.55,526.55,526.55,0,CPA2027U
20250605,1259,531.05,531.05,531.05,531.05,0,CPA2027U
20250606,1259,523.55,523.55,523.55,523.55,0,CPA2027U
20250609,1259,530.75,530.75,530.75,530.75,0,CPA2027U
20250610,1259,527.45,527.45,527.45,527.45,0,CPA2027U
20250611,1259,519.80,519.80,519.80,519.80,0,CPA2027U
20250612,1259,521.85,521.85,521.85,521.85,0,CPA2027U
20250613,1259,520.20,520.20,520.20,520.20,0,CPA2027U
20250616,1259,523.00,523.00,523.00,523.00,0,CPA2027U
20250617,1259,519.80,519.80,519.80,519.80,0,CPA2027U
20250618,1259,523.75,523.75,523.75,523.75,0,CPA2027U
20250620,1259,521.40,521.40,521.40,521.40,0,CPA2027U
20250623,1259,522.75,522.75,522.75,522.75,0,CPA2027U
20250624,1259,525.75,525.75,525.75,525.75,0,CPA2027U
20250625,1259,530.65,530.65,530.65,530.65,0,CPA2027U
20250626,1259,545.20,545.20,545.20,545.20,0,CPA2027U
20250627,1259,545.55,545.55,545.55,545.55,0,CPA2027U
20250630,1259,541.05,541.05,541.05,541.05,0,CPA2027U
20250701,1259,543.10,543.10,543.10,543.10,0,CPA2027U
20250702,1259,553.10,553.10,553.10,553.10,0,CPA2027U
20250703,1259,547.80,547.80,547.80,547.80,0,CPA2027U
20250707,1259,536.30,536.30,536.30,536.30,0,CPA2027U
20250708,1259,602.20,602.20,602.20,602.20,0,CPA2027U
20250709,1259,573.75,573.75,573.75,573.75,0,CPA2027U
20250710,1259,585.50,585.50,585.50,585.50,0,CPA2027U
20250711,1259,587.20,587.20,587.20,587.20,0,CPA2027U
20250714,1259,582.15,582.15,582.15,582.15,0,CPA2027U
20250715,1259,584.70,584.70,584.70,584.70,0,CPA2027U
20250716,1259,579.55,579.55,579.55,579.55,0,CPA2027U
20250717,1259,578.05,578.05,578.05,578.05,0,CPA2027U
20250718,1259,587.10,587.10,587.10,587.10,0,CPA2027U
20250721,1259,590.00,590.00,590.00,590.00,0,CPA2027U
20250722,1259,598.00,598.00,598.00,598.00,0,CPA2027U
20250723,1259,607.00,607.00,607.00,607.00,0,CPA2027U
20250724,1259,606.70,606.70,606.70,606.70,0,CPA2027U
20250725,1259,604.75,604.75,604.75,604.75,0,CPA2027U
20250728,1259,587.95,587.95,587.95,587.95,0,CPA2027U
20250729,1259,588.75,588.75,588.75,588.75,0,CPA2027U
20250730,1259,584.45,584.45,584.45,584.45,0,CPA2027U
20250731,1259,468.90,468.90,468.90,468.90,0,CPA2027U
20250801,1259,476.05,476.05,476.05,476.05,0,CPA2027U
20250804,1259,475.75,475.75,475.75,475.75,0,CPA2027U
20250805,1259,471.35,471.35,471.35,471.35,0,CPA2027U
20250806,1259,474.80,474.80,474.80,474.80,0,CPA2027U
20250807,1259,474.60,474.60,474.60,474.60,0,CPA2027U
