Date,Time,Open,High,Low,Close,TradeVolume,Contract
20250319,1259,546.10,546.10,546.10,546.10,0,CPA2029N
20250320,1259,547.70,547.70,547.70,547.70,0,CPA2029N
20250321,1259,548.30,548.30,548.30,548.30,0,CPA2029N
20250324,1259,545.95,545.95,545.95,545.95,0,CPA2029N
20250325,1259,557.05,557.05,557.05,557.05,0,CPA2029N
20250326,1259,551.05,551.05,551.05,551.05,0,CPA2029N
20250327,1259,538.80,538.80,538.80,538.80,0,CPA2029N
20250328,1259,545.15,545.15,545.15,545.15,0,CPA2029N
20250331,1259,537.35,537.35,537.35,537.35,0,CPA2029N
20250401,1259,538.45,538.45,538.45,538.45,0,CPA2029N
20250402,1259,538.85,538.85,538.85,538.85,0,CPA2029N
20250403,1259,519.50,519.50,519.50,519.50,0,CPA2029N
20250404,1259,480.65,480.65,480.65,480.65,0,CPA2029N
20250407,1259,460.95,460.95,460.95,460.95,0,CPA2029N
20250408,1259,457.65,457.65,457.65,457.65,0,CPA2029N
20250409,1259,462.35,462.35,462.35,462.35,0,CPA2029N
20250410,1259,476.05,476.05,476.05,476.05,0,CPA2029N
20250411,1259,494.60,494.60,494.60,494.60,0,CPA2029N
20250414,1259,506.40,506.40,506.40,506.40,0,CPA2029N
20250415,1259,505.95,505.95,505.95,505.95,0,CPA2029N
20250416,1259,511.55,511.55,511.55,511.55,0,CPA2029N
20250417,1259,516.25,516.25,516.25,516.25,0,CPA2029N
20250421,1259,515.35,515.35,515.35,515.35,0,CPA2029N
20250422,1259,529.20,529.20,529.20,529.20,0,CPA2029N
20250423,1259,526.50,526.50,526.50,526.50,0,CPA2029N
20250424,1259,528.30,528.30,528.30,528.30,0,CPA2029N
20250425,1259,526.75,526.75,526.75,526.75,0,CPA2029N
20250428,1259,525.35,525.35,525.35,525.35,0,CPA2029N
20250429,1259,526.60,526.60,526.60,526.60,0,CPA2029N
20250430,1259,506.75,506.75,506.75,506.75,0,CPA2029N
20250501,1259,509.25,509.25,509.25,509.25,0,CPA2029N
20250502,1259,515.55,515.55,515.55,515.55,0,CPA2029N
20250505,1259,519.35,519.35,519.35,519.35,0,CPA2029N
20250506,1259,527.30,527.30,527.30,527.30,0,CPA2029N
20250507,1259,516.95,516.95,516.95,516.95,0,CPA2029N
20250508,1259,511.25,511.25,511.25,511.25,0,CPA2029N
20250509,1259,516.25,516.25,516.25,516.25,0,CPA2029N
20250512,1259,513.50,513.50,513.50,513.50,0,CPA2029N
20250513,1259,523.40,523.40,523.40,523.40,0,CPA2029N
20250514,1259,516.70,516.70,516.70,516.70,0,CPA2029N
20250515,1259,518.90,518.90,518.90,518.90,0,CPA2029N
20250516,1259,510.20,510.20,510.20,510.20,0,CPA2029N
20250519,1259,517.80,517.80,517.80,517.80,0,CPA2029N
20250520,1259,516.20,516.20,516.20,516.20,0,CPA2029N
20250521,1259,517.05,517.05,517.05,517.05,0,CPA2029N
20250522,1259,517.55,517.55,517.55,517.55,0,CPA2029N
20250523,1259,533.45,533.45,533.45,533.45,0,CPA2029N
20250527,1259,524.75,524.75,524.75,524.75,0,CPA2029N
20250528,1259,519.70,519.70,519.70,519.70,0,CPA2029N
20250529,1259,520.25,520.25,520.25,520.25,0,CPA2029N
20250530,1259,519.65,519.65,519.65,519.65,0,CPA2029N
20250602,1259,537.40,537.40,537.40,537.40,0,CPA2029N
20250603,1259,535.55,535.55,535.55,535.55,0,CPA2029N
20250604,1259,540.05,540.05,540.05,540.05,0,CPA2029N
20250605,1259,544.55,544.55,544.55,544.55,0,CPA2029N
20250606,1259,537.05,537.05,537.05,537.05,0,CPA2029N
20250609,1259,544.25,544.25,544.25,544.25,0,CPA2029N
20250610,1259,540.95,540.95,540.95,540.95,0,CPA2029N
20250611,1259,533.30,533.30,533.30,533.30,0,CPA2029N
20250612,1259,535.35,535.35,535.35,535.35,0,CPA2029N
20250613,1259,533.70,533.70,533.70,533.70,0,CPA2029N
20250616,1259,536.50,536.50,536.50,536.50,0,CPA2029N
20250617,1259,533.30,533.30,533.30,533.30,0,CPA2029N
20250618,1259,537.25,537.25,537.25,537.25,0,CPA2029N
20250620,1259,534.90,534.90,534.90,534.90,0,CPA2029N
20250623,1259,536.25,536.25,536.25,536.25,0,CPA2029N
20250624,1259,539.25,539.25,539.25,539.25,0,CPA2029N
20250625,1259,544.15,544.15,544.15,544.15,0,CPA2029N
20250626,1259,558.70,558.70,558.70,558.70,0,CPA2029N
20250627,1259,559.60,559.60,559.60,559.60,0,CPA2029N
20250630,1259,557.80,557.80,557.80,557.80,0,CPA2029N
20250701,1259,561.80,561.80,561.80,561.80,0,CPA2029N
20250702,1259,571.20,571.20,571.20,571.20,0,CPA2029N
20250703,1259,566.80,566.80,566.80,566.80,0,CPA2029N
20250707,1259,559.65,559.65,559.65,559.65,0,CPA2029N
20250708,1259,625.55,625.55,625.55,625.55,0,CPA2029N
20250709,1259,597.10,597.10,597.10,597.10,0,CPA2029N
20250710,1259,608.85,608.85,608.85,608.85,0,CPA2029N
20250711,1259,610.55,610.55,610.55,610.55,0,CPA2029N
20250714,1259,605.50,605.50,605.50,605.50,0,CPA2029N
20250715,1259,608.05,608.05,608.05,608.05,0,CPA2029N
20250716,1259,604.90,604.90,604.90,604.90,0,CPA2029N
20250717,1259,606.60,606.60,606.60,606.60,0,CPA2029N
20250718,1259,615.65,615.65,615.65,615.65,0,CPA2029N
20250721,1259,618.55,618.55,618.55,618.55,0,CPA2029N
20250722,1259,626.55,626.55,626.55,626.55,0,CPA2029N
20250723,1259,635.55,635.55,635.55,635.55,0,CPA2029N
20250724,1259,639.45,639.45,639.45,639.45,0,CPA2029N
20250725,1259,639.10,639.10,639.10,639.10,0,CPA2029N
20250728,1259,639.85,639.85,639.85,639.85,0,CPA2029N
20250729,1259,639.05,639.05,639.05,639.05,0,CPA2029N
20250730,1259,639.60,639.60,639.60,639.60,0,CPA2029N
20250731,1259,524.05,524.05,524.05,524.05,0,CPA2029N
20250801,1259,531.20,531.20,531.20,531.20,0,CPA2029N
20250804,1259,530.90,530.90,530.90,530.90,0,CPA2029N
20250805,1259,526.50,526.50,526.50,526.50,0,CPA2029N
20250806,1259,529.95,529.95,529.95,529.95,0,CPA2029N
20250807,1259,529.75,529.75,529.75,529.75,0,CPA2029N
