Date,Time,Open,High,Low,Close,TradeVolume,Contract
20240130,1259,399.70,399.70,399.70,399.70,0,CPA2026F
20240131,1259,399.15,399.15,399.15,399.15,0,CPA2026F
20240201,1259,394.85,394.85,394.85,394.85,0,CPA2026F
20240202,1259,393.00,393.00,393.00,393.00,0,CPA2026F
20240205,1259,389.15,389.15,389.15,389.15,0,CPA2026F
20240206,1259,389.85,389.85,389.85,389.85,0,CPA2026F
20240207,1259,386.10,386.10,386.10,386.10,0,CPA2026F
20240208,1259,382.20,382.20,382.20,382.20,0,CPA2026F
20240209,1259,379.90,379.90,379.90,379.90,0,CPA2026F
20240212,1259,383.45,383.45,383.45,383.45,0,CPA2026F
20240213,1259,381.85,381.85,381.85,381.85,0,CPA2026F
20240214,1259,379.50,379.50,379.50,379.50,0,CPA2026F
20240215,1259,383.85,383.85,383.85,383.85,0,CPA2026F
20240216,1259,391.65,391.65,391.65,391.65,0,CPA2026F
20240220,1259,393.60,393.60,393.60,393.60,0,CPA2026F
20240221,1259,394.80,394.80,394.80,394.80,0,CPA2026F
20240222,1259,397.95,397.95,397.95,397.95,0,CPA2026F
20240223,1259,397.15,397.15,397.15,397.15,0,CPA2026F
20240226,1259,390.05,390.05,390.05,390.05,0,CPA2026F
20240227,1259,392.25,392.25,392.25,392.25,0,CPA2026F
20240228,1259,390.55,390.55,390.55,390.55,0,CPA2026F
20240229,1259,390.95,390.95,390.95,390.95,0,CPA2026F
20240301,1259,392.65,392.65,392.65,392.65,0,CPA2026F
20240304,1259,392.55,392.55,392.55,392.55,0,CPA2026F
20240305,1259,391.70,391.70,391.70,391.70,0,CPA2026F
20240306,1259,394.25,394.25,394.25,394.25,0,CPA2026F
20240307,1259,399.05,399.05,399.05,399.05,0,CPA2026F
20240308,1259,396.00,396.00,396.00,396.00,0,CPA2026F
20240311,1259,399.40,399.40,399.40,399.40,0,CPA2026F
20240312,1259,399.75,399.75,399.75,399.75,0,CPA2026F
20240313,1259,410.75,410.75,410.75,410.75,0,CPA2026F
20240314,1259,410.70,410.70,410.70,410.70,0,CPA2026F
20240315,1259,419.00,419.00,419.00,419.00,0,CPA2026F
20240318,1259,419.60,419.60,419.60,419.60,0,CPA2026F
20240319,1259,414.95,414.95,414.95,414.95,0,CPA2026F
20240320,1259,413.05,413.05,413.05,413.05,0,CPA2026F
20240321,1259,415.20,415.20,415.20,415.20,0,CPA2026F
20240322,1259,410.40,410.40,410.40,410.40,0,CPA2026F
20240325,1259,411.90,411.90,411.90,411.90,0,CPA2026F
20240326,1259,411.40,411.40,411.40,411.40,0,CPA2026F
20240327,1259,410.90,410.90,410.90,410.90,0,CPA2026F
20240328,1259,412.25,412.25,412.25,412.25,0,CPA2026F
20240401,1259,416.50,416.50,416.50,416.50,0,CPA2026F
20240402,1259,419.00,419.00,419.00,419.00,0,CPA2026F
20240403,1259,431.75,431.75,431.75,431.75,0,CPA2026F
20240404,1259,437.00,437.00,437.00,437.00,0,CPA2026F
20240405,1259,435.85,435.85,435.85,435.85,0,CPA2026F
20240408,1259,438.85,438.85,438.85,438.85,0,CPA2026F
20240409,1259,439.55,439.55,439.55,439.55,0,CPA2026F
20240410,1259,438.55,438.55,438.55,438.55,0,CPA2026F
20240411,1259,437.35,437.35,437.35,437.35,0,CPA2026F
20240412,1259,437.85,437.85,437.85,437.85,0,CPA2026F
20240415,1259,445.40,445.40,445.40,445.40,0,CPA2026F
20240416,1259,438.25,438.25,438.25,438.25,0,CPA2026F
20240417,1259,440.70,440.70,440.70,440.70,0,CPA2026F
20240418,1259,451.25,451.25,451.25,451.25,0,CPA2026F
20240419,1259,456.65,456.65,456.65,456.65,0,CPA2026F
20240422,1259,454.75,454.75,454.75,454.75,0,CPA2026F
20240423,1259,450.00,450.00,450.00,450.00,0,CPA2026F
20240424,1259,452.25,452.25,452.25,452.25,0,CPA2026F
20240425,1259,457.75,457.75,457.75,457.75,0,CPA2026F
20240426,1259,462.35,462.35,462.35,462.35,0,CPA2026F
20240429,1259,470.80,470.80,470.80,470.80,0,CPA2026F
20240430,1259,460.55,460.55,460.55,460.55,0,CPA2026F
20240501,1259,457.85,457.85,457.85,457.85,0,CPA2026F
20240502,1259,452.40,452.40,452.40,452.40,0,CPA2026F
20240503,1259,459.30,459.30,459.30,459.30,0,CPA2026F
20240506,1259,464.70,464.70,464.70,464.70,0,CPA2026F
20240507,1259,464.40,464.40,464.40,464.40,0,CPA2026F
20240508,1259,458.85,458.85,458.85,458.85,0,CPA2026F
20240509,1259,460.75,460.75,460.75,460.75,0,CPA2026F
20240510,1259,462.00,462.00,462.00,462.00,0,CPA2026F
20240513,1259,468.70,468.70,468.70,468.70,0,CPA2026F
20240514,1259,461.80,461.80,461.80,461.80,0,CPA2026F
20240515,1259,469.90,469.90,469.90,469.90,0,CPA2026F
20240516,1259,474.55,474.55,474.55,474.55,0,CPA2026F
20240517,1259,488.40,488.40,488.40,488.40,0,CPA2026F
20240520,1259,496.55,496.55,496.55,496.55,0,CPA2026F
20240521,1259,496.75,496.75,496.75,496.75,0,CPA2026F
20240522,1259,477.90,477.90,477.90,477.90,0,CPA2026F
20240523,1259,475.85,475.85,475.85,475.85,0,CPA2026F
20240524,1259,474.20,474.20,474.20,474.20,0,CPA2026F
20240528,1259,484.90,484.90,484.90,484.90,0,CPA2026F
20240529,0538,486.75,486.75,486.75,486.75,1,CPA2026F
20240529,0606,486.75,486.75,486.75,486.75,1,CPA2026F
20240529,0611,486.75,486.75,486.75,486.75,2,CPA2026F
20240529,0614,486.75,486.75,486.75,486.75,1,CPA2026F
20240529,0632,486.75,486.75,486.75,486.75,1,CPA2026F
20240529,1259,481.35,481.35,481.35,481.35,0,CPA2026F
20240530,1259,468.10,468.10,468.10,468.10,0,CPA2026F
20240531,1259,465.20,465.20,465.20,465.20,0,CPA2026F
20240603,1259,470.00,470.00,470.00,470.00,0,CPA2026F
20240604,1259,457.40,457.40,457.40,457.40,0,CPA2026F
20240605,1259,459.60,459.60,459.60,459.60,0,CPA2026F
20240606,1259,467.75,467.75,467.75,467.75,0,CPA2026F
20240607,1259,453.00,453.00,453.00,453.00,0,CPA2026F
20240610,1259,458.75,458.75,458.75,458.75,0,CPA2026F
20240611,1259,452.80,452.80,452.80,452.80,0,CPA2026F
20240612,1259,459.10,459.10,459.10,459.10,0,CPA2026F
20240613,1259,452.55,452.55,452.55,452.55,0,CPA2026F
20240614,1259,451.95,451.95,451.95,451.95,0,CPA2026F
20240617,1259,448.30,448.30,448.30,448.30,0,CPA2026F
20240618,1259,451.00,451.00,451.00,451.00,0,CPA2026F
20240620,1259,457.20,457.20,457.20,457.20,0,CPA2026F
20240621,1259,449.40,449.40,449.40,449.40,0,CPA2026F
20240624,1259,448.25,448.25,448.25,448.25,0,CPA2026F
20240625,1259,444.75,444.75,444.75,444.75,0,CPA2026F
20240626,1259,444.85,444.85,444.85,444.85,0,CPA2026F
20240627,1259,443.85,443.85,443.85,443.85,0,CPA2026F
20240628,1259,447.70,447.70,447.70,447.70,0,CPA2026F
20240701,1259,450.15,450.15,450.15,450.15,0,CPA2026F
20240702,1259,449.50,449.50,449.50,449.50,0,CPA2026F
20240703,1259,459.40,459.40,459.40,459.40,0,CPA2026F
20240705,1259,466.15,466.15,466.15,466.15,0,CPA2026F
20240708,1259,464.90,464.90,464.90,464.90,0,CPA2026F
20240709,1259,461.60,461.60,461.60,461.60,0,CPA2026F
20240710,1259,462.45,462.45,462.45,462.45,0,CPA2026F
20240711,1259,457.70,457.70,457.70,457.70,0,CPA2026F
20240712,1259,463.45,463.45,463.45,463.45,0,CPA2026F
20240715,1259,459.65,459.65,459.65,459.65,0,CPA2026F
20240716,1259,453.80,453.80,453.80,453.80,0,CPA2026F
20240717,1259,451.85,451.85,451.85,451.85,0,CPA2026F
20240718,1035,442.85,442.85,442.85,442.85,1,CPA2026F
20240718,1259,440.50,440.50,440.50,440.50,0,CPA2026F
20240719,1259,436.40,436.40,436.40,436.40,0,CPA2026F
20240722,1259,432.90,432.90,432.90,432.90,0,CPA2026F
20240723,1259,428.45,428.45,428.45,428.45,0,CPA2026F
20240724,1259,425.20,425.20,425.20,425.20,0,CPA2026F
20240725,1259,426.70,426.70,426.70,426.70,0,CPA2026F
20240726,1259,428.00,428.00,428.00,428.00,0,CPA2026F
20240729,1259,424.45,424.45,424.45,424.45,0,CPA2026F
20240730,1259,424.80,424.80,424.80,424.80,0,CPA2026F
20240731,1259,433.35,433.35,433.35,433.35,0,CPA2026F
20240801,1259,425.45,425.45,425.45,425.45,0,CPA2026F
20240802,1259,427.30,427.30,427.30,427.30,0,CPA2026F
20240805,0637,417.50,417.50,417.50,417.50,1,CPA2026F
20240805,1259,416.55,416.55,416.55,416.55,0,CPA2026F
20240806,1259,419.05,419.05,419.05,419.05,0,CPA2026F
20240807,1259,413.15,413.15,413.15,413.15,0,CPA2026F
20240808,1259,413.10,413.10,413.10,413.10,0,CPA2026F
20240809,1259,415.80,415.80,415.80,415.80,0,CPA2026F
20240812,1259,422.80,422.80,422.80,422.80,0,CPA2026F
20240813,1259,420.85,420.85,420.85,420.85,0,CPA2026F
20240814,1259,419.45,419.45,419.45,419.45,0,CPA2026F
20240815,1259,428.05,428.05,428.05,428.05,0,CPA2026F
20240816,1259,429.85,429.85,429.85,429.85,0,CPA2026F
20240819,1259,433.35,433.35,433.35,433.35,0,CPA2026F
20240820,1259,431.35,431.35,431.35,431.35,0,CPA2026F
20240821,1259,432.85,432.85,432.85,432.85,0,CPA2026F
20240822,1259,429.85,429.85,429.85,429.85,0,CPA2026F
20240823,1259,435.10,435.10,435.10,435.10,0,CPA2026F
20240826,1259,439.25,439.25,439.25,439.25,0,CPA2026F
20240827,1259,441.80,441.80,441.80,441.80,0,CPA2026F
20240828,1259,434.50,434.50,434.50,434.50,0,CPA2026F
20240829,1259,435.45,435.45,435.45,435.45,0,CPA2026F
20240830,0814,436.10,436.10,436.10,436.10,1,CPA2026F
20240830,0844,436.90,436.90,436.90,436.90,1,CPA2026F
20240830,1259,434.20,434.20,434.20,434.20,0,CPA2026F
20240903,1259,421.40,421.40,421.40,421.40,0,CPA2026F
20240904,1259,420.45,420.45,420.45,420.45,0,CPA2026F
20240905,1259,426.55,426.55,426.55,426.55,0,CPA2026F
20240906,1259,421.50,421.50,421.50,421.50,0,CPA2026F
20240909,1259,428.35,428.35,428.35,428.35,0,CPA2026F
20240910,1259,423.40,423.40,423.40,423.40,0,CPA2026F
20240911,1259,427.35,427.35,427.35,427.35,0,CPA2026F
20240912,1259,432.25,432.25,432.25,432.25,0,CPA2026F
20240913,1259,435.35,435.35,435.35,435.35,0,CPA2026F
20240916,1259,439.50,439.50,439.50,439.50,0,CPA2026F
20240917,1259,440.15,440.15,440.15,440.15,0,CPA2026F
20240918,1259,441.65,441.65,441.65,441.65,0,CPA2026F
20240919,1259,446.15,446.15,446.15,446.15,0,CPA2026F
20240920,1259,446.35,446.35,446.35,446.35,0,CPA2026F
20240923,1259,447.05,447.05,447.05,447.05,0,CPA2026F
20240924,1146,459.80,459.80,459.80,459.80,1,CPA2026F
20240924,1259,459.95,459.95,459.95,459.95,0,CPA2026F
20240925,1259,461.15,461.15,461.15,461.15,0,CPA2026F
20240926,1259,471.75,471.75,471.75,471.75,0,CPA2026F
20240926,1643,473.35,473.35,473.35,473.35,1,CPA2026F
20240927,1259,469.45,469.45,469.45,469.45,0,CPA2026F
20240930,1259,462.80,462.80,462.80,462.80,0,CPA2026F
20241001,1259,469.05,469.05,469.05,469.05,0,CPA2026F
20241002,1259,475.05,475.05,475.05,475.05,0,CPA2026F
20241003,1259,467.00,467.00,467.00,467.00,0,CPA2026F
20241004,1259,470.15,470.15,470.15,470.15,0,CPA2026F
20241007,1259,469.70,469.70,469.70,469.70,0,CPA2026F
20241008,1259,460.35,460.35,460.35,460.35,0,CPA2026F
20241009,1259,454.20,454.20,454.20,454.20,0,CPA2026F
20241010,1259,456.55,456.55,456.55,456.55,0,CPA2026F
20241011,1259,462.75,462.75,462.75,462.75,0,CPA2026F
20241014,1259,455.80,455.80,455.80,455.80,0,CPA2026F
20241015,1259,449.90,449.90,449.90,449.90,0,CPA2026F
20241016,1259,452.05,452.05,452.05,452.05,0,CPA2026F
20241017,1259,448.90,448.90,448.90,448.90,0,CPA2026F
20241018,1259,454.90,454.90,454.90,454.90,0,CPA2026F
20241021,1259,452.70,452.70,452.70,452.70,0,CPA2026F
20241022,1259,454.60,454.60,454.60,454.60,0,CPA2026F
20241023,1259,451.30,451.30,451.30,451.30,0,CPA2026F
20241024,1259,452.25,452.25,452.25,452.25,0,CPA2026F
20241025,1259,453.00,453.00,453.00,453.00,0,CPA2026F
20241028,1259,451.85,451.85,451.85,451.85,0,CPA2026F
20241029,1259,451.10,451.10,451.10,451.10,0,CPA2026F
20241030,1224,450.70,450.70,450.70,450.70,1,CPA2026F
20241030,1259,450.10,450.10,450.10,450.10,0,CPA2026F
20241030,1520,451.55,451.55,451.55,451.55,1,CPA2026F
20241031,1259,449.05,449.05,449.05,449.05,0,CPA2026F
20241101,1259,452.45,452.45,452.45,452.45,0,CPA2026F
20241104,1056,458.30,458.30,458.30,458.30,1,CPA2026F
20241104,1259,457.40,457.40,457.40,457.40,0,CPA2026F
20241105,1259,461.10,461.10,461.10,461.10,0,CPA2026F
20241106,1259,440.40,440.40,440.40,440.40,0,CPA2026F
20241107,1259,457.55,457.55,457.55,457.55,0,CPA2026F
20241108,1259,446.40,446.40,446.40,446.40,0,CPA2026F
20241111,1259,439.25,439.25,439.25,439.25,0,CPA2026F
20241112,1259,430.85,430.85,430.85,430.85,0,CPA2026F
20241113,1259,425.10,425.10,425.10,425.10,0,CPA2026F
20241113,1634,424.85,425.00,424.85,425.00,6,CPA2026F
20241114,1259,425.05,425.05,425.05,425.05,0,CPA2026F
20241115,1259,421.80,421.80,421.80,421.80,0,CPA2026F
20241115,1635,423.00,423.00,423.00,423.00,1,CPA2026F
20241118,1259,427.20,427.20,427.20,427.20,0,CPA2026F
20241119,1259,428.60,428.60,428.60,428.60,0,CPA2026F
20241119,1637,431.20,431.20,431.20,431.20,1,CPA2026F
20241120,1259,428.95,428.95,428.95,428.95,0,CPA2026F
20241121,1259,426.80,426.80,426.80,426.80,0,CPA2026F
20241122,1259,423.70,423.70,423.70,423.70,0,CPA2026F
20241125,1259,426.55,426.55,426.55,426.55,0,CPA2026F
20241126,1259,422.75,422.75,422.75,422.75,0,CPA2026F
20241127,1259,424.45,424.45,424.45,424.45,0,CPA2026F
20241129,1259,424.75,424.75,424.75,424.75,0,CPA2026F
20241202,1259,424.15,424.15,424.15,424.15,0,CPA2026F
20241203,1259,430.55,430.55,430.55,430.55,0,CPA2026F
20241204,1259,430.95,430.95,430.95,430.95,0,CPA2026F
20241205,1259,429.90,429.90,429.90,429.90,0,CPA2026F
20241206,1259,429.75,429.75,429.75,429.75,0,CPA2026F
20241209,1259,437.45,437.45,437.45,437.45,0,CPA2026F
20241210,1259,436.75,436.75,436.75,436.75,0,CPA2026F
20241211,1259,435.20,435.20,435.20,435.20,0,CPA2026F
20241212,1259,433.40,433.40,433.40,433.40,0,CPA2026F
20241213,1259,428.90,428.90,428.90,428.90,0,CPA2026F
20241216,1259,428.50,428.50,428.50,428.50,0,CPA2026F
20241217,1259,425.70,425.70,425.70,425.70,0,CPA2026F
20241218,1259,427.00,427.00,427.00,427.00,0,CPA2026F
20241219,1259,419.80,419.80,419.80,419.80,0,CPA2026F
20241220,1259,421.75,421.75,421.75,421.75,0,CPA2026F
20241223,1259,420.55,420.55,420.55,420.55,0,CPA2026F
20241224,1159,422.90,422.90,422.90,422.90,0,CPA2026F
20241226,1259,424.95,424.95,424.95,424.95,0,CPA2026F
20241227,1259,424.80,424.80,424.80,424.80,0,CPA2026F
20241230,1259,422.10,422.10,422.10,422.10,0,CPA2026F
20241231,1259,415.80,415.80,415.80,415.80,0,CPA2026F
20250102,1259,415.65,415.65,415.65,415.65,0,CPA2026F
20250103,1259,419.70,419.70,419.70,419.70,0,CPA2026F
20250106,1259,427.30,427.30,427.30,427.30,0,CPA2026F
20250106,1641,427.00,427.00,427.00,427.00,1,CPA2026F
20250107,1259,431.20,431.20,431.20,431.20,0,CPA2026F
20250108,1259,436.30,436.30,436.30,436.30,0,CPA2026F
20250109,1132,439.75,439.75,439.75,439.75,1,CPA2026F
20250109,1259,440.35,440.35,440.35,440.35,0,CPA2026F
20250110,1259,439.35,439.35,439.35,439.35,0,CPA2026F
20250113,1259,443.05,443.05,443.05,443.05,0,CPA2026F
20250114,1259,445.60,445.60,445.60,445.60,0,CPA2026F
20250115,1259,449.25,449.25,449.25,449.25,0,CPA2026F
20250116,1259,454.80,454.80,454.80,454.80,0,CPA2026F
20250116,1301,454.05,454.05,454.05,454.05,1,CPA2026F
20250117,1259,448.45,448.45,448.45,448.45,0,CPA2026F
20250121,1259,447.10,447.10,447.10,447.10,0,CPA2026F
20250122,1259,444.10,444.10,444.10,444.10,0,CPA2026F
20250123,1259,446.30,446.30,446.30,446.30,0,CPA2026F
20250124,0503,451.25,451.25,451.25,451.25,1,CPA2026F
20250124,1259,447.25,447.25,447.25,447.25,0,CPA2026F
20250124,1651,447.50,447.50,447.50,447.50,2,CPA2026F
20250127,0607,443.40,443.40,443.40,443.40,1,CPA2026F
20250127,0804,444.50,444.50,444.50,444.50,1,CPA2026F
20250127,1259,439.40,439.40,439.40,439.40,0,CPA2026F
20250128,1259,439.80,439.80,439.80,439.80,0,CPA2026F
20250129,1259,443.05,443.05,443.05,443.05,0,CPA2026F
20250129,1615,443.90,443.90,443.90,443.90,2,CPA2026F
20250129,1616,444.00,444.00,444.00,444.00,3,CPA2026F
20250130,1259,447.15,447.15,447.15,447.15,0,CPA2026F
20250131,1213,445.00,445.00,445.00,445.00,3,CPA2026F
20250131,1259,444.05,444.05,444.05,444.05,0,CPA2026F
20250203,1132,445.00,445.00,445.00,445.00,1,CPA2026F
20250203,1259,445.80,445.80,445.80,445.80,0,CPA2026F
20250204,1259,450.35,450.35,450.35,450.35,0,CPA2026F
20250205,1259,459.00,459.00,459.00,459.00,0,CPA2026F
20250206,0424,463.55,463.55,463.55,463.55,1,CPA2026F
20250206,1259,461.65,461.65,461.65,461.65,0,CPA2026F
20250206,1311,462.00,462.00,462.00,462.00,1,CPA2026F
20250207,0838,469.00,469.00,469.00,469.00,1,CPA2026F
20250207,1137,471.70,471.70,471.70,471.70,1,CPA2026F
20250207,1151,472.65,472.65,472.65,472.65,1,CPA2026F
20250207,1259,474.30,474.30,474.30,474.30,0,CPA2026F
20250210,0339,473.50,473.50,473.50,473.50,1,CPA2026F
20250210,0542,477.35,477.35,477.35,477.35,1,CPA2026F
20250210,0643,477.00,477.00,477.00,477.00,1,CPA2026F
20250210,1216,483.80,483.80,483.80,483.80,2,CPA2026F
20250210,1259,485.00,485.00,485.00,485.00,0,CPA2026F
20250211,0227,480.20,480.20,480.20,480.20,1,CPA2026F
20250211,0553,474.00,474.00,474.00,474.00,1,CPA2026F
20250211,0819,468.70,468.70,468.70,468.70,1,CPA2026F
20250211,0933,470.00,470.00,470.00,470.00,1,CPA2026F
20250211,1128,472.80,472.80,472.80,472.80,1,CPA2026F
20250211,1250,474.00,474.00,474.00,474.00,1,CPA2026F
20250211,1259,474.75,474.75,474.75,474.75,0,CPA2026F
20250211,1554,474.85,474.85,474.85,474.85,1,CPA2026F
20250211,1654,475.00,475.00,475.00,475.00,1,CPA2026F
20250212,0035,475.05,475.05,475.05,475.05,1,CPA2026F
20250212,1054,481.15,481.15,481.15,481.15,1,CPA2026F
20250212,1259,486.10,486.10,486.10,486.10,0,CPA2026F
20250213,1259,494.30,494.30,494.30,494.30,0,CPA2026F
20250214,0903,487.40,487.40,487.40,487.40,1,CPA2026F
20250214,0950,487.75,487.75,487.75,487.75,1,CPA2026F
20250214,1042,482.05,482.05,482.05,482.05,1,CPA2026F
20250214,1209,482.05,482.05,482.05,482.05,1,CPA2026F
20250214,1225,482.80,482.80,482.80,482.80,1,CPA2026F
20250214,1259,483.45,483.45,483.45,483.45,0,CPA2026F
20250214,1520,482.10,482.10,482.10,482.10,1,CPA2026F
20250216,2031,483.05,483.05,483.05,483.05,1,CPA2026F
20250217,0336,479.90,479.90,479.90,479.90,1,CPA2026F
20250217,2039,475.40,475.40,475.40,475.40,1,CPA2026F
20250218,0944,473.75,473.75,473.75,473.75,1,CPA2026F
20250218,1146,476.40,476.40,476.40,476.40,1,CPA2026F
20250218,1259,477.80,477.80,477.80,477.80,0,CPA2026F
20250219,1259,474.85,474.85,474.85,474.85,0,CPA2026F
20250220,1020,480.80,480.80,480.80,480.80,1,CPA2026F
20250220,1259,479.80,479.80,479.80,479.80,0,CPA2026F
20250221,1259,475.35,475.35,475.35,475.35,0,CPA2026F
20250224,0319,471.80,471.80,471.80,471.80,1,CPA2026F
20250224,0350,472.50,472.50,472.50,472.50,1,CPA2026F
20250224,0943,470.80,470.80,470.80,470.80,1,CPA2026F
20250224,1144,470.60,470.60,470.60,470.60,3,CPA2026F
20250224,1259,470.20,470.20,470.20,470.20,0,CPA2026F
20250224,1808,470.00,470.00,470.00,470.00,2,CPA2026F
20250225,0638,472.80,472.80,472.80,472.80,1,CPA2026F
20250225,0946,470.90,470.90,470.90,470.90,1,CPA2026F
20250225,1259,466.70,466.70,466.70,466.70,0,CPA2026F
20250225,1848,480.85,480.85,480.85,480.85,1,CPA2026F
20250225,1849,482.00,482.00,482.00,482.00,1,CPA2026F
20250225,2017,485.00,485.00,485.00,485.00,1,CPA2026F
20250225,2054,483.70,483.70,483.70,483.70,1,CPA2026F
20250226,0807,478.35,478.35,478.35,478.35,1,CPA2026F
20250226,0914,475.30,475.30,475.30,475.30,1,CPA2026F
20250226,1259,472.50,472.50,472.50,472.50,0,CPA2026F
20250226,1512,471.00,471.00,471.00,471.00,1,CPA2026F
20250227,0354,473.40,473.40,473.40,473.40,1,CPA2026F
20250227,0844,480.00,480.00,480.00,480.00,1,CPA2026F
20250227,1009,473.85,473.85,473.85,473.85,1,CPA2026F
20250227,1259,475.60,475.60,475.60,475.60,0,CPA2026F
20250227,1525,473.90,473.90,473.90,473.90,1,CPA2026F
20250228,0135,469.00,469.00,469.00,469.00,1,CPA2026F
20250228,0834,470.00,470.00,470.00,470.00,1,CPA2026F
20250228,1036,468.20,468.20,468.20,468.20,1,CPA2026F
20250228,1259,469.20,469.20,469.20,469.20,0,CPA2026F
20250302,1804,474.40,474.40,474.40,474.40,1,CPA2026F
20250303,0346,469.00,469.00,469.00,469.00,1,CPA2026F
20250303,0507,472.10,472.10,472.10,472.10,1,CPA2026F
20250303,0857,477.40,477.40,477.40,477.40,1,CPA2026F
20250303,1022,477.90,477.90,477.90,477.90,1,CPA2026F
20250303,1030,477.00,477.00,477.00,477.00,1,CPA2026F
20250303,1259,476.00,476.00,476.00,476.00,0,CPA2026F
20250304,0823,473.80,473.80,473.80,473.80,1,CPA2026F
20250304,0944,472.80,472.80,472.80,472.80,1,CPA2026F
20250304,1022,469.40,469.40,469.40,469.40,1,CPA2026F
20250304,1029,470.10,470.10,470.10,470.10,1,CPA2026F
20250304,1039,469.80,469.80,469.80,469.80,1,CPA2026F
20250304,1109,467.95,467.95,467.95,467.95,1,CPA2026F
20250304,1259,471.20,471.20,471.20,471.20,0,CPA2026F
20250304,1521,473.40,473.40,473.40,473.40,1,CPA2026F
20250305,0119,482.10,482.10,482.10,482.10,1,CPA2026F
20250305,0130,482.00,482.00,482.00,482.00,1,CPA2026F
20250305,0238,490.00,490.00,490.00,490.00,1,CPA2026F
20250305,0255,487.20,487.20,487.20,487.20,1,CPA2026F
20250305,0456,491.80,491.80,491.80,491.80,1,CPA2026F
20250305,0551,494.40,494.40,494.40,494.40,1,CPA2026F
20250305,0632,492.00,492.00,492.00,492.00,1,CPA2026F
20250305,0850,489.55,489.55,489.55,489.55,1,CPA2026F
20250305,1000,494.40,494.40,494.40,494.40,1,CPA2026F
20250305,1112,496.20,496.20,496.20,496.20,1,CPA2026F
20250305,1124,496.60,496.60,496.60,496.60,1,CPA2026F
20250305,1211,494.30,494.30,494.30,494.30,1,CPA2026F
20250305,1259,494.45,494.45,494.45,494.45,0,CPA2026F
20250305,2031,497.50,497.50,497.50,497.50,1,CPA2026F
20250306,0129,493.50,493.50,493.50,493.50,1,CPA2026F
20250306,0419,489.20,489.20,489.20,489.20,1,CPA2026F
20250306,0659,492.20,492.20,492.20,492.20,1,CPA2026F
20250306,0943,497.50,497.50,497.50,497.50,1,CPA2026F
20250306,0956,496.10,496.10,496.10,496.10,1,CPA2026F
20250306,1259,495.30,495.30,495.30,495.30,0,CPA2026F
20250306,2236,492.20,492.20,492.20,492.20,1,CPA2026F
20250307,0746,489.00,489.00,489.00,489.00,1,CPA2026F
20250307,0906,486.20,486.20,486.20,486.20,1,CPA2026F
20250307,0947,490.00,490.00,490.00,490.00,1,CPA2026F
20250307,0952,491.85,491.85,491.85,491.85,1,CPA2026F
20250307,0956,492.30,492.30,492.30,492.30,1,CPA2026F
20250307,1023,491.40,491.40,491.40,491.40,1,CPA2026F
20250307,1041,489.00,489.00,489.00,489.00,1,CPA2026F
20250307,1109,490.90,490.90,490.90,490.90,1,CPA2026F
20250307,1133,488.50,488.50,488.50,488.50,1,CPA2026F
20250307,1158,485.40,485.40,485.40,485.40,1,CPA2026F
20250307,1259,486.75,486.75,486.75,486.75,0,CPA2026F
20250307,1417,487.00,487.00,487.00,487.00,1,CPA2026F
20250309,1800,485.20,485.20,485.20,485.20,1,CPA2026F
20250309,2233,485.20,485.20,485.20,485.20,1,CPA2026F
20250310,0303,486.00,486.00,486.00,486.00,1,CPA2026F
20250310,0350,483.50,483.50,483.50,483.50,1,CPA2026F
20250310,0523,483.80,483.80,483.80,483.80,1,CPA2026F
20250310,0931,485.65,485.65,485.65,485.65,2,CPA2026F
20250310,0943,485.30,485.30,485.30,485.30,1,CPA2026F
20250310,0954,483.30,483.30,483.30,483.30,1,CPA2026F
20250310,1259,482.80,482.80,482.80,482.80,0,CPA2026F
20250310,2007,480.60,480.60,480.60,480.60,1,CPA2026F
20250310,2201,481.10,481.10,481.10,481.10,1,CPA2026F
20250310,2209,482.55,482.55,482.55,482.55,1,CPA2026F
20250310,2249,481.20,481.20,481.20,481.20,1,CPA2026F
20250311,0225,482.80,482.80,482.80,482.80,1,CPA2026F
20250311,0450,483.80,483.80,483.80,483.80,1,CPA2026F
20250311,0548,487.00,487.00,487.00,487.00,1,CPA2026F
20250311,0616,489.50,489.50,489.50,489.50,1,CPA2026F
20250311,0715,490.90,490.90,490.90,490.90,1,CPA2026F
20250311,0842,489.40,489.40,489.40,489.40,1,CPA2026F
20250311,1007,492.85,492.85,492.85,492.85,1,CPA2026F
20250311,1042,490.20,490.20,490.20,490.20,1,CPA2026F
20250311,1138,491.50,491.50,491.50,491.50,1,CPA2026F
20250311,1259,492.70,492.70,492.70,492.70,0,CPA2026F
20250311,2316,499.00,499.00,499.00,499.00,1,CPA2026F
20250311,2340,498.10,498.10,498.10,498.10,1,CPA2026F
20250312,0238,496.50,496.50,496.50,496.50,1,CPA2026F
20250312,0244,496.00,496.00,496.00,496.00,1,CPA2026F
20250312,0318,495.25,495.25,495.25,495.25,1,CPA2026F
20250312,0358,497.20,497.20,497.20,497.20,1,CPA2026F
20250312,0750,502.80,502.80,502.80,502.80,1,CPA2026F
20250312,0835,503.70,503.70,503.70,503.70,1,CPA2026F
20250312,0903,504.25,504.25,504.25,504.25,1,CPA2026F
20250312,0947,503.70,503.70,503.70,503.70,1,CPA2026F
20250312,1034,498.00,498.00,498.00,498.00,1,CPA2026F
20250312,1259,501.30,501.30,501.30,501.30,0,CPA2026F
20250313,0325,498.00,498.00,498.00,498.00,1,CPA2026F
20250313,1120,505.60,505.60,505.60,505.60,2,CPA2026F
20250313,1204,507.15,507.15,507.15,507.15,5,CPA2026F
20250313,1259,508.80,508.80,508.80,508.80,0,CPA2026F
20250313,2223,510.00,510.00,510.00,510.00,2,CPA2026F
20250314,1259,506.20,506.20,506.20,506.20,0,CPA2026F
20250314,1322,506.30,506.30,506.30,506.30,1,CPA2026F
20250314,1323,506.30,506.30,506.30,506.30,2,CPA2026F
20250317,1259,512.80,512.80,512.80,512.80,0,CPA2026F
20250317,1320,514.10,514.10,514.10,514.10,2,CPA2026F
20250318,0813,516.50,516.50,516.50,516.50,2,CPA2026F
20250318,1259,518.95,518.95,518.95,518.95,0,CPA2026F
20250319,1137,526.00,526.00,526.00,526.00,1,CPA2026F
20250319,1259,526.85,526.85,526.85,526.85,0,CPA2026F
20250320,1035,525.25,525.25,525.25,525.25,2,CPA2026F
20250320,1036,525.25,525.25,525.25,525.25,2,CPA2026F
20250320,1040,525.85,525.85,525.85,525.85,4,CPA2026F
20250320,1259,528.00,528.00,528.00,528.00,0,CPA2026F
20250321,0556,520.75,520.75,520.75,520.75,1,CPA2026F
20250321,1127,524.40,524.40,524.40,524.40,1,CPA2026F
20250321,1259,528.10,528.10,528.10,528.10,0,CPA2026F
20250324,1003,529.20,529.20,529.20,529.20,1,CPA2026F
20250324,1040,528.20,528.20,528.20,528.20,1,CPA2026F
20250324,1259,525.85,525.85,525.85,525.85,0,CPA2026F
20250324,2151,527.60,527.60,527.60,527.60,1,CPA2026F
20250325,1259,537.45,537.45,537.45,537.45,0,CPA2026F
20250325,2117,545.20,545.20,545.20,545.20,1,CPA2026F
20250326,1259,536.45,536.45,536.45,536.45,0,CPA2026F
20250326,1501,535.00,535.00,535.00,535.00,2,CPA2026F
20250326,1504,535.00,535.00,535.00,535.00,2,CPA2026F
20250326,2116,532.90,532.90,532.90,532.90,2,CPA2026F
20250327,1259,523.90,523.90,523.90,523.90,0,CPA2026F
20250327,1306,524.30,524.30,524.30,524.30,1,CPA2026F
20250327,1307,524.30,524.30,524.30,524.30,1,CPA2026F
20250328,1259,525.50,525.50,525.50,525.50,0,CPA2026F
20250331,1259,516.90,516.90,516.90,516.90,0,CPA2026F
20250401,1259,517.85,517.85,517.85,517.85,0,CPA2026F
20250402,1259,518.10,518.10,518.10,518.10,0,CPA2026F
20250403,0911,500.90,500.90,499.85,499.85,2,CPA2026F
20250403,0912,500.70,500.70,500.70,500.70,1,CPA2026F
20250403,1259,497.65,497.65,497.65,497.65,0,CPA2026F
20250404,0530,487.40,487.40,487.40,487.40,1,CPA2026F
20250404,0657,479.80,479.80,479.80,479.80,1,CPA2026F
20250404,1259,455.15,455.15,455.15,455.15,0,CPA2026F
20250406,1803,425.00,425.00,425.00,425.00,1,CPA2026F
20250406,1821,431.05,431.80,431.05,431.80,2,CPA2026F
20250406,1932,436.60,436.60,436.60,436.60,1,CPA2026F
20250406,1940,433.00,433.00,433.00,433.00,1,CPA2026F
20250406,2013,430.80,430.80,430.80,430.80,1,CPA2026F
20250406,2041,433.80,433.80,433.80,433.80,1,CPA2026F
20250406,2052,431.80,431.80,431.80,431.80,1,CPA2026F
20250406,2055,433.80,433.80,433.80,433.80,1,CPA2026F
20250406,2100,432.80,432.80,432.80,432.80,1,CPA2026F
20250406,2110,432.80,432.80,432.80,432.80,1,CPA2026F
20250407,0112,453.00,453.00,453.00,453.00,1,CPA2026F
20250407,0401,447.80,447.80,447.80,447.80,1,CPA2026F
20250407,0428,452.55,452.55,452.55,452.55,6,CPA2026F
20250407,0735,455.00,455.00,455.00,455.00,1,CPA2026F
20250407,0736,457.30,457.30,457.30,457.30,1,CPA2026F
20250407,0812,446.80,446.80,446.80,446.80,1,CPA2026F
20250407,0842,433.65,433.65,433.65,433.65,1,CPA2026F
20250407,0856,443.80,443.80,443.80,443.80,1,CPA2026F
20250407,0911,445.20,445.20,445.20,445.20,1,CPA2026F
20250407,1013,456.90,456.90,456.90,456.90,1,CPA2026F
20250407,1115,438.80,438.80,438.80,438.80,1,CPA2026F
20250407,1259,435.05,435.05,435.05,435.05,0,CPA2026F
20250407,1302,439.70,439.70,439.70,439.70,1,CPA2026F
20250407,1608,443.80,443.80,443.80,443.80,1,CPA2026F
20250407,2058,441.80,441.80,441.80,441.80,1,CPA2026F
20250407,2135,443.80,443.80,443.80,443.80,1,CPA2026F
20250408,0245,448.20,448.20,448.20,448.20,1,CPA2026F
20250408,0703,441.80,441.80,440.40,440.40,2,CPA2026F
20250408,0710,441.80,441.80,441.80,441.80,1,CPA2026F
20250408,0820,441.40,441.40,441.40,441.40,1,CPA2026F
20250408,0827,441.75,441.75,441.75,441.75,1,CPA2026F
20250408,0829,442.35,442.35,442.35,442.35,1,CPA2026F
20250408,0947,440.80,440.80,440.80,440.80,1,CPA2026F
20250408,1259,431.30,431.30,431.30,431.30,0,CPA2026F
20250408,1300,430.80,430.80,430.80,430.80,1,CPA2026F
20250408,1430,433.80,433.80,433.80,433.80,1,CPA2026F
20250408,1442,429.70,429.80,429.70,429.80,2,CPA2026F
20250408,1531,428.70,428.70,428.70,428.70,2,CPA2026F
20250408,2038,424.80,424.80,424.80,424.80,1,CPA2026F
20250409,0328,437.60,437.60,437.60,437.60,1,CPA2026F
20250409,1259,436.10,436.10,436.10,436.10,0,CPA2026F
20250409,1333,455.65,455.65,455.65,455.65,1,CPA2026F
20250409,1336,457.35,457.35,457.35,457.35,1,CPA2026F
20250409,1435,458.60,458.60,458.60,458.60,1,CPA2026F
20250409,1446,457.00,457.00,457.00,457.00,1,CPA2026F
20250409,1515,460.00,460.00,460.00,460.00,1,CPA2026F
20250409,1601,460.30,460.30,460.30,460.30,1,CPA2026F
20250409,1900,459.75,459.75,459.75,459.75,1,CPA2026F
20250409,1901,459.75,459.75,459.75,459.75,1,CPA2026F
20250409,1915,457.55,457.55,457.55,457.55,1,CPA2026F
20250409,2210,459.70,459.70,459.70,459.70,1,CPA2026F
20250409,2230,459.00,459.00,459.00,459.00,1,CPA2026F
20250409,2323,459.70,459.70,459.70,459.70,1,CPA2026F
20250410,0014,457.50,457.50,457.50,457.50,1,CPA2026F
20250410,0057,459.70,459.70,459.70,459.70,1,CPA2026F
20250410,0244,458.00,458.00,458.00,458.00,1,CPA2026F
20250410,0313,455.00,455.00,455.00,455.00,1,CPA2026F
20250410,0324,452.65,452.65,452.65,452.65,1,CPA2026F
20250410,1030,456.80,456.80,456.80,456.80,1,CPA2026F
20250410,1106,459.25,459.25,459.25,459.25,1,CPA2026F
20250410,1144,454.80,454.80,454.80,454.80,1,CPA2026F
20250410,1157,453.30,453.30,452.80,452.80,2,CPA2026F
20250410,1259,450.30,450.30,450.30,450.30,0,CPA2026F
20250410,1426,454.80,454.80,454.80,454.80,1,CPA2026F
20250410,2035,453.80,453.80,453.80,453.80,1,CPA2026F
20250410,2144,451.80,451.80,451.80,451.80,1,CPA2026F
20250411,0059,453.80,453.80,453.80,453.80,1,CPA2026F
20250411,0140,458.30,458.30,458.30,458.30,1,CPA2026F
20250411,1208,471.65,471.65,471.65,471.65,1,CPA2026F
20250411,1259,468.90,468.90,468.90,468.90,0,CPA2026F
20250411,1535,471.75,471.75,471.75,471.75,1,CPA2026F
20250411,1657,472.85,472.85,472.85,472.85,2,CPA2026F
20250413,1805,474.15,474.15,474.15,474.15,1,CPA2026F
20250413,1839,472.95,472.95,472.95,472.95,1,CPA2026F
20250413,2138,473.30,473.30,473.30,473.30,1,CPA2026F
20250413,2257,469.80,469.80,469.80,469.80,1,CPA2026F
20250414,0521,473.50,473.50,473.50,473.50,1,CPA2026F
20250414,0604,476.30,476.30,476.30,476.30,1,CPA2026F
20250414,0725,476.90,476.90,476.90,476.90,1,CPA2026F
20250414,0824,474.55,474.55,474.55,474.55,1,CPA2026F
20250414,0900,473.50,473.50,473.50,473.50,1,CPA2026F
20250414,0954,473.90,473.90,473.90,473.90,1,CPA2026F
20250414,1048,476.80,476.80,476.80,476.80,1,CPA2026F
20250414,1259,480.15,480.15,480.15,480.15,0,CPA2026F
20250414,1815,483.80,483.80,483.80,483.80,1,CPA2026F
20250415,0112,482.50,482.50,482.50,482.50,1,CPA2026F
20250415,1042,480.30,480.30,480.30,480.30,1,CPA2026F
20250415,1259,480.15,480.15,480.15,480.15,0,CPA2026F
20250416,0427,478.20,478.20,478.20,478.20,1,CPA2026F
20250416,0509,475.90,475.90,475.90,475.90,1,CPA2026F
20250416,1111,481.75,481.75,481.75,481.75,1,CPA2026F
20250416,1259,485.85,485.85,485.85,485.85,0,CPA2026F
20250416,2047,487.80,487.80,487.80,487.80,1,CPA2026F
20250417,0234,475.75,475.75,475.75,475.75,1,CPA2026F
20250417,1259,490.75,490.75,490.75,490.75,0,CPA2026F
20250417,1305,487.05,487.05,487.05,487.05,1,CPA2026F
20250421,1259,489.90,489.90,489.90,489.90,0,CPA2026F
20250421,1616,489.65,489.65,489.65,489.65,1,CPA2026F
20250421,2329,494.35,494.35,494.35,494.35,1,CPA2026F
20250422,0422,490.25,490.25,490.25,490.25,1,CPA2026F
20250422,1259,504.35,504.35,504.35,504.35,0,CPA2026F
20250423,0952,502.60,502.60,502.60,502.60,1,CPA2026F
20250423,1259,501.35,501.35,501.35,501.35,0,CPA2026F
20250424,1034,501.80,501.80,501.80,501.80,7,CPA2026F
20250424,1259,503.35,503.35,503.35,503.35,0,CPA2026F
20250424,1932,506.55,506.55,506.55,506.55,2,CPA2026F
20250425,0156,498.85,498.85,498.85,498.85,1,CPA2026F
20250425,0239,499.00,499.00,499.00,499.00,1,CPA2026F
20250425,0409,493.15,493.15,493.15,493.15,1,CPA2026F
20250425,1154,501.60,501.60,501.60,501.60,1,CPA2026F
20250425,1157,502.00,502.00,502.00,502.00,1,CPA2026F
20250425,1227,502.80,502.85,502.80,502.85,4,CPA2026F
20250425,1259,501.75,501.75,501.75,501.75,0,CPA2026F
20250427,1838,502.60,502.60,502.60,502.60,1,CPA2026F
20250428,1259,500.75,500.75,500.75,500.75,0,CPA2026F
20250429,0433,503.90,503.90,503.90,503.90,1,CPA2026F
20250429,0540,506.70,506.70,506.70,506.70,1,CPA2026F
20250429,0946,503.40,503.40,503.40,503.40,1,CPA2026F
20250429,1036,499.90,499.90,499.90,499.90,1,CPA2026F
20250429,1259,499.25,499.25,499.25,499.25,0,CPA2026F
20250429,1602,497.25,497.25,497.25,497.25,1,CPA2026F
20250430,0239,489.20,489.20,489.20,489.20,1,CPA2026F
20250430,0242,488.70,488.70,488.70,488.70,1,CPA2026F
20250430,0330,482.85,482.85,482.85,482.85,1,CPA2026F
20250430,0916,470.25,470.25,470.25,470.25,1,CPA2026F
20250430,1208,472.75,472.85,472.75,472.85,2,CPA2026F
20250430,1209,472.95,472.95,472.95,472.95,3,CPA2026F
20250430,1210,473.10,473.10,473.10,473.10,6,CPA2026F
20250430,1259,473.35,473.35,473.35,473.35,0,CPA2026F
20250501,1259,475.55,475.55,475.55,475.55,0,CPA2026F
20250501,2204,479.90,479.90,479.90,479.90,1,CPA2026F
20250502,1259,480.45,480.45,480.45,480.45,0,CPA2026F
20250505,1259,483.20,483.20,483.20,483.20,0,CPA2026F
20250506,0931,489.60,489.60,489.60,489.60,1,CPA2026F
20250506,1259,491.05,491.05,491.05,491.05,0,CPA2026F
20250507,1259,479.80,479.80,479.80,479.80,0,CPA2026F
20250508,1259,474.10,474.10,474.10,474.10,0,CPA2026F
20250508,2225,466.95,466.95,466.95,466.95,1,CPA2026F
20250509,0336,476.00,476.00,476.00,476.00,1,CPA2026F
20250509,0401,473.10,473.10,473.10,473.10,1,CPA2026F
20250509,1259,478.95,478.95,478.95,478.95,0,CPA2026F
20250509,1643,479.20,479.20,479.20,479.20,1,CPA2026F
20250512,1219,473.00,473.00,473.00,473.00,1,CPA2026F
20250512,1259,475.85,475.85,475.85,475.85,0,CPA2026F
20250513,1259,485.95,485.95,485.95,485.95,0,CPA2026F
20250514,1259,478.95,478.95,478.95,478.95,0,CPA2026F
20250515,0933,477.35,477.35,477.35,477.35,1,CPA2026F
20250515,1259,481.95,481.95,481.95,481.95,0,CPA2026F
20250516,1259,473.35,473.35,473.35,473.35,0,CPA2026F
20250519,1259,481.35,481.35,481.35,481.35,0,CPA2026F
20250519,1556,480.40,480.40,480.40,480.40,2,CPA2026F
20250520,1010,478.70,478.70,478.70,478.70,1,CPA2026F
20250520,1259,479.70,479.70,479.70,479.70,0,CPA2026F
20250520,1548,481.70,481.70,481.70,481.70,1,CPA2026F
20250521,1259,481.25,481.25,481.25,481.25,0,CPA2026F
20250522,0103,486.75,486.75,486.75,486.75,1,CPA2026F
20250522,1259,481.95,481.95,481.95,481.95,0,CPA2026F
20250522,1437,483.00,483.00,483.00,483.00,1,CPA2026F
20250523,1103,491.60,491.60,491.60,491.60,6,CPA2026F
20250523,1259,497.60,497.60,497.60,497.60,0,CPA2026F
20250526,2117,495.45,495.45,495.45,495.45,1,CPA2026F
20250527,1259,488.30,488.30,488.30,488.30,0,CPA2026F
20250528,1259,482.30,482.30,482.30,482.30,0,CPA2026F
20250528,1941,480.50,480.50,480.50,480.50,1,CPA2026F
20250529,1259,482.65,482.65,482.65,482.65,0,CPA2026F
20250529,1522,482.65,482.65,482.65,482.65,3,CPA2026F
20250530,1259,482.60,482.60,482.60,482.60,0,CPA2026F
20250601,2305,500.00,500.00,500.00,500.00,1,CPA2026F
20250602,0311,504.90,504.90,504.90,504.90,1,CPA2026F
20250602,0334,507.50,507.50,507.50,507.50,1,CPA2026F
20250602,0405,506.10,506.10,506.10,506.10,1,CPA2026F
20250602,1259,500.20,500.20,500.20,500.20,0,CPA2026F
20250603,1259,498.05,498.05,498.05,498.05,0,CPA2026F
20250603,1436,500.00,500.00,500.00,500.00,1,CPA2026F
20250604,1259,503.00,503.00,503.00,503.00,0,CPA2026F
20250605,0435,506.60,506.60,506.60,506.60,1,CPA2026F
20250605,0546,515.00,515.00,515.00,515.00,1,CPA2026F
20250605,0605,513.35,513.35,513.35,513.35,1,CPA2026F
20250605,1116,511.20,511.20,511.20,511.20,2,CPA2026F
20250605,1155,507.15,507.15,507.15,507.15,1,CPA2026F
20250605,1259,507.35,507.35,507.35,507.35,0,CPA2026F
20250606,0328,504.40,504.40,504.40,504.40,2,CPA2026F
20250606,0952,508.60,508.60,508.60,508.60,1,CPA2026F
20250606,1259,499.50,499.50,499.50,499.50,0,CPA2026F
20250609,0937,504.25,504.25,504.25,504.25,2,CPA2026F
20250609,1155,508.15,508.15,508.15,508.15,4,CPA2026F
20250609,1259,507.10,507.10,507.10,507.10,0,CPA2026F
20250610,1259,503.95,503.95,503.95,503.95,0,CPA2026F
20250610,1801,501.10,501.10,501.10,501.10,2,CPA2026F
20250611,1259,495.35,495.35,495.35,495.35,0,CPA2026F
20250612,1200,497.15,497.15,497.15,497.15,1,CPA2026F
20250612,1259,497.40,497.40,497.40,497.40,0,CPA2026F
20250613,1259,495.45,495.45,495.45,495.45,0,CPA2026F
20250616,1259,498.20,498.20,498.20,498.20,0,CPA2026F
20250617,1043,492.70,492.70,492.70,492.70,1,CPA2026F
20250617,1259,495.10,495.10,495.10,495.10,0,CPA2026F
20250617,1652,493.00,493.00,493.00,493.00,1,CPA2026F
20250618,1259,499.30,499.30,499.30,499.30,0,CPA2026F
20250618,1814,500.00,500.00,500.00,500.00,1,CPA2026F
20250620,1259,497.00,497.00,497.00,497.00,0,CPA2026F
20250623,1259,498.85,498.85,498.85,498.85,0,CPA2026F
20250624,0514,506.00,506.00,506.00,506.00,1,CPA2026F
20250624,1259,501.30,501.30,501.30,501.30,0,CPA2026F
20250625,1259,506.05,506.05,506.05,506.05,0,CPA2026F
20250625,1628,506.55,506.55,506.55,506.55,2,CPA2026F
20250625,2252,510.00,510.00,510.00,510.00,1,CPA2026F
20250626,0443,515.00,515.00,515.00,515.00,1,CPA2026F
20250626,0450,520.00,520.00,520.00,520.00,1,CPA2026F
20250626,1259,521.00,521.00,521.00,521.00,0,CPA2026F
20250627,1259,521.20,521.20,521.20,521.20,0,CPA2026F
20250630,1259,517.00,517.00,517.00,517.00,0,CPA2026F
20250701,0926,525.15,525.15,525.15,525.15,1,CPA2026F
20250701,1106,523.10,523.10,523.10,523.10,2,CPA2026F
20250701,1239,517.60,517.60,517.60,517.60,1,CPA2026F
20250701,1259,518.80,518.80,518.80,518.80,0,CPA2026F
20250702,1259,528.75,528.75,528.75,528.75,0,CPA2026F
20250703,1259,523.45,523.45,523.45,523.45,0,CPA2026F
20250707,1259,512.00,512.00,512.00,512.00,0,CPA2026F
20250708,1257,550.00,550.00,550.00,550.00,1,CPA2026F
20250708,1259,577.85,577.85,577.85,577.85,0,CPA2026F
20250708,1300,568.55,568.55,568.55,568.55,1,CPA2026F
20250708,1558,554.35,554.35,554.35,554.35,1,CPA2026F
20250709,1259,556.55,556.55,556.55,556.55,0,CPA2026F
20250709,1349,560.95,560.95,560.95,560.95,1,CPA2026F
20250709,1350,561.40,561.40,561.40,561.40,1,CPA2026F
20250709,1356,561.70,561.70,561.70,561.70,1,CPA2026F
20250710,1259,567.60,567.60,567.60,567.60,0,CPA2026F
20250711,1259,569.40,569.40,569.40,569.40,0,CPA2026F
20250714,1259,563.95,563.95,563.95,563.95,0,CPA2026F
20250714,1333,563.85,563.85,563.85,563.85,1,CPA2026F
20250714,1803,561.00,561.00,561.00,561.00,1,CPA2026F
20250715,1259,566.50,566.50,566.50,566.50,0,CPA2026F
20250716,1058,558.10,558.10,558.10,558.10,1,CPA2026F
20250716,1259,561.15,561.15,561.15,561.15,0,CPA2026F
20250717,0913,557.50,557.50,557.50,557.50,2,CPA2026F
20250717,1259,559.80,559.80,559.80,559.80,0,CPA2026F
20250718,1259,568.90,568.90,568.90,568.90,0,CPA2026F
20250721,1259,572.00,572.00,572.00,572.00,0,CPA2026F
20250722,1259,580.40,580.40,580.40,580.40,0,CPA2026F
20250723,1004,599.15,599.15,599.15,599.15,1,CPA2026F
20250723,1020,599.60,599.60,599.60,599.60,1,CPA2026F
20250723,1259,589.80,589.80,589.80,589.80,0,CPA2026F
20250723,1807,591.80,591.80,591.80,591.80,1,CPA2026F
20250723,1818,592.25,592.25,592.25,592.25,1,CPA2026F
20250723,1825,592.50,592.50,592.50,592.50,3,CPA2026F
20250723,1826,592.65,592.65,592.65,592.65,1,CPA2026F
20250724,0246,602.55,602.55,602.55,602.55,1,CPA2026F
20250724,0647,599.65,599.65,599.65,599.65,1,CPA2026F
20250724,0901,588.55,588.55,588.55,588.55,1,CPA2026F
20250724,1200,588.30,588.30,588.30,588.30,1,CPA2026F
20250724,1259,588.85,588.85,588.85,588.85,0,CPA2026F
20250725,1259,586.95,586.95,586.95,586.95,0,CPA2026F
20250725,1517,588.55,588.55,588.55,588.55,1,CPA2026F
20250725,1518,588.55,588.65,588.55,588.65,4,CPA2026F
20250728,0711,587.45,587.45,587.45,587.45,1,CPA2026F
20250728,1103,569.80,569.80,569.80,569.80,2,CPA2026F
20250728,1159,570.75,570.75,570.75,570.75,2,CPA2026F
20250728,1259,570.05,570.05,570.05,570.05,0,CPA2026F
20250729,1259,571.40,571.40,571.40,571.40,0,CPA2026F
20250730,0918,570.00,570.00,570.00,570.00,1,CPA2026F
20250730,1259,567.10,567.10,567.10,567.10,0,CPA2026F
20250730,1402,546.00,546.00,546.00,546.00,1,CPA2026F
20250730,1412,515.00,515.00,515.00,515.00,1,CPA2026F
20250730,1633,468.20,468.20,468.20,468.20,10,CPA2026F
20250730,1824,473.75,473.75,473.75,473.75,4,CPA2026F
20250730,2325,453.30,453.30,453.30,453.30,2,CPA2026F
20250730,2331,453.30,453.30,453.00,453.00,6,CPA2026F
20250731,0247,445.75,445.75,445.75,445.75,18,CPA2026F
20250731,0555,447.80,447.80,447.80,447.80,1,CPA2026F
20250731,0736,446.50,446.50,446.50,446.50,1,CPA2026F
20250731,0827,444.65,444.65,444.65,444.65,4,CPA2026F
20250731,1229,444.40,444.40,444.40,444.40,2,CPA2026F
20250731,1259,444.50,444.50,444.50,444.50,0,CPA2026F
20250731,2101,450.00,450.00,450.00,450.00,1,CPA2026F
20250731,2149,450.00,450.00,450.00,450.00,1,CPA2026F
20250731,2150,450.00,450.00,450.00,450.00,5,CPA2026F
20250801,0209,449.85,449.85,449.85,449.85,1,CPA2026F
20250801,0617,448.95,448.95,448.95,448.95,1,CPA2026F
20250801,0618,449.10,449.10,449.10,449.10,1,CPA2026F
20250801,1225,449.65,449.65,449.65,449.65,1,CPA2026F
20250801,1226,449.65,449.65,449.65,449.65,1,CPA2026F
20250801,1259,451.65,451.70,451.25,451.55,4,CPA2026F
20250801,1655,452.70,452.70,452.70,452.70,1,CPA2026F
20250803,2107,450.00,450.00,450.00,450.00,1,CPA2026F
20250804,0147,450.00,450.00,450.00,450.00,1,CPA2026F
20250804,1156,451.45,451.45,451.45,451.45,2,CPA2026F
20250804,1259,451.70,451.85,451.50,451.65,16,CPA2026F
20250804,1907,454.00,454.00,454.00,454.00,1,CPA2026F
20250805,1259,446.45,446.45,446.45,446.45,0,CPA2026F
20250806,0427,448.90,449.15,448.90,449.15,4,CPA2026F
20250806,0455,448.00,448.00,448.00,448.00,1,CPA2026F
20250806,0916,450.55,450.55,450.55,450.55,1,CPA2026F
20250806,1017,448.30,448.30,448.30,448.30,1,CPA2026F
20250806,1156,449.85,449.85,449.85,449.85,1,CPA2026F
20250806,1251,448.70,448.70,448.70,448.70,1,CPA2026F
20250806,1257,449.15,449.15,449.15,449.15,1,CPA2026F
20250806,1259,449.35,449.35,449.35,449.35,0,CPA2026F
20250806,1803,449.75,449.75,449.75,449.75,3,CPA2026F
20250807,0739,449.90,449.90,449.90,449.90,1,CPA2026F
20250807,1259,448.00,448.25,447.80,447.95,16,CPA2026F
