Date,Time,Open,High,Low,Close,TradeVolume,Contract
20250227,1259,484.35,484.35,484.35,484.35,0,CPA2027G
20250228,1259,477.90,477.90,477.90,477.90,0,CPA2027G
20250303,1259,485.40,485.40,485.40,485.40,0,CPA2027G
20250304,1259,480.90,480.90,480.90,480.90,0,CPA2027G
20250305,1259,504.85,504.85,504.85,504.85,0,CPA2027G
20250306,1259,505.80,505.80,505.80,505.80,0,CPA2027G
20250307,1259,497.70,497.70,497.70,497.70,0,CPA2027G
20250310,1259,494.50,494.50,494.50,494.50,0,CPA2027G
20250311,1259,504.70,504.70,504.70,504.70,0,CPA2027G
20250312,1259,513.60,513.60,513.60,513.60,0,CPA2027G
20250313,1259,521.65,521.65,521.65,521.65,0,CPA2027G
20250314,1259,518.95,518.95,518.95,518.95,0,CPA2027G
20250317,1259,525.65,525.65,525.65,525.65,0,CPA2027G
20250318,1259,532.20,532.20,532.20,532.20,0,CPA2027G
20250319,1259,539.65,539.65,539.65,539.65,0,CPA2027G
20250320,1259,541.20,541.20,541.20,541.20,0,CPA2027G
20250321,1259,541.70,541.70,541.70,541.70,0,CPA2027G
20250324,1259,539.35,539.35,539.35,539.35,0,CPA2027G
20250325,1259,550.45,550.45,550.45,550.45,0,CPA2027G
20250326,1259,543.70,543.70,543.70,543.70,0,CPA2027G
20250327,1259,530.60,530.60,530.60,530.60,0,CPA2027G
20250328,1259,532.10,532.10,532.10,532.10,0,CPA2027G
20250331,1259,524.30,524.30,524.30,524.30,0,CPA2027G
20250401,1259,525.40,525.40,525.40,525.40,0,CPA2027G
20250402,1259,525.80,525.80,525.80,525.80,0,CPA2027G
20250403,1259,506.40,506.40,506.40,506.40,0,CPA2027G
20250404,1259,467.35,467.35,467.35,467.35,0,CPA2027G
20250407,1259,447.60,447.60,447.60,447.60,0,CPA2027G
20250408,1259,444.30,444.30,444.30,444.30,0,CPA2027G
20250409,1259,449.00,449.00,449.00,449.00,0,CPA2027G
20250410,1259,462.70,462.70,462.70,462.70,0,CPA2027G
20250411,1259,481.25,481.25,481.25,481.25,0,CPA2027G
20250414,1259,493.05,493.05,493.05,493.05,0,CPA2027G
20250415,1259,492.60,492.60,492.60,492.60,0,CPA2027G
20250416,1259,498.15,498.15,498.15,498.15,0,CPA2027G
20250417,1259,502.85,502.85,502.85,502.85,0,CPA2027G
20250421,1259,501.95,501.95,501.95,501.95,0,CPA2027G
20250422,1259,515.80,515.80,515.80,515.80,0,CPA2027G
20250423,1259,513.10,513.10,513.10,513.10,0,CPA2027G
20250424,1259,514.85,514.85,514.85,514.85,0,CPA2027G
20250425,1259,513.35,513.35,513.35,513.35,0,CPA2027G
20250428,1259,511.95,511.95,511.95,511.95,0,CPA2027G
20250429,1259,510.70,510.70,510.70,510.70,0,CPA2027G
20250430,1259,485.45,485.45,485.45,485.45,0,CPA2027G
20250501,1259,487.95,487.95,487.95,487.95,0,CPA2027G
20250502,1259,494.25,494.25,494.25,494.25,0,CPA2027G
20250505,1259,497.90,497.90,497.90,497.90,0,CPA2027G
20250506,1259,505.85,505.85,505.85,505.85,0,CPA2027G
20250507,1259,495.50,495.50,495.50,495.50,0,CPA2027G
20250508,1259,489.80,489.80,489.80,489.80,0,CPA2027G
20250509,1259,494.80,494.80,494.80,494.80,0,CPA2027G
20250512,1259,492.25,492.25,492.25,492.25,0,CPA2027G
20250513,1259,502.25,502.25,502.25,502.25,0,CPA2027G
20250514,1259,495.50,495.50,495.50,495.50,0,CPA2027G
20250515,1259,497.65,497.65,497.65,497.65,0,CPA2027G
20250516,1259,488.95,488.95,488.95,488.95,0,CPA2027G
20250519,1259,496.55,496.55,496.55,496.55,0,CPA2027G
20250520,1259,494.85,494.85,494.85,494.85,0,CPA2027G
20250521,1259,495.70,495.70,495.70,495.70,0,CPA2027G
20250522,1259,496.30,496.30,496.30,496.30,0,CPA2027G
20250523,1259,512.20,512.20,512.20,512.20,0,CPA2027G
20250527,1259,503.50,503.50,503.50,503.50,0,CPA2027G
20250528,1259,498.40,498.40,498.40,498.40,0,CPA2027G
20250529,1259,499.00,499.00,499.00,499.00,0,CPA2027G
20250530,1259,498.40,498.40,498.40,498.40,0,CPA2027G
20250602,1259,516.15,516.15,516.15,516.15,0,CPA2027G
20250603,1259,514.30,514.30,514.30,514.30,0,CPA2027G
20250604,1259,518.80,518.80,518.80,518.80,0,CPA2027G
20250605,1259,523.30,523.30,523.30,523.30,0,CPA2027G
20250606,1259,515.80,515.80,515.80,515.80,0,CPA2027G
20250609,1259,523.05,523.05,523.05,523.05,0,CPA2027G
20250610,1259,519.75,519.75,519.75,519.75,0,CPA2027G
20250611,1259,512.05,512.05,512.05,512.05,0,CPA2027G
20250612,1259,513.95,513.95,513.95,513.95,0,CPA2027G
20250613,1259,512.30,512.30,512.30,512.30,0,CPA2027G
20250616,1259,515.10,515.10,515.10,515.10,0,CPA2027G
20250617,1259,511.95,511.95,511.95,511.95,0,CPA2027G
20250618,1259,515.90,515.90,515.90,515.90,0,CPA2027G
20250620,1259,513.45,513.45,513.45,513.45,0,CPA2027G
20250623,1259,514.80,514.80,514.80,514.80,0,CPA2027G
20250624,1259,517.60,517.60,517.60,517.60,0,CPA2027G
20250625,1259,522.45,522.45,522.45,522.45,0,CPA2027G
20250626,1259,537.00,537.00,537.00,537.00,0,CPA2027G
20250627,1259,537.15,537.15,537.15,537.15,0,CPA2027G
20250630,1259,532.75,532.75,532.75,532.75,0,CPA2027G
20250701,1259,534.80,534.80,534.80,534.80,0,CPA2027G
20250702,1259,545.30,545.30,545.30,545.30,0,CPA2027G
20250703,1259,539.85,539.85,539.85,539.85,0,CPA2027G
20250707,1259,528.35,528.35,528.35,528.35,0,CPA2027G
20250708,1259,594.35,594.35,594.35,594.35,0,CPA2027G
20250709,1259,566.20,566.20,566.20,566.20,0,CPA2027G
20250710,1259,577.90,577.90,577.90,577.90,0,CPA2027G
20250711,1259,579.60,579.60,579.60,579.60,0,CPA2027G
20250714,1259,574.55,574.55,574.55,574.55,0,CPA2027G
20250715,1259,577.10,577.10,577.10,577.10,0,CPA2027G
20250716,1259,571.70,571.70,571.70,571.70,0,CPA2027G
20250717,1259,570.45,570.45,570.45,570.45,0,CPA2027G
20250718,1259,579.40,579.40,579.40,579.40,0,CPA2027G
20250721,1259,582.35,582.35,582.35,582.35,0,CPA2027G
20250722,1259,590.40,590.40,590.40,590.40,0,CPA2027G
20250723,1259,599.40,599.40,599.40,599.40,0,CPA2027G
20250724,1259,598.90,598.90,598.90,598.90,0,CPA2027G
20250725,1259,596.90,596.90,596.90,596.90,0,CPA2027G
20250728,1259,580.15,580.15,580.15,580.15,0,CPA2027G
20250729,1259,581.95,581.95,581.95,581.95,0,CPA2027G
20250730,1259,577.55,577.55,577.55,577.55,0,CPA2027G
20250731,1259,461.85,461.85,461.85,461.85,0,CPA2027G
20250801,1259,468.95,468.95,468.95,468.95,0,CPA2027G
20250804,1259,468.65,468.65,468.65,468.65,0,CPA2027G
20250805,1259,464.05,464.05,464.05,464.05,0,CPA2027G
20250806,1259,467.30,467.30,467.30,467.30,0,CPA2027G
20250807,1259,467.05,467.05,467.05,467.05,0,CPA2027G
