Date,Time,Open,High,Low,Close,TradeVolume,Contract
20240318,1259,420.30,420.30,420.30,420.30,0,CPA2028N
20240319,1259,415.65,415.65,415.65,415.65,0,CPA2028N
20240320,1259,413.75,413.75,413.75,413.75,0,CPA2028N
20240321,1259,415.90,415.90,415.90,415.90,0,CPA2028N
20240322,1259,411.10,411.10,411.10,411.10,0,CPA2028N
20240325,1259,412.60,412.60,412.60,412.60,0,CPA2028N
20240326,1259,412.10,412.10,412.10,412.10,0,CPA2028N
20240327,1259,411.60,411.60,411.60,411.60,0,CPA2028N
20240328,1259,412.95,412.95,412.95,412.95,0,CPA2028N
20240401,1259,417.20,417.20,417.20,417.20,0,CPA2028N
20240402,1259,419.70,419.70,419.70,419.70,0,CPA2028N
20240403,1259,432.45,432.45,432.45,432.45,0,CPA2028N
20240404,1259,437.70,437.70,437.70,437.70,0,CPA2028N
20240405,1259,436.55,436.55,436.55,436.55,0,CPA2028N
20240408,1259,439.55,439.55,439.55,439.55,0,CPA2028N
20240409,1259,440.25,440.25,440.25,440.25,0,CPA2028N
20240410,1259,439.25,439.25,439.25,439.25,0,CPA2028N
20240411,1259,438.05,438.05,438.05,438.05,0,CPA2028N
20240412,1259,438.55,438.55,438.55,438.55,0,CPA2028N
20240415,1259,446.10,446.10,446.10,446.10,0,CPA2028N
20240417,1259,440.15,440.15,440.15,440.15,0,CPA2028N
20240418,1259,450.70,450.70,450.70,450.70,0,CPA2028N
20240419,1259,456.05,456.05,456.05,456.05,0,CPA2028N
20240422,1259,454.15,454.15,454.15,454.15,0,CPA2028N
20240423,1259,449.40,449.40,449.40,449.40,0,CPA2028N
20240424,1259,451.45,451.45,451.45,451.45,0,CPA2028N
20240425,1259,456.85,456.85,456.85,456.85,0,CPA2028N
20240426,1259,461.45,461.45,461.45,461.45,0,CPA2028N
20240429,1259,469.90,469.90,469.90,469.90,0,CPA2028N
20240430,1259,459.65,459.65,459.65,459.65,0,CPA2028N
20240501,1259,456.95,456.95,456.95,456.95,0,CPA2028N
20240502,1259,451.50,451.50,451.50,451.50,0,CPA2028N
20240503,1259,458.40,458.40,458.40,458.40,0,CPA2028N
20240506,1259,463.80,463.80,463.80,463.80,0,CPA2028N
20240507,1259,463.50,463.50,463.50,463.50,0,CPA2028N
20240508,1259,457.95,457.95,457.95,457.95,0,CPA2028N
20240509,1259,459.85,459.85,459.85,459.85,0,CPA2028N
20240510,1259,461.10,461.10,461.10,461.10,0,CPA2028N
20240513,1259,467.45,467.45,467.45,467.45,0,CPA2028N
20240514,1259,460.25,460.25,460.25,460.25,0,CPA2028N
20240515,1259,468.35,468.35,468.35,468.35,0,CPA2028N
20240516,1259,473.00,473.00,473.00,473.00,0,CPA2028N
20240517,1259,486.75,486.75,486.75,486.75,0,CPA2028N
20240520,1259,494.45,494.45,494.45,494.45,0,CPA2028N
20240521,1259,494.55,494.55,494.55,494.55,0,CPA2028N
20240522,1259,475.70,475.70,475.70,475.70,0,CPA2028N
20240523,1259,473.65,473.65,473.65,473.65,0,CPA2028N
20240524,1259,472.00,472.00,472.00,472.00,0,CPA2028N
20240528,1259,482.70,482.70,482.70,482.70,0,CPA2028N
20240529,1259,479.15,479.15,479.15,479.15,0,CPA2028N
20240530,1259,465.95,465.95,465.95,465.95,0,CPA2028N
20240531,1259,463.65,463.65,463.65,463.65,0,CPA2028N
20240603,1259,468.45,468.45,468.45,468.45,0,CPA2028N
20240604,1259,455.85,455.85,455.85,455.85,0,CPA2028N
20240605,1259,458.05,458.05,458.05,458.05,0,CPA2028N
20240606,1259,466.20,466.20,466.20,466.20,0,CPA2028N
20240607,1259,451.45,451.45,451.45,451.45,0,CPA2028N
20240610,1259,457.20,457.20,457.20,457.20,0,CPA2028N
20240611,1259,451.25,451.25,451.25,451.25,0,CPA2028N
20240612,1259,457.55,457.55,457.55,457.55,0,CPA2028N
20240613,1259,451.00,451.00,451.00,451.00,0,CPA2028N
20240614,1259,450.40,450.40,450.40,450.40,0,CPA2028N
20240617,1259,446.75,446.75,446.75,446.75,0,CPA2028N
20240618,1259,449.45,449.45,449.45,449.45,0,CPA2028N
20240620,1259,455.65,455.65,455.65,455.65,0,CPA2028N
20240621,1259,447.85,447.85,447.85,447.85,0,CPA2028N
20240624,1259,446.80,446.80,446.80,446.80,0,CPA2028N
20240625,1259,443.30,443.30,443.30,443.30,0,CPA2028N
20240626,1259,443.45,443.45,443.45,443.45,0,CPA2028N
20240627,1259,442.45,442.45,442.45,442.45,0,CPA2028N
20240628,1259,446.30,446.30,446.30,446.30,0,CPA2028N
20240701,1259,448.80,448.80,448.80,448.80,0,CPA2028N
20240702,1259,448.15,448.15,448.15,448.15,0,CPA2028N
20240703,1259,458.05,458.05,458.05,458.05,0,CPA2028N
20240705,1259,464.80,464.80,464.80,464.80,0,CPA2028N
20240708,1259,463.55,463.55,463.55,463.55,0,CPA2028N
20240709,1259,460.25,460.25,460.25,460.25,0,CPA2028N
20240710,1259,461.10,461.10,461.10,461.10,0,CPA2028N
20240711,1259,458.00,458.00,458.00,458.00,0,CPA2028N
20240712,1259,463.75,463.75,463.75,463.75,0,CPA2028N
20240715,1259,459.95,459.95,459.95,459.95,0,CPA2028N
20240716,1259,453.80,453.80,453.80,453.80,0,CPA2028N
20240717,1259,451.80,451.80,451.80,451.80,0,CPA2028N
20240718,1259,440.90,440.90,440.90,440.90,0,CPA2028N
20240719,1259,438.80,438.80,438.80,438.80,0,CPA2028N
20240722,1259,435.30,435.30,435.30,435.30,0,CPA2028N
20240723,1259,430.85,430.85,430.85,430.85,0,CPA2028N
20240724,1259,427.60,427.60,427.60,427.60,0,CPA2028N
20240725,1259,429.10,429.10,429.10,429.10,0,CPA2028N
20240726,1259,430.40,430.40,430.40,430.40,0,CPA2028N
20240729,1259,426.85,426.85,426.85,426.85,0,CPA2028N
20240730,1259,427.20,427.20,427.20,427.20,0,CPA2028N
20240731,1259,435.80,435.80,435.80,435.80,0,CPA2028N
20240801,1259,427.90,427.90,427.90,427.90,0,CPA2028N
20240802,1259,429.75,429.75,429.75,429.75,0,CPA2028N
20240805,1259,419.00,419.00,419.00,419.00,0,CPA2028N
20240806,1259,421.50,421.50,421.50,421.50,0,CPA2028N
20240807,1259,416.60,416.60,416.60,416.60,0,CPA2028N
20240808,1259,416.55,416.55,416.55,416.55,0,CPA2028N
20240809,1259,419.25,419.25,419.25,419.25,0,CPA2028N
20240812,1259,426.25,426.25,426.25,426.25,0,CPA2028N
20240813,1259,424.30,424.30,424.30,424.30,0,CPA2028N
20240814,1259,423.10,423.10,423.10,423.10,0,CPA2028N
20240815,1259,431.30,431.30,431.30,431.30,0,CPA2028N
20240816,1259,433.10,433.10,433.10,433.10,0,CPA2028N
20240819,1259,436.60,436.60,436.60,436.60,0,CPA2028N
20240820,1259,434.60,434.60,434.60,434.60,0,CPA2028N
20240821,1259,436.10,436.10,436.10,436.10,0,CPA2028N
20240822,1259,433.10,433.10,433.10,433.10,0,CPA2028N
20240823,1259,438.35,438.35,438.35,438.35,0,CPA2028N
20240826,1259,442.50,442.50,442.50,442.50,0,CPA2028N
20240827,1259,445.05,445.05,445.05,445.05,0,CPA2028N
20240828,1259,437.75,437.75,437.75,437.75,0,CPA2028N
20240829,1259,438.70,438.70,438.70,438.70,0,CPA2028N
20240830,1259,437.45,437.45,437.45,437.45,0,CPA2028N
20240903,1259,424.85,424.85,424.85,424.85,0,CPA2028N
20240904,1259,423.90,423.90,423.90,423.90,0,CPA2028N
20240905,1259,430.00,430.00,430.00,430.00,0,CPA2028N
20240906,1259,424.95,424.95,424.95,424.95,0,CPA2028N
20240909,1259,431.85,431.85,431.85,431.85,0,CPA2028N
20240910,1259,426.80,426.80,426.80,426.80,0,CPA2028N
20240911,1259,430.75,430.75,430.75,430.75,0,CPA2028N
20240912,1259,435.55,435.55,435.55,435.55,0,CPA2028N
20240913,1259,438.60,438.60,438.60,438.60,0,CPA2028N
20240916,1259,442.80,442.80,442.80,442.80,0,CPA2028N
20240917,1259,443.45,443.45,443.45,443.45,0,CPA2028N
20240918,1259,444.95,444.95,444.95,444.95,0,CPA2028N
20240919,1259,449.45,449.45,449.45,449.45,0,CPA2028N
20240920,1259,449.45,449.45,449.45,449.45,0,CPA2028N
20240923,1259,450.15,450.15,450.15,450.15,0,CPA2028N
20240924,1259,462.80,462.80,462.80,462.80,0,CPA2028N
20240925,1259,462.45,462.45,462.45,462.45,0,CPA2028N
20240926,1259,462.30,462.30,462.30,462.30,0,CPA2028N
20240927,1259,460.55,460.55,460.55,460.55,0,CPA2028N
20240930,1259,453.85,453.85,453.85,453.85,0,CPA2028N
20241001,1259,460.15,460.15,460.15,460.15,0,CPA2028N
20241002,1259,466.20,466.20,466.20,466.20,0,CPA2028N
20241003,1259,458.30,458.30,458.30,458.30,0,CPA2028N
20241004,1259,462.25,462.25,462.25,462.25,0,CPA2028N
20241007,1259,462.20,462.20,462.20,462.20,0,CPA2028N
20241008,1259,453.15,453.15,453.15,453.15,0,CPA2028N
20241009,1259,446.95,446.95,446.95,446.95,0,CPA2028N
20241010,1259,449.25,449.25,449.25,449.25,0,CPA2028N
20241011,1259,455.20,455.20,455.20,455.20,0,CPA2028N
20241014,1259,449.30,449.30,449.30,449.30,0,CPA2028N
20241015,1259,449.15,449.15,449.15,449.15,0,CPA2028N
20241016,1259,451.30,451.30,451.30,451.30,0,CPA2028N
20241017,1259,449.20,449.20,449.20,449.20,0,CPA2028N
20241018,1259,455.25,455.25,455.25,455.25,0,CPA2028N
20241021,1259,453.05,453.05,453.05,453.05,0,CPA2028N
20241022,1259,455.05,455.05,455.05,455.05,0,CPA2028N
20241023,1259,451.90,451.90,451.90,451.90,0,CPA2028N
20241024,1259,452.85,452.85,452.85,452.85,0,CPA2028N
20241025,1259,453.55,453.55,453.55,453.55,0,CPA2028N
20241028,1259,451.20,451.20,451.20,451.20,0,CPA2028N
20241029,1259,450.40,450.40,450.40,450.40,0,CPA2028N
20241030,1259,449.30,449.30,449.30,449.30,0,CPA2028N
20241031,1259,449.05,449.05,449.05,449.05,0,CPA2028N
20241101,1259,452.45,452.45,452.45,452.45,0,CPA2028N
20241104,1259,457.45,457.45,457.45,457.45,0,CPA2028N
20241105,1259,461.85,461.85,461.85,461.85,0,CPA2028N
20241106,1259,441.35,441.35,441.35,441.35,0,CPA2028N
20241107,1259,458.25,458.25,458.25,458.25,0,CPA2028N
20241108,1259,447.25,447.25,447.25,447.25,0,CPA2028N
20241111,1259,440.25,440.25,440.25,440.25,0,CPA2028N
20241112,1259,435.55,435.55,435.55,435.55,0,CPA2028N
20241113,1259,431.80,431.80,431.80,431.80,0,CPA2028N
20241114,1259,431.65,431.65,431.65,431.65,0,CPA2028N
20241115,1259,428.15,428.15,428.15,428.15,0,CPA2028N
20241118,1259,433.55,433.55,433.55,433.55,0,CPA2028N
20241119,1259,434.85,434.85,434.85,434.85,0,CPA2028N
20241120,1259,435.05,435.05,435.05,435.05,0,CPA2028N
20241121,1259,432.95,432.95,432.95,432.95,0,CPA2028N
20241122,1259,429.85,429.85,429.85,429.85,0,CPA2028N
20241125,1259,432.75,432.75,432.75,432.75,0,CPA2028N
20241126,1259,429.25,429.25,429.25,429.25,0,CPA2028N
20241127,1259,431.10,431.10,431.10,431.10,0,CPA2028N
20241129,1259,431.25,431.25,431.25,431.25,0,CPA2028N
20241202,1259,430.95,430.95,430.95,430.95,0,CPA2028N
20241203,1259,442.40,442.40,442.40,442.40,0,CPA2028N
20241204,1259,442.15,442.15,442.15,442.15,0,CPA2028N
20241205,1259,448.45,448.45,448.45,448.45,0,CPA2028N
20241206,1259,448.15,448.15,448.15,448.15,0,CPA2028N
20241209,1259,455.70,455.70,455.70,455.70,0,CPA2028N
20241210,1259,454.95,454.95,454.95,454.95,0,CPA2028N
20241211,1259,453.20,453.20,453.20,453.20,0,CPA2028N
20241212,1259,451.50,451.50,451.50,451.50,0,CPA2028N
20241213,1259,447.00,447.00,447.00,447.00,0,CPA2028N
20241216,1259,446.75,446.75,446.75,446.75,0,CPA2028N
20241217,1259,444.00,444.00,444.00,444.00,0,CPA2028N
20241218,1259,445.25,445.25,445.25,445.25,0,CPA2028N
20241219,1259,437.85,437.85,437.85,437.85,0,CPA2028N
20241220,1259,439.60,439.60,439.60,439.60,0,CPA2028N
20241223,1259,438.30,438.30,438.30,438.30,0,CPA2028N
20241224,1159,440.10,440.10,440.10,440.10,0,CPA2028N
20241226,1259,442.10,442.10,442.10,442.10,0,CPA2028N
20241227,1259,441.00,441.00,441.00,441.00,0,CPA2028N
20241230,1259,437.00,437.00,437.00,437.00,0,CPA2028N
20241231,1259,429.55,429.55,429.55,429.55,0,CPA2028N
20250102,1259,429.80,429.80,429.80,429.80,0,CPA2028N
20250103,1259,433.80,433.80,433.80,433.80,0,CPA2028N
20250106,1259,441.40,441.40,441.40,441.40,0,CPA2028N
20250107,1259,445.70,445.70,445.70,445.70,0,CPA2028N
20250108,1259,450.20,450.20,450.20,450.20,0,CPA2028N
20250109,1259,453.85,453.85,453.85,453.85,0,CPA2028N
20250110,1259,451.85,451.85,451.85,451.85,0,CPA2028N
20250113,1259,456.50,456.50,456.50,456.50,0,CPA2028N
20250114,1259,459.00,459.00,459.00,459.00,0,CPA2028N
20250115,1259,462.65,462.65,462.65,462.65,0,CPA2028N
20250116,1259,468.25,468.25,468.25,468.25,0,CPA2028N
20250117,1259,461.55,461.55,461.55,461.55,0,CPA2028N
20250121,1259,460.40,460.40,460.40,460.40,0,CPA2028N
20250122,1259,457.60,457.60,457.60,457.60,0,CPA2028N
20250123,1259,459.80,459.80,459.80,459.80,0,CPA2028N
20250124,1259,460.95,460.95,460.95,460.95,0,CPA2028N
20250127,1259,453.45,453.45,453.45,453.45,0,CPA2028N
20250128,1259,453.80,453.80,453.80,453.80,0,CPA2028N
20250129,1259,457.05,457.05,457.05,457.05,0,CPA2028N
20250130,1259,461.50,461.50,461.50,461.50,0,CPA2028N
20250131,1259,458.55,458.55,458.55,458.55,0,CPA2028N
20250203,1259,460.45,460.45,460.45,460.45,0,CPA2028N
20250204,1259,465.00,465.00,465.00,465.00,0,CPA2028N
20250205,1259,473.25,473.25,473.25,473.25,0,CPA2028N
20250206,1259,476.05,476.05,476.05,476.05,0,CPA2028N
20250207,1259,488.60,488.60,488.60,488.60,0,CPA2028N
20250210,1259,499.00,499.00,499.00,499.00,0,CPA2028N
20250211,1259,488.95,488.95,488.95,488.95,0,CPA2028N
20250212,1259,499.95,499.95,499.95,499.95,0,CPA2028N
20250213,1259,507.55,507.55,507.55,507.55,0,CPA2028N
20250214,1259,496.55,496.55,496.55,496.55,0,CPA2028N
20250218,1259,491.35,491.35,491.35,491.35,0,CPA2028N
20250219,1259,488.25,488.25,488.25,488.25,0,CPA2028N
20250220,1259,493.05,493.05,493.05,493.05,0,CPA2028N
20250221,1259,488.85,488.85,488.85,488.85,0,CPA2028N
20250224,1259,483.85,483.85,483.85,483.85,0,CPA2028N
20250225,1259,480.40,480.40,480.40,480.40,0,CPA2028N
20250226,1259,486.45,486.45,486.45,486.45,0,CPA2028N
20250227,1259,489.55,489.55,489.55,489.55,0,CPA2028N
20250228,1259,483.10,483.10,483.10,483.10,0,CPA2028N
20250303,1259,490.60,490.60,490.60,490.60,0,CPA2028N
20250304,1259,486.15,486.15,486.15,486.15,0,CPA2028N
20250305,1259,510.10,510.10,510.10,510.10,0,CPA2028N
20250306,1259,511.55,511.55,511.55,511.55,0,CPA2028N
20250307,1259,503.45,503.45,503.45,503.45,0,CPA2028N
20250310,1259,500.55,500.55,500.55,500.55,0,CPA2028N
20250311,1259,510.90,510.90,510.90,510.90,0,CPA2028N
20250312,1259,519.80,519.80,519.80,519.80,0,CPA2028N
20250313,1259,527.85,527.85,527.85,527.85,0,CPA2028N
20250314,1259,525.15,525.15,525.15,525.15,0,CPA2028N
20250317,1259,531.85,531.85,531.85,531.85,0,CPA2028N
20250318,1259,538.40,538.40,538.40,538.40,0,CPA2028N
20250319,1259,545.85,545.85,545.85,545.85,0,CPA2028N
20250320,1259,547.45,547.45,547.45,547.45,0,CPA2028N
20250321,1259,548.05,548.05,548.05,548.05,0,CPA2028N
20250324,1259,545.70,545.70,545.70,545.70,0,CPA2028N
20250325,1259,556.80,556.80,556.80,556.80,0,CPA2028N
20250326,1259,550.80,550.80,550.80,550.80,0,CPA2028N
20250327,1259,538.55,538.55,538.55,538.55,0,CPA2028N
20250328,1259,544.90,544.90,544.90,544.90,0,CPA2028N
20250331,1259,537.10,537.10,537.10,537.10,0,CPA2028N
20250401,1259,538.20,538.20,538.20,538.20,0,CPA2028N
20250402,1259,538.60,538.60,538.60,538.60,0,CPA2028N
20250403,1259,519.25,519.25,519.25,519.25,0,CPA2028N
20250404,1259,480.40,480.40,480.40,480.40,0,CPA2028N
20250407,1259,460.70,460.70,460.70,460.70,0,CPA2028N
20250408,1259,457.40,457.40,457.40,457.40,0,CPA2028N
20250409,1259,462.10,462.10,462.10,462.10,0,CPA2028N
20250410,1259,475.80,475.80,475.80,475.80,0,CPA2028N
20250411,1259,494.35,494.35,494.35,494.35,0,CPA2028N
20250414,1259,506.15,506.15,506.15,506.15,0,CPA2028N
20250415,1259,505.70,505.70,505.70,505.70,0,CPA2028N
20250416,1259,511.30,511.30,511.30,511.30,0,CPA2028N
20250417,1259,516.00,516.00,516.00,516.00,0,CPA2028N
20250421,1259,515.10,515.10,515.10,515.10,0,CPA2028N
20250422,1259,528.95,528.95,528.95,528.95,0,CPA2028N
20250423,1259,526.25,526.25,526.25,526.25,0,CPA2028N
20250424,1259,528.05,528.05,528.05,528.05,0,CPA2028N
20250425,1259,526.50,526.50,526.50,526.50,0,CPA2028N
20250428,1259,525.10,525.10,525.10,525.10,0,CPA2028N
20250429,1259,524.00,524.00,524.00,524.00,0,CPA2028N
20250430,1259,501.95,501.95,501.95,501.95,0,CPA2028N
20250501,1259,504.45,504.45,504.45,504.45,0,CPA2028N
20250502,1259,510.75,510.75,510.75,510.75,0,CPA2028N
20250505,1259,514.55,514.55,514.55,514.55,0,CPA2028N
20250506,1259,522.50,522.50,522.50,522.50,0,CPA2028N
20250507,1259,512.15,512.15,512.15,512.15,0,CPA2028N
20250508,1259,506.45,506.45,506.45,506.45,0,CPA2028N
20250509,1259,511.45,511.45,511.45,511.45,0,CPA2028N
20250512,1259,508.70,508.70,508.70,508.70,0,CPA2028N
20250513,1259,518.60,518.60,518.60,518.60,0,CPA2028N
20250514,1259,511.90,511.90,511.90,511.90,0,CPA2028N
20250515,1259,514.10,514.10,514.10,514.10,0,CPA2028N
20250516,1259,505.40,505.40,505.40,505.40,0,CPA2028N
20250519,1259,513.00,513.00,513.00,513.00,0,CPA2028N
20250520,1259,511.40,511.40,511.40,511.40,0,CPA2028N
20250521,1259,512.25,512.25,512.25,512.25,0,CPA2028N
20250522,1259,512.75,512.75,512.75,512.75,0,CPA2028N
20250523,1259,528.65,528.65,528.65,528.65,0,CPA2028N
20250527,1259,519.95,519.95,519.95,519.95,0,CPA2028N
20250528,1259,514.90,514.90,514.90,514.90,0,CPA2028N
20250529,1259,515.45,515.45,515.45,515.45,0,CPA2028N
20250530,1259,514.85,514.85,514.85,514.85,0,CPA2028N
20250602,1259,532.60,532.60,532.60,532.60,0,CPA2028N
20250603,1259,530.75,530.75,530.75,530.75,0,CPA2028N
20250604,1259,535.25,535.25,535.25,535.25,0,CPA2028N
20250605,1259,539.75,539.75,539.75,539.75,0,CPA2028N
20250606,1259,532.25,532.25,532.25,532.25,0,CPA2028N
20250609,1259,539.45,539.45,539.45,539.45,0,CPA2028N
20250610,1259,536.15,536.15,536.15,536.15,0,CPA2028N
20250611,1259,528.50,528.50,528.50,528.50,0,CPA2028N
20250612,1259,530.55,530.55,530.55,530.55,0,CPA2028N
20250613,1259,528.90,528.90,528.90,528.90,0,CPA2028N
20250616,1259,531.70,531.70,531.70,531.70,0,CPA2028N
20250617,1259,528.50,528.50,528.50,528.50,0,CPA2028N
20250618,1259,532.45,532.45,532.45,532.45,0,CPA2028N
20250620,1259,530.10,530.10,530.10,530.10,0,CPA2028N
20250623,1259,531.45,531.45,531.45,531.45,0,CPA2028N
20250624,1259,534.45,534.45,534.45,534.45,0,CPA2028N
20250625,1259,539.35,539.35,539.35,539.35,0,CPA2028N
20250626,1259,553.90,553.90,553.90,553.90,0,CPA2028N
20250627,1259,554.50,554.50,554.50,554.50,0,CPA2028N
20250630,1259,551.15,551.15,551.15,551.15,0,CPA2028N
20250701,1259,553.30,553.30,553.30,553.30,0,CPA2028N
20250702,1259,562.70,562.70,562.70,562.70,0,CPA2028N
20250703,1259,557.40,557.40,557.40,557.40,0,CPA2028N
20250707,1259,545.85,545.85,545.85,545.85,0,CPA2028N
20250708,1259,611.75,611.75,611.75,611.75,0,CPA2028N
20250709,1259,583.30,583.30,583.30,583.30,0,CPA2028N
20250710,1259,595.05,595.05,595.05,595.05,0,CPA2028N
20250711,1259,596.75,596.75,596.75,596.75,0,CPA2028N
20250714,1259,591.70,591.70,591.70,591.70,0,CPA2028N
20250715,1259,594.25,594.25,594.25,594.25,0,CPA2028N
20250716,1259,590.05,590.05,590.05,590.05,0,CPA2028N
20250717,1259,588.90,588.90,588.90,588.90,0,CPA2028N
20250718,1259,597.95,597.95,597.95,597.95,0,CPA2028N
20250721,1259,600.85,600.85,600.85,600.85,0,CPA2028N
20250722,1259,608.85,608.85,608.85,608.85,0,CPA2028N
20250723,1259,617.85,617.85,617.85,617.85,0,CPA2028N
20250724,1259,617.60,617.60,617.60,617.60,0,CPA2028N
20250725,1259,615.65,615.65,615.65,615.65,0,CPA2028N
20250728,1259,608.60,608.60,608.60,608.60,0,CPA2028N
20250729,1259,599.00,599.00,599.00,599.00,0,CPA2028N
20250730,1259,595.30,595.30,595.30,595.30,0,CPA2028N
20250731,1259,479.75,479.75,479.75,479.75,0,CPA2028N
20250801,1259,486.90,486.90,486.90,486.90,0,CPA2028N
20250804,1259,486.60,486.60,486.60,486.60,0,CPA2028N
20250805,1259,482.20,482.20,482.20,482.20,0,CPA2028N
20250806,1259,485.65,485.65,485.65,485.65,0,CPA2028N
20250807,1259,485.45,485.45,485.45,485.45,0,CPA2028N
