Date,Time,Open,High,Low,Close,TradeVolume,Contract
20240717,1259,452.80,452.80,452.80,452.80,0,CPA2028Z
20240718,1259,441.90,441.90,441.90,441.90,0,CPA2028Z
20240719,1259,439.80,439.80,439.80,439.80,0,CPA2028Z
20240722,1259,436.30,436.30,436.30,436.30,0,CPA2028Z
20240723,1259,431.85,431.85,431.85,431.85,0,CPA2028Z
20240724,1259,428.60,428.60,428.60,428.60,0,CPA2028Z
20240725,1259,430.10,430.10,430.10,430.10,0,CPA2028Z
20240726,1259,431.40,431.40,431.40,431.40,0,CPA2028Z
20240729,1259,427.85,427.85,427.85,427.85,0,CPA2028Z
20240730,1259,428.20,428.20,428.20,428.20,0,CPA2028Z
20240731,1259,436.80,436.80,436.80,436.80,0,CPA2028Z
20240801,1259,428.90,428.90,428.90,428.90,0,CPA2028Z
20240802,1259,430.75,430.75,430.75,430.75,0,CPA2028Z
20240805,1259,420.00,420.00,420.00,420.00,0,CPA2028Z
20240806,1259,422.50,422.50,422.50,422.50,0,CPA2028Z
20240807,1259,417.60,417.60,417.60,417.60,0,CPA2028Z
20240808,1259,417.55,417.55,417.55,417.55,0,CPA2028Z
20240809,1259,420.25,420.25,420.25,420.25,0,CPA2028Z
20240812,1259,427.25,427.25,427.25,427.25,0,CPA2028Z
20240813,1259,425.30,425.30,425.30,425.30,0,CPA2028Z
20240814,1259,424.10,424.10,424.10,424.10,0,CPA2028Z
20240815,1259,432.30,432.30,432.30,432.30,0,CPA2028Z
20240821,1259,437.10,437.10,437.10,437.10,0,CPA2028Z
20240822,1259,434.10,434.10,434.10,434.10,0,CPA2028Z
20240823,1259,439.35,439.35,439.35,439.35,0,CPA2028Z
20240826,1259,443.50,443.50,443.50,443.50,0,CPA2028Z
20240827,1259,446.05,446.05,446.05,446.05,0,CPA2028Z
20240828,1259,438.75,438.75,438.75,438.75,0,CPA2028Z
20240829,1259,439.70,439.70,439.70,439.70,0,CPA2028Z
20240830,1259,438.45,438.45,438.45,438.45,0,CPA2028Z
20240903,1259,425.85,425.85,425.85,425.85,0,CPA2028Z
20240904,1259,424.90,424.90,424.90,424.90,0,CPA2028Z
20240905,1259,431.00,431.00,431.00,431.00,0,CPA2028Z
20240906,1259,425.95,425.95,425.95,425.95,0,CPA2028Z
20240909,1259,432.85,432.85,432.85,432.85,0,CPA2028Z
20240910,1259,427.80,427.80,427.80,427.80,0,CPA2028Z
20240911,1259,431.75,431.75,431.75,431.75,0,CPA2028Z
20240912,1259,436.55,436.55,436.55,436.55,0,CPA2028Z
20240913,1259,439.60,439.60,439.60,439.60,0,CPA2028Z
20240916,1259,443.80,443.80,443.80,443.80,0,CPA2028Z
20240917,1259,444.45,444.45,444.45,444.45,0,CPA2028Z
20240918,1259,445.95,445.95,445.95,445.95,0,CPA2028Z
20240919,1259,450.45,450.45,450.45,450.45,0,CPA2028Z
20240920,1259,450.45,450.45,450.45,450.45,0,CPA2028Z
20240923,1259,451.15,451.15,451.15,451.15,0,CPA2028Z
20240924,1259,463.80,463.80,463.80,463.80,0,CPA2028Z
20240925,1259,463.45,463.45,463.45,463.45,0,CPA2028Z
20240926,1259,463.30,463.30,463.30,463.30,0,CPA2028Z
20240927,1259,461.55,461.55,461.55,461.55,0,CPA2028Z
20240930,1259,454.85,454.85,454.85,454.85,0,CPA2028Z
20241001,1259,461.15,461.15,461.15,461.15,0,CPA2028Z
20241002,1259,467.20,467.20,467.20,467.20,0,CPA2028Z
20241003,1259,459.30,459.30,459.30,459.30,0,CPA2028Z
20241004,1259,463.25,463.25,463.25,463.25,0,CPA2028Z
20241007,1259,463.20,463.20,463.20,463.20,0,CPA2028Z
20241008,1259,454.15,454.15,454.15,454.15,0,CPA2028Z
20241009,1259,447.95,447.95,447.95,447.95,0,CPA2028Z
20241010,1259,450.25,450.25,450.25,450.25,0,CPA2028Z
20241011,1259,456.20,456.20,456.20,456.20,0,CPA2028Z
20241014,1259,450.30,450.30,450.30,450.30,0,CPA2028Z
20241015,1259,450.15,450.15,450.15,450.15,0,CPA2028Z
20241016,1259,452.30,452.30,452.30,452.30,0,CPA2028Z
20241017,1259,450.20,450.20,450.20,450.20,0,CPA2028Z
20241018,1259,456.25,456.25,456.25,456.25,0,CPA2028Z
20241021,1259,454.05,454.05,454.05,454.05,0,CPA2028Z
20241022,1259,456.05,456.05,456.05,456.05,0,CPA2028Z
20241023,1259,452.90,452.90,452.90,452.90,0,CPA2028Z
20241024,1259,453.85,453.85,453.85,453.85,0,CPA2028Z
20241025,1259,454.55,454.55,454.55,454.55,0,CPA2028Z
20241028,1259,452.20,452.20,452.20,452.20,0,CPA2028Z
20241029,1259,451.40,451.40,451.40,451.40,0,CPA2028Z
20241030,1259,450.30,450.30,450.30,450.30,0,CPA2028Z
20241031,1259,450.05,450.05,450.05,450.05,0,CPA2028Z
20241101,1259,453.45,453.45,453.45,453.45,0,CPA2028Z
20241104,1259,458.45,458.45,458.45,458.45,0,CPA2028Z
20241105,1259,462.85,462.85,462.85,462.85,0,CPA2028Z
20241106,1259,442.35,442.35,442.35,442.35,0,CPA2028Z
20241107,1259,459.25,459.25,459.25,459.25,0,CPA2028Z
20241108,1259,448.25,448.25,448.25,448.25,0,CPA2028Z
20241111,1259,441.25,441.25,441.25,441.25,0,CPA2028Z
20241112,1259,436.55,436.55,436.55,436.55,0,CPA2028Z
20241113,1259,432.80,432.80,432.80,432.80,0,CPA2028Z
20241114,1259,432.65,432.65,432.65,432.65,0,CPA2028Z
20241115,1259,429.15,429.15,429.15,429.15,0,CPA2028Z
20241118,1259,434.55,434.55,434.55,434.55,0,CPA2028Z
20241119,1259,435.85,435.85,435.85,435.85,0,CPA2028Z
20241120,1259,436.05,436.05,436.05,436.05,0,CPA2028Z
20241121,1259,433.95,433.95,433.95,433.95,0,CPA2028Z
20241122,1259,430.85,430.85,430.85,430.85,0,CPA2028Z
20241125,1259,433.75,433.75,433.75,433.75,0,CPA2028Z
20241126,1259,430.25,430.25,430.25,430.25,0,CPA2028Z
20241127,1259,432.10,432.10,432.10,432.10,0,CPA2028Z
20241129,1259,432.25,432.25,432.25,432.25,0,CPA2028Z
20241202,1259,431.95,431.95,431.95,431.95,0,CPA2028Z
20241203,1259,443.40,443.40,443.40,443.40,0,CPA2028Z
20241204,1259,443.15,443.15,443.15,443.15,0,CPA2028Z
20241205,1259,449.45,449.45,449.45,449.45,0,CPA2028Z
20241206,1259,449.15,449.15,449.15,449.15,0,CPA2028Z
20241209,1259,456.70,456.70,456.70,456.70,0,CPA2028Z
20241210,1259,455.95,455.95,455.95,455.95,0,CPA2028Z
20241211,1259,454.20,454.20,454.20,454.20,0,CPA2028Z
20241212,1259,452.50,452.50,452.50,452.50,0,CPA2028Z
20241213,1259,448.00,448.00,448.00,448.00,0,CPA2028Z
20241216,1259,447.75,447.75,447.75,447.75,0,CPA2028Z
20241217,1259,445.00,445.00,445.00,445.00,0,CPA2028Z
20241218,1259,446.25,446.25,446.25,446.25,0,CPA2028Z
20241219,1259,438.85,438.85,438.85,438.85,0,CPA2028Z
20241220,1259,440.60,440.60,440.60,440.60,0,CPA2028Z
20241223,1259,439.30,439.30,439.30,439.30,0,CPA2028Z
20241224,1159,441.10,441.10,441.10,441.10,0,CPA2028Z
20241226,1259,443.10,443.10,443.10,443.10,0,CPA2028Z
20241227,1259,442.00,442.00,442.00,442.00,0,CPA2028Z
20241230,1259,438.00,438.00,438.00,438.00,0,CPA2028Z
20241231,1259,430.55,430.55,430.55,430.55,0,CPA2028Z
20250102,1259,430.80,430.80,430.80,430.80,0,CPA2028Z
20250103,1259,434.80,434.80,434.80,434.80,0,CPA2028Z
20250106,1259,442.40,442.40,442.40,442.40,0,CPA2028Z
20250107,1259,446.70,446.70,446.70,446.70,0,CPA2028Z
20250108,1259,451.20,451.20,451.20,451.20,0,CPA2028Z
20250109,1259,454.85,454.85,454.85,454.85,0,CPA2028Z
20250110,1259,452.85,452.85,452.85,452.85,0,CPA2028Z
20250113,1259,457.50,457.50,457.50,457.50,0,CPA2028Z
20250114,1259,460.00,460.00,460.00,460.00,0,CPA2028Z
20250115,1259,463.65,463.65,463.65,463.65,0,CPA2028Z
20250116,1259,469.25,469.25,469.25,469.25,0,CPA2028Z
20250117,1259,462.55,462.55,462.55,462.55,0,CPA2028Z
20250121,1259,461.40,461.40,461.40,461.40,0,CPA2028Z
20250122,1259,458.60,458.60,458.60,458.60,0,CPA2028Z
20250123,1259,460.80,460.80,460.80,460.80,0,CPA2028Z
20250124,1259,461.95,461.95,461.95,461.95,0,CPA2028Z
20250127,1259,454.45,454.45,454.45,454.45,0,CPA2028Z
20250128,1259,454.80,454.80,454.80,454.80,0,CPA2028Z
20250129,1259,458.05,458.05,458.05,458.05,0,CPA2028Z
20250130,1259,462.50,462.50,462.50,462.50,0,CPA2028Z
20250131,1259,459.55,459.55,459.55,459.55,0,CPA2028Z
20250203,1259,461.45,461.45,461.45,461.45,0,CPA2028Z
20250204,1259,466.00,466.00,466.00,466.00,0,CPA2028Z
20250205,1259,474.25,474.25,474.25,474.25,0,CPA2028Z
20250206,1259,477.05,477.05,477.05,477.05,0,CPA2028Z
20250207,1259,489.60,489.60,489.60,489.60,0,CPA2028Z
20250210,1259,500.00,500.00,500.00,500.00,0,CPA2028Z
20250211,1259,489.95,489.95,489.95,489.95,0,CPA2028Z
20250212,1259,500.95,500.95,500.95,500.95,0,CPA2028Z
20250213,1259,508.55,508.55,508.55,508.55,0,CPA2028Z
20250214,1259,497.55,497.55,497.55,497.55,0,CPA2028Z
20250218,1259,492.35,492.35,492.35,492.35,0,CPA2028Z
20250219,1259,489.25,489.25,489.25,489.25,0,CPA2028Z
20250220,1259,494.05,494.05,494.05,494.05,0,CPA2028Z
20250221,1259,489.85,489.85,489.85,489.85,0,CPA2028Z
20250224,1259,484.85,484.85,484.85,484.85,0,CPA2028Z
20250225,1259,481.40,481.40,481.40,481.40,0,CPA2028Z
20250226,1259,487.45,487.45,487.45,487.45,0,CPA2028Z
20250227,1259,490.55,490.55,490.55,490.55,0,CPA2028Z
20250228,1259,484.10,484.10,484.10,484.10,0,CPA2028Z
20250303,1259,491.60,491.60,491.60,491.60,0,CPA2028Z
20250304,1259,487.15,487.15,487.15,487.15,0,CPA2028Z
20250305,1259,511.10,511.10,511.10,511.10,0,CPA2028Z
20250306,1259,512.55,512.55,512.55,512.55,0,CPA2028Z
20250307,1259,504.45,504.45,504.45,504.45,0,CPA2028Z
20250310,1259,501.55,501.55,501.55,501.55,0,CPA2028Z
20250311,1259,511.90,511.90,511.90,511.90,0,CPA2028Z
20250312,1259,520.80,520.80,520.80,520.80,0,CPA2028Z
20250313,1259,528.85,528.85,528.85,528.85,0,CPA2028Z
20250314,1259,526.15,526.15,526.15,526.15,0,CPA2028Z
20250317,1259,532.85,532.85,532.85,532.85,0,CPA2028Z
20250318,1259,539.40,539.40,539.40,539.40,0,CPA2028Z
20250319,1259,546.85,546.85,546.85,546.85,0,CPA2028Z
20250320,1259,548.45,548.45,548.45,548.45,0,CPA2028Z
20250321,1259,549.05,549.05,549.05,549.05,0,CPA2028Z
20250324,1259,546.70,546.70,546.70,546.70,0,CPA2028Z
20250325,1259,557.80,557.80,557.80,557.80,0,CPA2028Z
20250326,1259,551.80,551.80,551.80,551.80,0,CPA2028Z
20250327,1259,539.55,539.55,539.55,539.55,0,CPA2028Z
20250328,1259,545.90,545.90,545.90,545.90,0,CPA2028Z
20250331,1259,538.10,538.10,538.10,538.10,0,CPA2028Z
20250401,1259,539.20,539.20,539.20,539.20,0,CPA2028Z
20250402,1259,539.60,539.60,539.60,539.60,0,CPA2028Z
20250403,1259,520.25,520.25,520.25,520.25,0,CPA2028Z
20250404,1259,481.40,481.40,481.40,481.40,0,CPA2028Z
20250407,1259,461.70,461.70,461.70,461.70,0,CPA2028Z
20250408,1259,458.40,458.40,458.40,458.40,0,CPA2028Z
20250409,1259,463.10,463.10,463.10,463.10,0,CPA2028Z
20250410,1259,476.80,476.80,476.80,476.80,0,CPA2028Z
20250411,1259,495.35,495.35,495.35,495.35,0,CPA2028Z
20250414,1259,507.15,507.15,507.15,507.15,0,CPA2028Z
20250415,1259,506.70,506.70,506.70,506.70,0,CPA2028Z
20250416,1259,512.30,512.30,512.30,512.30,0,CPA2028Z
20250417,1259,517.00,517.00,517.00,517.00,0,CPA2028Z
20250421,1259,516.10,516.10,516.10,516.10,0,CPA2028Z
20250422,1259,529.95,529.95,529.95,529.95,0,CPA2028Z
20250423,1259,527.25,527.25,527.25,527.25,0,CPA2028Z
20250424,1259,529.05,529.05,529.05,529.05,0,CPA2028Z
20250425,1259,527.50,527.50,527.50,527.50,0,CPA2028Z
20250428,1259,526.10,526.10,526.10,526.10,0,CPA2028Z
20250429,1259,525.30,525.30,525.30,525.30,0,CPA2028Z
20250430,1259,505.50,505.50,505.50,505.50,0,CPA2028Z
20250501,1259,508.00,508.00,508.00,508.00,0,CPA2028Z
20250502,1259,514.30,514.30,514.30,514.30,0,CPA2028Z
20250505,1259,518.10,518.10,518.10,518.10,0,CPA2028Z
20250506,1259,526.05,526.05,526.05,526.05,0,CPA2028Z
20250507,1259,515.70,515.70,515.70,515.70,0,CPA2028Z
20250508,1259,510.00,510.00,510.00,510.00,0,CPA2028Z
20250509,1259,515.00,515.00,515.00,515.00,0,CPA2028Z
20250512,1259,512.25,512.25,512.25,512.25,0,CPA2028Z
20250513,1259,522.15,522.15,522.15,522.15,0,CPA2028Z
20250514,1259,515.45,515.45,515.45,515.45,0,CPA2028Z
20250515,1259,517.65,517.65,517.65,517.65,0,CPA2028Z
20250516,1259,508.95,508.95,508.95,508.95,0,CPA2028Z
20250519,1259,516.55,516.55,516.55,516.55,0,CPA2028Z
20250520,1259,514.95,514.95,514.95,514.95,0,CPA2028Z
20250521,1259,515.80,515.80,515.80,515.80,0,CPA2028Z
20250522,1259,516.30,516.30,516.30,516.30,0,CPA2028Z
20250523,1259,532.20,532.20,532.20,532.20,0,CPA2028Z
20250527,1259,523.50,523.50,523.50,523.50,0,CPA2028Z
20250528,1259,518.45,518.45,518.45,518.45,0,CPA2028Z
20250529,1259,519.00,519.00,519.00,519.00,0,CPA2028Z
20250530,1259,518.40,518.40,518.40,518.40,0,CPA2028Z
20250602,1259,536.15,536.15,536.15,536.15,0,CPA2028Z
20250603,1259,534.30,534.30,534.30,534.30,0,CPA2028Z
20250604,1259,538.80,538.80,538.80,538.80,0,CPA2028Z
20250605,1259,543.30,543.30,543.30,543.30,0,CPA2028Z
20250606,1259,535.80,535.80,535.80,535.80,0,CPA2028Z
20250609,1259,543.00,543.00,543.00,543.00,0,CPA2028Z
20250610,1259,539.70,539.70,539.70,539.70,0,CPA2028Z
20250611,1259,532.05,532.05,532.05,532.05,0,CPA2028Z
20250612,1259,534.10,534.10,534.10,534.10,0,CPA2028Z
20250613,1259,532.45,532.45,532.45,532.45,0,CPA2028Z
20250616,1259,535.25,535.25,535.25,535.25,0,CPA2028Z
20250617,1259,532.05,532.05,532.05,532.05,0,CPA2028Z
20250618,1259,536.00,536.00,536.00,536.00,0,CPA2028Z
20250620,1259,533.65,533.65,533.65,533.65,0,CPA2028Z
20250623,1259,535.00,535.00,535.00,535.00,0,CPA2028Z
20250624,1259,538.00,538.00,538.00,538.00,0,CPA2028Z
20250625,1259,542.90,542.90,542.90,542.90,0,CPA2028Z
20250626,1259,557.45,557.45,557.45,557.45,0,CPA2028Z
20250627,1259,558.15,558.15,558.15,558.15,0,CPA2028Z
20250630,1259,555.45,555.45,555.45,555.45,0,CPA2028Z
20250701,1259,558.30,558.30,558.30,558.30,0,CPA2028Z
20250702,1259,567.70,567.70,567.70,567.70,0,CPA2028Z
20250703,1259,562.40,562.40,562.40,562.40,0,CPA2028Z
20250707,1259,550.80,550.80,550.80,550.80,0,CPA2028Z
20250708,1259,616.70,616.70,616.70,616.70,0,CPA2028Z
20250709,1259,588.25,588.25,588.25,588.25,0,CPA2028Z
20250710,1259,600.00,600.00,600.00,600.00,0,CPA2028Z
20250711,1259,601.70,601.70,601.70,601.70,0,CPA2028Z
20250714,1259,596.65,596.65,596.65,596.65,0,CPA2028Z
20250715,1259,599.20,599.20,599.20,599.20,0,CPA2028Z
20250716,1259,595.05,595.05,595.05,595.05,0,CPA2028Z
20250717,1259,593.95,593.95,593.95,593.95,0,CPA2028Z
20250718,1259,603.00,603.00,603.00,603.00,0,CPA2028Z
20250721,1259,605.90,605.90,605.90,605.90,0,CPA2028Z
20250722,1259,613.90,613.90,613.90,613.90,0,CPA2028Z
20250723,1259,622.90,622.90,622.90,622.90,0,CPA2028Z
20250724,1259,622.60,622.60,622.60,622.60,0,CPA2028Z
20250725,1259,620.65,620.65,620.65,620.65,0,CPA2028Z
20250728,1259,617.50,617.50,617.50,617.50,0,CPA2028Z
20250729,1259,604.00,604.00,604.00,604.00,0,CPA2028Z
20250730,1259,600.30,600.30,600.30,600.30,0,CPA2028Z
20250731,1259,484.75,484.75,484.75,484.75,0,CPA2028Z
20250801,1259,491.90,491.90,491.90,491.90,0,CPA2028Z
20250804,1259,491.60,491.60,491.60,491.60,0,CPA2028Z
20250805,1259,487.20,487.20,487.20,487.20,0,CPA2028Z
20250806,1259,490.65,490.65,490.65,490.65,0,CPA2028Z
20250807,1259,490.45,490.45,490.45,490.45,0,CPA2028Z
