Date,Time,Open,High,Low,Close,TradeVolume,Contract
20241218,1259,445.75,445.75,445.75,445.75,0,CPA2029K
20241219,1259,438.35,438.35,438.35,438.35,0,CPA2029K
20241220,1259,440.10,440.10,440.10,440.10,0,CPA2029K
20241223,1259,438.80,438.80,438.80,438.80,0,CPA2029K
20241224,1159,440.60,440.60,440.60,440.60,0,CPA2029K
20241226,1259,442.60,442.60,442.60,442.60,0,CPA2029K
20241227,1259,441.50,441.50,441.50,441.50,0,CPA2029K
20241230,1259,437.50,437.50,437.50,437.50,0,CPA2029K
20241231,1259,430.05,430.05,430.05,430.05,0,CPA2029K
20250102,1259,430.30,430.30,430.30,430.30,0,CPA2029K
20250103,1259,434.30,434.30,434.30,434.30,0,CPA2029K
20250106,1259,441.90,441.90,441.90,441.90,0,CPA2029K
20250107,1259,446.20,446.20,446.20,446.20,0,CPA2029K
20250108,1259,450.70,450.70,450.70,450.70,0,CPA2029K
20250109,1259,454.35,454.35,454.35,454.35,0,CPA2029K
20250110,1259,452.35,452.35,452.35,452.35,0,CPA2029K
20250113,1259,457.00,457.00,457.00,457.00,0,CPA2029K
20250114,1259,459.50,459.50,459.50,459.50,0,CPA2029K
20250115,1259,463.15,463.15,463.15,463.15,0,CPA2029K
20250116,1259,468.75,468.75,468.75,468.75,0,CPA2029K
20250122,1259,458.10,458.10,458.10,458.10,0,CPA2029K
20250123,1259,460.30,460.30,460.30,460.30,0,CPA2029K
20250124,1259,461.45,461.45,461.45,461.45,0,CPA2029K
20250127,1259,453.95,453.95,453.95,453.95,0,CPA2029K
20250128,1259,454.30,454.30,454.30,454.30,0,CPA2029K
20250129,1259,457.55,457.55,457.55,457.55,0,CPA2029K
20250130,1259,462.00,462.00,462.00,462.00,0,CPA2029K
20250131,1259,459.05,459.05,459.05,459.05,0,CPA2029K
20250203,1259,460.95,460.95,460.95,460.95,0,CPA2029K
20250204,1259,465.50,465.50,465.50,465.50,0,CPA2029K
20250205,1259,473.75,473.75,473.75,473.75,0,CPA2029K
20250206,1259,476.55,476.55,476.55,476.55,0,CPA2029K
20250207,1259,489.10,489.10,489.10,489.10,0,CPA2029K
20250210,1259,499.50,499.50,499.50,499.50,0,CPA2029K
20250211,1259,489.45,489.45,489.45,489.45,0,CPA2029K
20250212,1259,500.45,500.45,500.45,500.45,0,CPA2029K
20250213,1259,508.05,508.05,508.05,508.05,0,CPA2029K
20250219,1259,488.75,488.75,488.75,488.75,0,CPA2029K
20250220,1259,493.55,493.55,493.55,493.55,0,CPA2029K
20250221,1259,489.35,489.35,489.35,489.35,0,CPA2029K
20250224,1259,484.35,484.35,484.35,484.35,0,CPA2029K
20250225,1259,480.90,480.90,480.90,480.90,0,CPA2029K
20250226,1259,486.95,486.95,486.95,486.95,0,CPA2029K
20250227,1259,490.05,490.05,490.05,490.05,0,CPA2029K
20250228,1259,483.60,483.60,483.60,483.60,0,CPA2029K
20250303,1259,491.10,491.10,491.10,491.10,0,CPA2029K
20250304,1259,486.65,486.65,486.65,486.65,0,CPA2029K
20250305,1259,510.60,510.60,510.60,510.60,0,CPA2029K
20250306,1259,512.05,512.05,512.05,512.05,0,CPA2029K
20250307,1259,503.95,503.95,503.95,503.95,0,CPA2029K
20250310,1259,501.05,501.05,501.05,501.05,0,CPA2029K
20250311,1259,511.40,511.40,511.40,511.40,0,CPA2029K
20250312,1259,520.30,520.30,520.30,520.30,0,CPA2029K
20250313,1259,528.35,528.35,528.35,528.35,0,CPA2029K
20250314,1259,525.65,525.65,525.65,525.65,0,CPA2029K
20250317,1259,532.35,532.35,532.35,532.35,0,CPA2029K
20250318,1259,538.90,538.90,538.90,538.90,0,CPA2029K
20250319,1259,546.35,546.35,546.35,546.35,0,CPA2029K
20250320,1259,547.95,547.95,547.95,547.95,0,CPA2029K
20250321,1259,548.55,548.55,548.55,548.55,0,CPA2029K
20250324,1259,546.20,546.20,546.20,546.20,0,CPA2029K
20250325,1259,557.30,557.30,557.30,557.30,0,CPA2029K
20250326,1259,551.30,551.30,551.30,551.30,0,CPA2029K
20250327,1259,539.05,539.05,539.05,539.05,0,CPA2029K
20250328,1259,545.40,545.40,545.40,545.40,0,CPA2029K
20250331,1259,537.60,537.60,537.60,537.60,0,CPA2029K
20250401,1259,538.70,538.70,538.70,538.70,0,CPA2029K
20250402,1259,539.10,539.10,539.10,539.10,0,CPA2029K
20250403,1259,519.75,519.75,519.75,519.75,0,CPA2029K
20250404,1259,480.90,480.90,480.90,480.90,0,CPA2029K
20250407,1259,461.20,461.20,461.20,461.20,0,CPA2029K
20250408,1259,457.90,457.90,457.90,457.90,0,CPA2029K
20250409,1259,462.60,462.60,462.60,462.60,0,CPA2029K
20250410,1259,476.30,476.30,476.30,476.30,0,CPA2029K
20250411,1259,494.85,494.85,494.85,494.85,0,CPA2029K
20250414,1259,506.65,506.65,506.65,506.65,0,CPA2029K
20250415,1259,506.20,506.20,506.20,506.20,0,CPA2029K
20250416,1259,511.80,511.80,511.80,511.80,0,CPA2029K
20250417,1259,516.50,516.50,516.50,516.50,0,CPA2029K
20250421,1259,515.60,515.60,515.60,515.60,0,CPA2029K
20250422,1259,529.45,529.45,529.45,529.45,0,CPA2029K
20250423,1259,526.75,526.75,526.75,526.75,0,CPA2029K
20250424,1259,528.55,528.55,528.55,528.55,0,CPA2029K
20250425,1259,527.00,527.00,527.00,527.00,0,CPA2029K
20250428,1259,525.60,525.60,525.60,525.60,0,CPA2029K
20250429,1259,526.85,526.85,526.85,526.85,0,CPA2029K
20250430,1259,507.00,507.00,507.00,507.00,0,CPA2029K
20250501,1259,509.50,509.50,509.50,509.50,0,CPA2029K
20250502,1259,515.80,515.80,515.80,515.80,0,CPA2029K
20250505,1259,519.60,519.60,519.60,519.60,0,CPA2029K
20250506,1259,527.55,527.55,527.55,527.55,0,CPA2029K
20250507,1259,517.20,517.20,517.20,517.20,0,CPA2029K
20250508,1259,511.50,511.50,511.50,511.50,0,CPA2029K
20250509,1259,516.50,516.50,516.50,516.50,0,CPA2029K
20250512,1259,513.75,513.75,513.75,513.75,0,CPA2029K
20250513,1259,523.65,523.65,523.65,523.65,0,CPA2029K
20250514,1259,516.95,516.95,516.95,516.95,0,CPA2029K
20250515,1259,519.15,519.15,519.15,519.15,0,CPA2029K
20250516,1259,510.45,510.45,510.45,510.45,0,CPA2029K
20250519,1259,518.05,518.05,518.05,518.05,0,CPA2029K
20250520,1259,516.45,516.45,516.45,516.45,0,CPA2029K
20250521,1259,517.30,517.30,517.30,517.30,0,CPA2029K
20250522,1259,517.80,517.80,517.80,517.80,0,CPA2029K
20250523,1259,533.70,533.70,533.70,533.70,0,CPA2029K
20250527,1259,525.00,525.00,525.00,525.00,0,CPA2029K
20250528,1259,519.95,519.95,519.95,519.95,0,CPA2029K
20250529,1259,520.50,520.50,520.50,520.50,0,CPA2029K
20250530,1259,519.90,519.90,519.90,519.90,0,CPA2029K
20250602,1259,537.65,537.65,537.65,537.65,0,CPA2029K
20250603,1259,535.80,535.80,535.80,535.80,0,CPA2029K
20250604,1259,540.30,540.30,540.30,540.30,0,CPA2029K
20250605,1259,544.80,544.80,544.80,544.80,0,CPA2029K
20250606,1259,537.30,537.30,537.30,537.30,0,CPA2029K
20250609,1259,544.50,544.50,544.50,544.50,0,CPA2029K
20250610,1259,541.20,541.20,541.20,541.20,0,CPA2029K
20250611,1259,533.55,533.55,533.55,533.55,0,CPA2029K
20250612,1259,535.60,535.60,535.60,535.60,0,CPA2029K
20250613,1259,533.95,533.95,533.95,533.95,0,CPA2029K
20250616,1259,536.75,536.75,536.75,536.75,0,CPA2029K
20250617,1259,533.55,533.55,533.55,533.55,0,CPA2029K
20250618,1259,537.50,537.50,537.50,537.50,0,CPA2029K
20250620,1259,535.15,535.15,535.15,535.15,0,CPA2029K
20250623,1259,536.50,536.50,536.50,536.50,0,CPA2029K
20250624,1259,539.50,539.50,539.50,539.50,0,CPA2029K
20250625,1259,544.40,544.40,544.40,544.40,0,CPA2029K
20250626,1259,558.95,558.95,558.95,558.95,0,CPA2029K
20250627,1259,559.80,559.80,559.80,559.80,0,CPA2029K
20250630,1259,557.70,557.70,557.70,557.70,0,CPA2029K
20250701,1259,561.55,561.55,561.55,561.55,0,CPA2029K
20250702,1259,570.95,570.95,570.95,570.95,0,CPA2029K
20250703,1259,566.45,566.45,566.45,566.45,0,CPA2029K
20250707,1259,557.85,557.85,557.85,557.85,0,CPA2029K
20250708,1259,623.75,623.75,623.75,623.75,0,CPA2029K
20250709,1259,595.30,595.30,595.30,595.30,0,CPA2029K
20250710,1259,607.05,607.05,607.05,607.05,0,CPA2029K
20250711,1259,608.75,608.75,608.75,608.75,0,CPA2029K
20250714,1259,603.70,603.70,603.70,603.70,0,CPA2029K
20250715,1259,606.25,606.25,606.25,606.25,0,CPA2029K
20250716,1259,602.90,602.90,602.90,602.90,0,CPA2029K
20250717,1259,604.25,604.25,604.25,604.25,0,CPA2029K
20250718,1259,613.30,613.30,613.30,613.30,0,CPA2029K
20250721,1259,616.20,616.20,616.20,616.20,0,CPA2029K
20250722,1259,624.20,624.20,624.20,624.20,0,CPA2029K
20250723,1259,633.20,633.20,633.20,633.20,0,CPA2029K
20250724,1259,636.80,636.80,636.80,636.80,0,CPA2029K
20250725,1259,636.40,636.40,636.40,636.40,0,CPA2029K
20250728,1259,637.15,637.15,637.15,637.15,0,CPA2029K
20250729,1259,636.35,636.35,636.35,636.35,0,CPA2029K
20250730,1259,636.90,636.90,636.90,636.90,0,CPA2029K
20250731,1259,521.35,521.35,521.35,521.35,0,CPA2029K
20250801,1259,528.50,528.50,528.50,528.50,0,CPA2029K
20250804,1259,528.20,528.20,528.20,528.20,0,CPA2029K
20250805,1259,523.80,523.80,523.80,523.80,0,CPA2029K
20250806,1259,527.25,527.25,527.25,527.25,0,CPA2029K
20250807,1259,527.05,527.05,527.05,527.05,0,CPA2029K
