Date,Time,Open,High,Low,Close,TradeVolume,Contract
20221221,1259,383.80,383.80,383.80,383.80,0,CPA2027K
20221222,1259,379.25,379.25,379.25,379.25,0,CPA2027K
20221223,1259,384.20,384.20,384.20,384.20,0,CPA2027K
20221227,1259,388.55,388.55,388.55,388.55,0,CPA2027K
20221228,1259,388.95,388.95,388.95,388.95,0,CPA2027K
20221229,1259,386.25,386.25,386.25,386.25,0,CPA2027K
20221230,1259,384.15,384.15,384.15,384.15,0,CPA2027K
20230103,1259,381.45,381.45,381.45,381.45,0,CPA2027K
20230104,1259,379.20,379.20,379.20,379.20,0,CPA2027K
20230105,1259,386.05,386.05,386.05,386.05,0,CPA2027K
20230106,1259,394.05,394.05,394.05,394.05,0,CPA2027K
20230109,1259,405.90,405.90,405.90,405.90,0,CPA2027K
20230110,1259,410.80,410.80,410.80,410.80,0,CPA2027K
20230111,1259,419.30,419.30,419.30,419.30,0,CPA2027K
20230112,1259,422.95,422.95,422.95,422.95,0,CPA2027K
20230113,1259,424.90,424.90,424.90,424.90,0,CPA2027K
20230117,1259,425.35,425.35,425.35,425.35,0,CPA2027K
20230118,1259,426.10,426.10,426.10,426.10,0,CPA2027K
20230119,1259,425.65,425.65,425.65,425.65,0,CPA2027K
20230120,1259,427.50,427.50,427.50,427.50,0,CPA2027K
20230123,1259,429.75,429.75,429.75,429.75,0,CPA2027K
20230124,1259,428.65,428.65,428.65,428.65,0,CPA2027K
20230125,1259,428.75,428.75,428.75,428.75,0,CPA2027K
20230126,1259,429.95,429.95,429.95,429.95,0,CPA2027K
20230127,1259,425.70,425.70,425.70,425.70,0,CPA2027K
20230130,1259,424.30,424.30,424.30,424.30,0,CPA2027K
20230131,1259,426.30,426.30,426.30,426.30,0,CPA2027K
20230201,1259,415.90,415.90,415.90,415.90,0,CPA2027K
20230202,1259,414.95,414.95,414.95,414.95,0,CPA2027K
20230203,1259,411.90,411.90,411.90,411.90,0,CPA2027K
20230206,1259,410.75,410.75,410.75,410.75,0,CPA2027K
20230207,1259,412.25,412.25,412.25,412.25,0,CPA2027K
20230208,1259,406.25,406.25,406.25,406.25,0,CPA2027K
20230209,1259,412.00,412.00,412.00,412.00,0,CPA2027K
20230210,1259,405.75,405.75,405.75,405.75,0,CPA2027K
20230213,1259,410.20,410.20,410.20,410.20,0,CPA2027K
20230215,1259,404.45,404.45,404.45,404.45,0,CPA2027K
20230216,1259,414.00,414.00,414.00,414.00,0,CPA2027K
20230217,1259,412.80,412.80,412.80,412.80,0,CPA2027K
20230221,1259,421.75,421.75,421.75,421.75,0,CPA2027K
20230222,1259,419.25,419.25,419.25,419.25,0,CPA2027K
20230223,1259,407.40,407.40,407.40,407.40,0,CPA2027K
20230224,1259,398.60,398.60,398.60,398.60,0,CPA2027K
20230227,1259,404.05,404.05,404.05,404.05,0,CPA2027K
20230228,1259,411.75,411.75,411.75,411.75,0,CPA2027K
20230301,1259,417.45,417.45,417.45,417.45,0,CPA2027K
20230302,1259,410.75,410.75,410.75,410.75,0,CPA2027K
20230303,1259,410.05,410.05,410.05,410.05,0,CPA2027K
20230306,1259,412.60,412.60,412.60,412.60,0,CPA2027K
20230307,1259,401.75,401.75,401.75,401.75,0,CPA2027K
20230308,1259,406.50,406.50,406.50,406.50,0,CPA2027K
20230309,1259,407.25,407.25,407.25,407.25,0,CPA2027K
20230310,1259,407.55,407.55,407.55,407.55,0,CPA2027K
20230313,1259,409.85,409.85,409.85,409.85,0,CPA2027K
20230314,1259,405.45,405.45,405.45,405.45,0,CPA2027K
20230315,1259,390.75,390.75,390.75,390.75,0,CPA2027K
20230316,1259,392.10,392.10,392.10,392.10,0,CPA2027K
20230317,1259,394.20,394.20,394.20,394.20,0,CPA2027K
20230320,1259,399.85,399.85,399.85,399.85,0,CPA2027K
20230321,1259,403.35,403.35,403.35,403.35,0,CPA2027K
20230322,1259,406.70,406.70,406.70,406.70,0,CPA2027K
20230323,1259,413.05,413.05,413.05,413.05,0,CPA2027K
20230324,1259,410.70,410.70,410.70,410.70,0,CPA2027K
20230327,1259,411.95,411.95,411.95,411.95,0,CPA2027K
20230328,1259,412.25,412.25,412.25,412.25,0,CPA2027K
20230329,1259,411.25,411.25,411.25,411.25,0,CPA2027K
20230330,1259,412.25,412.25,412.25,412.25,0,CPA2027K
20230331,1259,412.40,412.40,412.40,412.40,0,CPA2027K
20230403,1259,408.20,408.20,408.20,408.20,0,CPA2027K
20230404,1259,400.90,400.90,400.90,400.90,0,CPA2027K
20230405,1259,401.20,401.20,401.20,401.20,0,CPA2027K
20230406,1259,404.15,404.15,404.15,404.15,0,CPA2027K
20230410,1259,401.45,401.45,401.45,401.45,0,CPA2027K
20230411,1259,405.10,405.10,405.10,405.10,0,CPA2027K
20230412,1259,409.45,409.45,409.45,409.45,0,CPA2027K
20230413,1259,412.80,412.80,412.80,412.80,0,CPA2027K
20230414,1259,411.80,411.80,411.80,411.80,0,CPA2027K
20230417,1259,409.05,409.05,409.05,409.05,0,CPA2027K
20230418,1259,411.90,411.90,411.90,411.90,0,CPA2027K
20230419,1259,410.50,410.50,410.50,410.50,0,CPA2027K
20230420,1259,406.20,406.20,406.20,406.20,0,CPA2027K
20230421,1259,402.55,402.55,402.55,402.55,0,CPA2027K
20230424,1259,400.90,400.90,400.90,400.90,0,CPA2027K
20230425,1259,390.85,390.85,390.85,390.85,0,CPA2027K
20230426,1259,390.20,390.20,390.20,390.20,0,CPA2027K
20230427,1259,392.15,392.15,392.15,392.15,0,CPA2027K
20230428,1259,393.80,393.80,393.80,393.80,0,CPA2027K
20230501,1259,398.40,398.40,398.40,398.40,0,CPA2027K
20230502,1259,391.85,391.85,391.85,391.85,0,CPA2027K
20230503,1259,390.35,390.35,390.35,390.35,0,CPA2027K
20230504,1259,393.00,393.00,393.00,393.00,0,CPA2027K
20230505,1259,394.85,394.85,394.85,394.85,0,CPA2027K
20230508,1259,400.00,400.00,400.00,400.00,0,CPA2027K
20230509,1259,397.70,397.70,397.70,397.70,0,CPA2027K
20230510,1259,392.70,392.70,392.70,392.70,0,CPA2027K
20230511,1259,379.30,379.30,379.30,379.30,0,CPA2027K
20230512,1259,380.80,380.80,380.80,380.80,0,CPA2027K
20230515,1259,383.35,383.35,383.35,383.35,0,CPA2027K
20230516,1259,375.90,375.90,375.90,375.90,0,CPA2027K
20230517,1259,384.45,384.45,384.45,384.45,0,CPA2027K
20230518,1259,379.50,379.50,379.50,379.50,0,CPA2027K
20230519,1259,383.15,383.15,383.15,383.15,0,CPA2027K
20230522,1259,379.65,379.65,379.65,379.65,0,CPA2027K
20230523,1259,376.95,376.95,376.95,376.95,0,CPA2027K
20230524,1259,368.60,368.60,368.60,368.60,0,CPA2027K
20230525,1259,370.75,370.75,370.75,370.75,0,CPA2027K
20230526,1259,379.05,379.05,379.05,379.05,0,CPA2027K
20230530,1259,378.10,378.10,378.10,378.10,0,CPA2027K
20230531,1259,375.80,375.80,375.80,375.80,0,CPA2027K
20230601,1259,382.35,382.35,382.35,382.35,0,CPA2027K
20230602,1259,383.70,383.70,383.70,383.70,0,CPA2027K
20230605,1259,386.65,386.65,386.65,386.65,0,CPA2027K
20230606,1259,385.65,385.65,385.65,385.65,0,CPA2027K
20230607,1259,382.30,382.30,382.30,382.30,0,CPA2027K
20230608,1259,386.70,386.70,386.70,386.70,0,CPA2027K
20230609,1259,387.05,387.05,387.05,387.05,0,CPA2027K
20230612,1259,384.40,384.40,384.40,384.40,0,CPA2027K
20230613,1259,389.95,389.95,389.95,389.95,0,CPA2027K
20230614,1259,392.25,392.25,392.25,392.25,0,CPA2027K
20230615,1259,394.85,394.85,394.85,394.85,0,CPA2027K
20230616,1259,395.85,395.85,395.85,395.85,0,CPA2027K
20230620,1259,393.45,393.45,393.45,393.45,0,CPA2027K
20230621,1259,394.55,394.55,394.55,394.55,0,CPA2027K
20230622,1259,395.05,395.05,395.05,395.05,0,CPA2027K
20230623,1259,387.55,387.55,387.55,387.55,0,CPA2027K
20230626,1259,386.40,386.40,386.40,386.40,0,CPA2027K
20230627,1259,384.20,384.20,384.20,384.20,0,CPA2027K
20230628,1259,380.75,380.75,380.75,380.75,0,CPA2027K
20230629,1259,376.25,376.25,376.25,376.25,0,CPA2027K
20230630,1259,382.90,382.90,382.90,382.90,0,CPA2027K
20230703,1259,386.05,386.05,386.05,386.05,0,CPA2027K
20230705,1259,384.55,384.55,384.55,384.55,0,CPA2027K
20230706,1259,383.50,383.50,383.50,383.50,0,CPA2027K
20230707,1259,387.65,387.65,387.65,387.65,0,CPA2027K
20230710,1259,388.40,388.40,388.40,388.40,0,CPA2027K
20230711,1259,387.20,387.20,387.20,387.20,0,CPA2027K
20230712,1259,394.75,394.75,394.75,394.75,0,CPA2027K
20230713,1259,402.25,402.25,402.25,402.25,0,CPA2027K
20230714,1259,401.95,401.95,401.95,401.95,0,CPA2027K
20230717,1259,393.65,393.65,393.65,393.65,0,CPA2027K
20230718,1259,392.55,392.55,392.55,392.55,0,CPA2027K
20230719,1259,390.50,390.50,390.50,390.50,0,CPA2027K
20230720,1259,393.30,393.30,393.30,393.30,0,CPA2027K
20230721,1259,392.65,392.65,392.65,392.65,0,CPA2027K
20230724,1259,396.20,396.20,396.20,396.20,0,CPA2027K
20230725,1259,401.45,401.45,401.45,401.45,0,CPA2027K
20230726,1259,400.05,400.05,400.05,400.05,0,CPA2027K
20230727,1259,398.30,398.30,398.30,398.30,0,CPA2027K
20230728,1259,402.90,402.90,402.90,402.90,0,CPA2027K
20230731,1259,409.75,409.75,409.75,409.75,0,CPA2027K
20230801,1259,401.40,401.40,401.40,401.40,0,CPA2027K
20230802,1259,396.10,396.10,396.10,396.10,0,CPA2027K
20230803,1259,402.35,402.35,402.35,402.35,0,CPA2027K
20230804,1259,399.45,399.45,399.45,399.45,0,CPA2027K
20230807,1259,397.20,397.20,397.20,397.20,0,CPA2027K
20230808,1259,390.45,390.45,390.45,390.45,0,CPA2027K
20230809,1259,391.20,391.20,391.20,391.20,0,CPA2027K
20230810,1259,390.35,390.35,390.35,390.35,0,CPA2027K
20230811,1259,387.25,387.25,387.25,387.25,0,CPA2027K
20230814,1259,386.60,386.60,386.60,386.60,0,CPA2027K
20230815,1259,383.80,383.80,383.80,383.80,0,CPA2027K
20230816,1259,382.40,382.40,382.40,382.40,0,CPA2027K
20230817,1259,385.15,385.15,385.15,385.15,0,CPA2027K
20230818,1259,385.10,385.10,385.10,385.10,0,CPA2027K
20230821,1259,386.80,386.80,386.80,386.80,0,CPA2027K
20230822,1259,390.15,390.15,390.15,390.15,0,CPA2027K
20230823,1259,394.55,394.55,394.55,394.55,0,CPA2027K
20230824,1259,391.05,391.05,391.05,391.05,0,CPA2027K
20230825,1259,390.00,390.00,390.00,390.00,0,CPA2027K
20230828,1259,391.15,391.15,391.15,391.15,0,CPA2027K
20230829,1259,396.00,396.00,396.00,396.00,0,CPA2027K
20230830,1259,396.50,396.50,396.50,396.50,0,CPA2027K
20230831,1259,394.60,394.60,394.60,394.60,0,CPA2027K
20230901,1259,397.15,397.15,397.15,397.15,0,CPA2027K
20230905,1259,396.45,396.45,396.45,396.45,0,CPA2027K
20230906,1259,391.40,391.40,391.40,391.40,0,CPA2027K
20230907,1259,389.20,389.20,389.20,389.20,0,CPA2027K
20230908,1259,385.05,385.05,385.05,385.05,0,CPA2027K
20230911,1259,393.85,393.85,393.85,393.85,0,CPA2027K
20230912,1259,392.45,392.45,392.45,392.45,0,CPA2027K
20230913,1259,392.30,392.30,392.30,392.30,0,CPA2027K
20230914,1259,392.45,392.45,392.45,392.45,0,CPA2027K
20230915,1259,391.55,391.55,391.55,391.55,0,CPA2027K
20230918,1259,390.10,390.10,390.10,390.10,0,CPA2027K
20230919,1259,387.20,387.20,387.20,387.20,0,CPA2027K
20230920,1259,390.00,390.00,390.00,390.00,0,CPA2027K
20230921,1259,383.50,383.50,383.50,383.50,0,CPA2027K
20230922,1259,384.40,384.40,384.40,384.40,0,CPA2027K
20230925,1259,382.75,382.75,382.75,382.75,0,CPA2027K
20230926,1259,380.20,380.20,380.20,380.20,0,CPA2027K
20230927,1259,378.50,378.50,378.50,378.50,0,CPA2027K
20230928,1259,383.90,383.90,383.90,383.90,0,CPA2027K
20230929,1259,387.70,387.70,387.70,387.70,0,CPA2027K
20231002,1259,379.20,379.20,379.20,379.20,0,CPA2027K
20231003,1259,376.60,376.60,376.60,376.60,0,CPA2027K
20231004,1259,373.45,373.45,373.45,373.45,0,CPA2027K
20231005,1259,369.75,369.75,369.75,369.75,0,CPA2027K
20231006,1259,376.80,376.80,376.80,376.80,0,CPA2027K
20231009,1259,379.00,379.00,379.00,379.00,0,CPA2027K
20231010,1259,376.45,376.45,376.45,376.45,0,CPA2027K
20231011,1259,376.15,376.15,376.15,376.15,0,CPA2027K
20231012,1259,376.10,376.10,376.10,376.10,0,CPA2027K
20231013,1259,374.20,374.20,374.20,374.20,0,CPA2027K
20231016,1259,377.00,377.00,377.00,377.00,0,CPA2027K
20231017,1259,377.05,377.05,377.05,377.05,0,CPA2027K
20231018,1259,376.25,376.25,376.25,376.25,0,CPA2027K
20231019,1259,377.00,377.00,377.00,377.00,0,CPA2027K
20231020,1259,375.05,375.05,375.05,375.05,0,CPA2027K
20231023,1259,374.90,374.90,374.90,374.90,0,CPA2027K
20231024,1259,375.00,375.00,375.00,375.00,0,CPA2027K
20231025,1259,373.20,373.20,373.20,373.20,0,CPA2027K
20231026,1259,374.95,374.95,374.95,374.95,0,CPA2027K
20231027,1259,380.35,380.35,380.35,380.35,0,CPA2027K
20231030,1259,381.60,381.60,381.60,381.60,0,CPA2027K
20231031,1259,380.80,380.80,380.80,380.80,0,CPA2027K
20231101,1259,382.00,382.00,382.00,382.00,0,CPA2027K
20231102,1259,384.50,384.50,384.50,384.50,0,CPA2027K
20231103,1259,385.25,385.25,385.25,385.25,0,CPA2027K
20231106,1259,389.30,389.30,389.30,389.30,0,CPA2027K
20231107,1259,387.40,387.40,387.40,387.40,0,CPA2027K
20231108,1259,383.95,383.95,383.95,383.95,0,CPA2027K
20231109,1259,384.05,384.05,384.05,384.05,0,CPA2027K
20231110,1259,381.25,381.25,381.25,381.25,0,CPA2027K
20231113,1259,387.05,387.05,387.05,387.05,0,CPA2027K
20231114,1259,389.15,389.15,389.15,389.15,0,CPA2027K
20231115,1259,392.60,392.60,392.60,392.60,0,CPA2027K
20231116,1259,390.85,390.85,390.85,390.85,0,CPA2027K
20231117,1259,394.15,394.15,394.15,394.15,0,CPA2027K
20231120,1259,400.90,400.90,400.90,400.90,0,CPA2027K
20231121,1259,402.50,402.50,402.50,402.50,0,CPA2027K
20231122,1259,397.40,397.40,397.40,397.40,0,CPA2027K
20231124,1159,400.65,400.65,400.65,400.65,0,CPA2027K
20231127,1259,397.95,397.95,397.95,397.95,0,CPA2027K
20231128,1259,400.80,400.80,400.80,400.80,0,CPA2027K
20231129,1259,399.35,399.35,399.35,399.35,0,CPA2027K
20231130,1259,401.30,401.30,401.30,401.30,0,CPA2027K
20231201,1259,407.85,407.85,407.85,407.85,0,CPA2027K
20231204,1259,400.50,400.50,400.50,400.50,0,CPA2027K
20231205,1259,394.55,394.55,394.55,394.55,0,CPA2027K
20231206,1259,390.05,390.05,390.05,390.05,0,CPA2027K
20231207,1259,395.75,395.75,395.75,395.75,0,CPA2027K
20231208,1259,397.25,397.25,397.25,397.25,0,CPA2027K
20231211,1259,392.85,392.85,392.85,392.85,0,CPA2027K
20231212,1259,391.85,391.85,391.85,391.85,0,CPA2027K
20231213,1259,390.90,390.90,390.90,390.90,0,CPA2027K
20231214,1259,399.75,399.75,399.75,399.75,0,CPA2027K
20231215,1259,398.75,398.75,398.75,398.75,0,CPA2027K
20231218,1259,395.40,395.40,395.40,395.40,0,CPA2027K
20231219,1259,398.85,398.85,398.85,398.85,0,CPA2027K
20231220,1259,399.45,399.45,399.45,399.45,0,CPA2027K
20231221,1259,400.85,400.85,400.85,400.85,0,CPA2027K
20231222,1259,399.65,399.65,399.65,399.65,0,CPA2027K
20231226,1259,400.15,400.15,400.15,400.15,0,CPA2027K
20231227,1259,405.05,405.05,405.05,405.05,0,CPA2027K
20231228,1259,401.65,401.65,401.65,401.65,0,CPA2027K
20231229,1259,398.55,398.55,398.55,398.55,0,CPA2027K
20240102,1259,397.60,397.60,397.60,397.60,0,CPA2027K
20240103,1259,395.50,395.50,395.50,395.50,0,CPA2027K
20240104,1259,393.55,393.55,393.55,393.55,0,CPA2027K
20240105,1259,391.20,391.20,391.20,391.20,0,CPA2027K
20240108,1259,392.75,392.75,392.75,392.75,0,CPA2027K
20240109,1259,388.70,388.70,388.70,388.70,0,CPA2027K
20240110,1259,390.00,390.00,390.00,390.00,0,CPA2027K
20240111,1259,388.20,388.20,388.20,388.20,0,CPA2027K
20240112,1259,385.35,385.35,385.35,385.35,0,CPA2027K
20240116,1259,387.50,387.50,387.50,387.50,0,CPA2027K
20240117,1259,384.10,384.10,384.10,384.10,0,CPA2027K
20240118,1259,385.55,385.55,385.55,385.55,0,CPA2027K
20240119,1259,389.25,389.25,389.25,389.25,0,CPA2027K
20240122,1259,387.55,387.55,387.55,387.55,0,CPA2027K
20240123,1259,389.75,389.75,389.75,389.75,0,CPA2027K
20240124,1259,398.10,398.10,398.10,398.10,0,CPA2027K
20240125,1259,397.60,397.60,397.60,397.60,0,CPA2027K
20240126,1259,396.35,396.35,396.35,396.35,0,CPA2027K
20240129,1259,398.75,398.75,398.75,398.75,0,CPA2027K
20240130,1259,400.35,400.35,400.35,400.35,0,CPA2027K
20240131,1259,399.80,399.80,399.80,399.80,0,CPA2027K
20240201,1259,395.50,395.50,395.50,395.50,0,CPA2027K
20240202,1259,393.65,393.65,393.65,393.65,0,CPA2027K
20240205,1259,389.80,389.80,389.80,389.80,0,CPA2027K
20240206,1259,390.50,390.50,390.50,390.50,0,CPA2027K
20240207,1259,386.75,386.75,386.75,386.75,0,CPA2027K
20240208,1259,382.85,382.85,382.85,382.85,0,CPA2027K
20240209,1259,380.55,380.55,380.55,380.55,0,CPA2027K
20240212,1259,384.10,384.10,384.10,384.10,0,CPA2027K
20240213,1259,382.50,382.50,382.50,382.50,0,CPA2027K
20240214,1259,380.15,380.15,380.15,380.15,0,CPA2027K
20240215,1259,384.50,384.50,384.50,384.50,0,CPA2027K
20240216,1259,392.30,392.30,392.30,392.30,0,CPA2027K
20240220,1259,394.25,394.25,394.25,394.25,0,CPA2027K
20240221,1259,395.45,395.45,395.45,395.45,0,CPA2027K
20240222,1259,398.60,398.60,398.60,398.60,0,CPA2027K
20240223,1259,397.80,397.80,397.80,397.80,0,CPA2027K
20240226,1259,390.70,390.70,390.70,390.70,0,CPA2027K
20240227,1259,392.90,392.90,392.90,392.90,0,CPA2027K
20240228,1259,391.20,391.20,391.20,391.20,0,CPA2027K
20240229,1259,391.60,391.60,391.60,391.60,0,CPA2027K
20240301,1259,393.30,393.30,393.30,393.30,0,CPA2027K
20240304,1259,393.20,393.20,393.20,393.20,0,CPA2027K
20240305,1259,392.35,392.35,392.35,392.35,0,CPA2027K
20240306,1259,394.90,394.90,394.90,394.90,0,CPA2027K
20240307,1259,399.70,399.70,399.70,399.70,0,CPA2027K
20240308,1259,396.65,396.65,396.65,396.65,0,CPA2027K
20240311,1259,400.05,400.05,400.05,400.05,0,CPA2027K
20240312,1259,400.40,400.40,400.40,400.40,0,CPA2027K
20240313,1259,411.40,411.40,411.40,411.40,0,CPA2027K
20240314,1259,411.35,411.35,411.35,411.35,0,CPA2027K
20240315,1259,419.65,419.65,419.65,419.65,0,CPA2027K
20240318,1259,420.25,420.25,420.25,420.25,0,CPA2027K
20240319,1259,415.60,415.60,415.60,415.60,0,CPA2027K
20240320,1259,413.70,413.70,413.70,413.70,0,CPA2027K
20240321,1259,415.85,415.85,415.85,415.85,0,CPA2027K
20240322,1259,411.05,411.05,411.05,411.05,0,CPA2027K
20240325,1259,412.55,412.55,412.55,412.55,0,CPA2027K
20240326,1259,412.05,412.05,412.05,412.05,0,CPA2027K
20240327,1259,411.55,411.55,411.55,411.55,0,CPA2027K
20240328,1259,412.90,412.90,412.90,412.90,0,CPA2027K
20240401,1259,417.15,417.15,417.15,417.15,0,CPA2027K
20240402,1259,419.65,419.65,419.65,419.65,0,CPA2027K
20240403,1259,432.40,432.40,432.40,432.40,0,CPA2027K
20240404,1259,437.65,437.65,437.65,437.65,0,CPA2027K
20240405,1259,436.50,436.50,436.50,436.50,0,CPA2027K
20240408,1259,439.50,439.50,439.50,439.50,0,CPA2027K
20240409,1259,440.20,440.20,440.20,440.20,0,CPA2027K
20240410,1259,439.20,439.20,439.20,439.20,0,CPA2027K
20240411,1259,438.00,438.00,438.00,438.00,0,CPA2027K
20240412,1259,438.50,438.50,438.50,438.50,0,CPA2027K
20240415,1259,446.05,446.05,446.05,446.05,0,CPA2027K
20240416,1259,438.90,438.90,438.90,438.90,0,CPA2027K
20240417,1259,440.10,440.10,440.10,440.10,0,CPA2027K
20240418,1259,450.65,450.65,450.65,450.65,0,CPA2027K
20240419,1259,456.00,456.00,456.00,456.00,0,CPA2027K
20240422,1259,454.10,454.10,454.10,454.10,0,CPA2027K
20240423,1259,449.35,449.35,449.35,449.35,0,CPA2027K
20240424,1259,451.40,451.40,451.40,451.40,0,CPA2027K
20240425,1259,456.80,456.80,456.80,456.80,0,CPA2027K
20240426,1259,461.40,461.40,461.40,461.40,0,CPA2027K
20240429,1259,469.85,469.85,469.85,469.85,0,CPA2027K
20240430,1259,459.60,459.60,459.60,459.60,0,CPA2027K
20240501,1259,456.90,456.90,456.90,456.90,0,CPA2027K
20240502,1259,451.45,451.45,451.45,451.45,0,CPA2027K
20240503,1259,458.35,458.35,458.35,458.35,0,CPA2027K
20240506,1259,463.75,463.75,463.75,463.75,0,CPA2027K
20240507,1259,463.45,463.45,463.45,463.45,0,CPA2027K
20240508,1259,457.90,457.90,457.90,457.90,0,CPA2027K
20240509,1259,459.80,459.80,459.80,459.80,0,CPA2027K
20240510,1259,461.05,461.05,461.05,461.05,0,CPA2027K
20240513,1259,467.40,467.40,467.40,467.40,0,CPA2027K
20240514,1259,460.20,460.20,460.20,460.20,0,CPA2027K
20240515,1259,468.30,468.30,468.30,468.30,0,CPA2027K
20240516,1259,472.95,472.95,472.95,472.95,0,CPA2027K
20240517,1259,486.70,486.70,486.70,486.70,0,CPA2027K
20240520,1259,494.60,494.60,494.60,494.60,0,CPA2027K
20240521,1259,494.70,494.70,494.70,494.70,0,CPA2027K
20240522,1259,475.85,475.85,475.85,475.85,0,CPA2027K
20240523,1259,473.80,473.80,473.80,473.80,0,CPA2027K
20240524,1259,472.15,472.15,472.15,472.15,0,CPA2027K
20240528,1259,482.85,482.85,482.85,482.85,0,CPA2027K
20240529,1259,479.30,479.30,479.30,479.30,0,CPA2027K
20240530,1259,466.10,466.10,466.10,466.10,0,CPA2027K
20240531,1259,463.80,463.80,463.80,463.80,0,CPA2027K
20240603,1259,468.60,468.60,468.60,468.60,0,CPA2027K
20240604,1259,456.00,456.00,456.00,456.00,0,CPA2027K
20240605,1259,458.20,458.20,458.20,458.20,0,CPA2027K
20240606,1259,466.35,466.35,466.35,466.35,0,CPA2027K
20240607,1259,451.60,451.60,451.60,451.60,0,CPA2027K
20240610,1259,457.35,457.35,457.35,457.35,0,CPA2027K
20240611,1259,451.40,451.40,451.40,451.40,0,CPA2027K
20240612,1259,457.70,457.70,457.70,457.70,0,CPA2027K
20240613,1259,451.15,451.15,451.15,451.15,0,CPA2027K
20240614,1259,450.55,450.55,450.55,450.55,0,CPA2027K
20240617,1259,446.90,446.90,446.90,446.90,0,CPA2027K
20240618,1259,449.60,449.60,449.60,449.60,0,CPA2027K
20240620,1259,455.80,455.80,455.80,455.80,0,CPA2027K
20240621,1259,448.00,448.00,448.00,448.00,0,CPA2027K
20240624,1259,446.95,446.95,446.95,446.95,0,CPA2027K
20240625,1259,443.45,443.45,443.45,443.45,0,CPA2027K
20240626,1259,443.60,443.60,443.60,443.60,0,CPA2027K
20240627,1259,442.60,442.60,442.60,442.60,0,CPA2027K
20240628,1259,446.45,446.45,446.45,446.45,0,CPA2027K
20240701,1259,448.95,448.95,448.95,448.95,0,CPA2027K
20240702,1259,448.30,448.30,448.30,448.30,0,CPA2027K
20240703,1259,458.20,458.20,458.20,458.20,0,CPA2027K
20240705,1259,464.95,464.95,464.95,464.95,0,CPA2027K
20240708,1259,463.70,463.70,463.70,463.70,0,CPA2027K
20240709,1259,460.40,460.40,460.40,460.40,0,CPA2027K
20240710,1259,461.25,461.25,461.25,461.25,0,CPA2027K
20240711,1259,458.15,458.15,458.15,458.15,0,CPA2027K
20240712,1259,463.90,463.90,463.90,463.90,0,CPA2027K
20240715,1259,460.10,460.10,460.10,460.10,0,CPA2027K
20240716,1259,453.95,453.95,453.95,453.95,0,CPA2027K
20240717,1259,451.95,451.95,451.95,451.95,0,CPA2027K
20240718,1259,441.05,441.05,441.05,441.05,0,CPA2027K
20240719,1259,438.95,438.95,438.95,438.95,0,CPA2027K
20240722,1259,435.45,435.45,435.45,435.45,0,CPA2027K
20240723,1259,431.00,431.00,431.00,431.00,0,CPA2027K
20240724,1259,427.75,427.75,427.75,427.75,0,CPA2027K
20240725,1259,429.25,429.25,429.25,429.25,0,CPA2027K
20240726,1259,430.55,430.55,430.55,430.55,0,CPA2027K
20240729,1259,427.00,427.00,427.00,427.00,0,CPA2027K
20240730,1259,427.35,427.35,427.35,427.35,0,CPA2027K
20240731,1259,435.95,435.95,435.95,435.95,0,CPA2027K
20240801,1259,428.05,428.05,428.05,428.05,0,CPA2027K
20240802,1259,429.90,429.90,429.90,429.90,0,CPA2027K
20240805,1259,419.15,419.15,419.15,419.15,0,CPA2027K
20240806,1259,421.65,421.65,421.65,421.65,0,CPA2027K
20240807,1259,416.75,416.75,416.75,416.75,0,CPA2027K
20240808,1259,416.70,416.70,416.70,416.70,0,CPA2027K
20240809,1259,419.40,419.40,419.40,419.40,0,CPA2027K
20240812,1259,426.40,426.40,426.40,426.40,0,CPA2027K
20240813,1259,424.45,424.45,424.45,424.45,0,CPA2027K
20240814,1259,423.25,423.25,423.25,423.25,0,CPA2027K
20240815,1259,431.45,431.45,431.45,431.45,0,CPA2027K
20240816,1259,433.25,433.25,433.25,433.25,0,CPA2027K
20240819,1259,436.75,436.75,436.75,436.75,0,CPA2027K
20240820,1259,434.75,434.75,434.75,434.75,0,CPA2027K
20240821,1259,436.25,436.25,436.25,436.25,0,CPA2027K
20240822,1259,433.25,433.25,433.25,433.25,0,CPA2027K
20240823,1259,438.50,438.50,438.50,438.50,0,CPA2027K
20240826,1259,442.65,442.65,442.65,442.65,0,CPA2027K
20240827,1259,445.20,445.20,445.20,445.20,0,CPA2027K
20240828,1259,437.90,437.90,437.90,437.90,0,CPA2027K
20240829,1259,438.85,438.85,438.85,438.85,0,CPA2027K
20240830,1259,437.60,437.60,437.60,437.60,0,CPA2027K
20240903,1259,425.00,425.00,425.00,425.00,0,CPA2027K
20240904,1259,424.05,424.05,424.05,424.05,0,CPA2027K
20240905,1259,430.15,430.15,430.15,430.15,0,CPA2027K
20240906,1259,425.10,425.10,425.10,425.10,0,CPA2027K
20240909,1259,432.00,432.00,432.00,432.00,0,CPA2027K
20240910,1259,426.95,426.95,426.95,426.95,0,CPA2027K
20240911,1259,430.90,430.90,430.90,430.90,0,CPA2027K
20240912,1259,435.70,435.70,435.70,435.70,0,CPA2027K
20240913,1259,438.75,438.75,438.75,438.75,0,CPA2027K
20240916,1259,442.95,442.95,442.95,442.95,0,CPA2027K
20240917,1259,443.60,443.60,443.60,443.60,0,CPA2027K
20240918,1259,445.10,445.10,445.10,445.10,0,CPA2027K
20240919,1259,449.60,449.60,449.60,449.60,0,CPA2027K
20240920,1259,449.60,449.60,449.60,449.60,0,CPA2027K
20240923,1259,450.30,450.30,450.30,450.30,0,CPA2027K
20240924,1259,462.95,462.95,462.95,462.95,0,CPA2027K
20240925,1259,463.05,463.05,463.05,463.05,0,CPA2027K
20240926,1259,465.10,465.10,465.10,465.10,0,CPA2027K
20240927,1259,463.35,463.35,463.35,463.35,0,CPA2027K
20240930,1259,456.65,456.65,456.65,456.65,0,CPA2027K
20241001,1259,462.95,462.95,462.95,462.95,0,CPA2027K
20241002,1259,469.00,469.00,469.00,469.00,0,CPA2027K
20241003,1259,461.10,461.10,461.10,461.10,0,CPA2027K
20241004,1259,465.05,465.05,465.05,465.05,0,CPA2027K
20241007,1259,465.00,465.00,465.00,465.00,0,CPA2027K
20241008,1259,455.95,455.95,455.95,455.95,0,CPA2027K
20241009,1259,449.75,449.75,449.75,449.75,0,CPA2027K
20241010,1259,452.05,452.05,452.05,452.05,0,CPA2027K
20241011,1259,458.00,458.00,458.00,458.00,0,CPA2027K
20241014,1259,452.10,452.10,452.10,452.10,0,CPA2027K
20241015,1259,451.95,451.95,451.95,451.95,0,CPA2027K
20241016,1259,454.10,454.10,454.10,454.10,0,CPA2027K
20241017,1259,452.00,452.00,452.00,452.00,0,CPA2027K
20241018,1259,458.05,458.05,458.05,458.05,0,CPA2027K
20241021,1259,455.85,455.85,455.85,455.85,0,CPA2027K
20241022,1259,457.85,457.85,457.85,457.85,0,CPA2027K
20241023,1259,454.70,454.70,454.70,454.70,0,CPA2027K
20241024,1259,455.65,455.65,455.65,455.65,0,CPA2027K
20241025,1259,456.35,456.35,456.35,456.35,0,CPA2027K
20241028,1259,454.00,454.00,454.00,454.00,0,CPA2027K
20241029,1259,453.20,453.20,453.20,453.20,0,CPA2027K
20241030,1259,452.10,452.10,452.10,452.10,0,CPA2027K
20241031,1259,451.85,451.85,451.85,451.85,0,CPA2027K
20241101,1259,455.25,455.25,455.25,455.25,0,CPA2027K
20241104,1259,460.25,460.25,460.25,460.25,0,CPA2027K
20241105,1259,464.65,464.65,464.65,464.65,0,CPA2027K
20241106,1259,444.15,444.15,444.15,444.15,0,CPA2027K
20241107,1259,461.05,461.05,461.05,461.05,0,CPA2027K
20241108,1259,450.05,450.05,450.05,450.05,0,CPA2027K
20241111,1259,443.05,443.05,443.05,443.05,0,CPA2027K
20241112,1259,438.35,438.35,438.35,438.35,0,CPA2027K
20241113,1259,434.60,434.60,434.60,434.60,0,CPA2027K
20241114,1259,434.45,434.45,434.45,434.45,0,CPA2027K
20241115,1259,430.95,430.95,430.95,430.95,0,CPA2027K
20241118,1259,436.35,436.35,436.35,436.35,0,CPA2027K
20241119,1259,437.65,437.65,437.65,437.65,0,CPA2027K
20241120,1259,437.85,437.85,437.85,437.85,0,CPA2027K
20241121,1259,435.75,435.75,435.75,435.75,0,CPA2027K
20241122,1259,432.65,432.65,432.65,432.65,0,CPA2027K
20241125,1259,435.55,435.55,435.55,435.55,0,CPA2027K
20241126,1259,432.05,432.05,432.05,432.05,0,CPA2027K
20241127,1259,433.90,433.90,433.90,433.90,0,CPA2027K
20241129,1259,434.05,434.05,434.05,434.05,0,CPA2027K
20241202,1259,433.75,433.75,433.75,433.75,0,CPA2027K
20241203,1259,442.50,442.50,442.50,442.50,0,CPA2027K
20241204,1259,442.25,442.25,442.25,442.25,0,CPA2027K
20241205,1259,443.95,443.95,443.95,443.95,0,CPA2027K
20241206,1259,443.65,443.65,443.65,443.65,0,CPA2027K
20241209,1259,451.20,451.20,451.20,451.20,0,CPA2027K
20241210,1259,450.45,450.45,450.45,450.45,0,CPA2027K
20241211,1259,448.70,448.70,448.70,448.70,0,CPA2027K
20241212,1259,447.00,447.00,447.00,447.00,0,CPA2027K
20241213,1259,442.50,442.50,442.50,442.50,0,CPA2027K
20241216,1259,442.25,442.25,442.25,442.25,0,CPA2027K
20241217,1259,439.50,439.50,439.50,439.50,0,CPA2027K
20241218,1259,440.75,440.75,440.75,440.75,0,CPA2027K
20241219,1259,433.35,433.35,433.35,433.35,0,CPA2027K
20241220,1259,435.10,435.10,435.10,435.10,0,CPA2027K
20241223,1259,433.80,433.80,433.80,433.80,0,CPA2027K
20241224,1159,435.60,435.60,435.60,435.60,0,CPA2027K
20241226,1259,437.60,437.60,437.60,437.60,0,CPA2027K
20241227,1259,436.50,436.50,436.50,436.50,0,CPA2027K
20241230,1259,432.50,432.50,432.50,432.50,0,CPA2027K
20241231,1259,425.05,425.05,425.05,425.05,0,CPA2027K
20250102,1259,425.30,425.30,425.30,425.30,0,CPA2027K
20250103,1259,429.30,429.30,429.30,429.30,0,CPA2027K
20250106,1259,436.90,436.90,436.90,436.90,0,CPA2027K
20250107,1259,441.20,441.20,441.20,441.20,0,CPA2027K
20250108,1259,445.70,445.70,445.70,445.70,0,CPA2027K
20250109,1259,449.35,449.35,449.35,449.35,0,CPA2027K
20250110,1259,447.35,447.35,447.35,447.35,0,CPA2027K
20250113,1259,452.00,452.00,452.00,452.00,0,CPA2027K
20250114,1259,454.50,454.50,454.50,454.50,0,CPA2027K
20250115,1259,458.15,458.15,458.15,458.15,0,CPA2027K
20250116,1259,463.75,463.75,463.75,463.75,0,CPA2027K
20250117,1259,457.05,457.05,457.05,457.05,0,CPA2027K
20250121,1259,455.90,455.90,455.90,455.90,0,CPA2027K
20250122,1259,453.10,453.10,453.10,453.10,0,CPA2027K
20250123,1259,455.30,455.30,455.30,455.30,0,CPA2027K
20250124,1259,456.45,456.45,456.45,456.45,0,CPA2027K
20250127,1259,448.95,448.95,448.95,448.95,0,CPA2027K
20250128,1259,449.30,449.30,449.30,449.30,0,CPA2027K
20250129,1259,452.55,452.55,452.55,452.55,0,CPA2027K
20250130,1259,457.00,457.00,457.00,457.00,0,CPA2027K
20250131,1259,454.05,454.05,454.05,454.05,0,CPA2027K
20250203,1259,455.95,455.95,455.95,455.95,0,CPA2027K
20250204,1259,460.50,460.50,460.50,460.50,0,CPA2027K
20250205,1259,468.75,468.75,468.75,468.75,0,CPA2027K
20250206,1259,471.55,471.55,471.55,471.55,0,CPA2027K
20250207,1259,484.10,484.10,484.10,484.10,0,CPA2027K
20250210,1259,494.50,494.50,494.50,494.50,0,CPA2027K
20250211,1259,484.45,484.45,484.45,484.45,0,CPA2027K
20250212,1259,495.45,495.45,495.45,495.45,0,CPA2027K
20250213,1259,503.05,503.05,503.05,503.05,0,CPA2027K
20250214,1259,492.05,492.05,492.05,492.05,0,CPA2027K
20250218,1259,486.85,486.85,486.85,486.85,0,CPA2027K
20250219,1259,483.75,483.75,483.75,483.75,0,CPA2027K
20250220,1259,488.55,488.55,488.55,488.55,0,CPA2027K
20250221,1259,484.35,484.35,484.35,484.35,0,CPA2027K
20250224,1259,479.35,479.35,479.35,479.35,0,CPA2027K
20250225,1259,475.90,475.90,475.90,475.90,0,CPA2027K
20250226,1259,481.95,481.95,481.95,481.95,0,CPA2027K
20250227,1259,485.05,485.05,485.05,485.05,0,CPA2027K
20250228,1259,478.60,478.60,478.60,478.60,0,CPA2027K
20250303,1259,486.10,486.10,486.10,486.10,0,CPA2027K
20250304,1259,481.65,481.65,481.65,481.65,0,CPA2027K
20250305,1259,505.60,505.60,505.60,505.60,0,CPA2027K
20250306,1259,506.65,506.65,506.65,506.65,0,CPA2027K
20250307,1259,498.55,498.55,498.55,498.55,0,CPA2027K
20250310,1259,495.65,495.65,495.65,495.65,0,CPA2027K
20250311,1259,505.90,505.90,505.90,505.90,0,CPA2027K
20250312,1259,514.80,514.80,514.80,514.80,0,CPA2027K
20250313,1259,522.85,522.85,522.85,522.85,0,CPA2027K
20250314,1259,520.15,520.15,520.15,520.15,0,CPA2027K
20250317,1259,526.85,526.85,526.85,526.85,0,CPA2027K
20250318,1259,533.40,533.40,533.40,533.40,0,CPA2027K
20250319,1259,540.85,540.85,540.85,540.85,0,CPA2027K
20250320,1259,542.45,542.45,542.45,542.45,0,CPA2027K
20250321,1259,543.05,543.05,543.05,543.05,0,CPA2027K
20250323,2114,546.20,546.20,546.20,546.20,1,CPA2027K
20250324,0242,546.50,546.50,546.50,546.50,1,CPA2027K
20250324,1259,540.70,540.70,540.70,540.70,0,CPA2027K
20250325,1259,551.80,551.80,551.80,551.80,0,CPA2027K
20250326,1259,545.25,545.25,545.25,545.25,0,CPA2027K
20250327,1259,533.00,533.00,533.00,533.00,0,CPA2027K
20250328,1259,534.35,534.35,534.35,534.35,0,CPA2027K
20250330,2028,530.95,530.95,530.95,530.95,1,CPA2027K
20250330,2052,533.00,533.00,533.00,533.00,1,CPA2027K
20250331,1259,526.55,526.55,526.55,526.55,0,CPA2027K
20250401,1259,527.65,527.65,527.65,527.65,0,CPA2027K
20250402,1259,528.05,528.05,528.05,528.05,0,CPA2027K
20250403,1259,508.70,508.70,508.70,508.70,0,CPA2027K
20250404,1259,469.85,469.85,469.85,469.85,0,CPA2027K
20250407,1259,450.15,450.15,450.15,450.15,0,CPA2027K
20250408,1259,446.85,446.85,446.85,446.85,0,CPA2027K
20250409,1259,451.55,451.55,451.55,451.55,0,CPA2027K
20250410,1259,465.25,465.25,465.25,465.25,0,CPA2027K
20250411,1259,483.80,483.80,483.80,483.80,0,CPA2027K
20250414,1259,495.60,495.60,495.60,495.60,0,CPA2027K
20250415,1259,495.15,495.15,495.15,495.15,0,CPA2027K
20250416,1259,500.75,500.75,500.75,500.75,0,CPA2027K
20250417,1259,505.45,505.45,505.45,505.45,0,CPA2027K
20250421,1259,504.55,504.55,504.55,504.55,0,CPA2027K
20250422,1259,518.40,518.40,518.40,518.40,0,CPA2027K
20250423,1259,515.70,515.70,515.70,515.70,0,CPA2027K
20250424,1259,517.50,517.50,517.50,517.50,0,CPA2027K
20250425,1259,515.95,515.95,515.95,515.95,0,CPA2027K
20250428,1259,514.50,514.50,514.50,514.50,0,CPA2027K
20250429,1259,513.30,513.30,513.30,513.30,0,CPA2027K
20250430,1259,488.10,488.10,488.10,488.10,0,CPA2027K
20250501,1259,490.60,490.60,490.60,490.60,0,CPA2027K
20250502,1259,496.90,496.90,496.90,496.90,0,CPA2027K
20250505,1259,500.70,500.70,500.70,500.70,0,CPA2027K
20250506,1259,508.65,508.65,508.65,508.65,0,CPA2027K
20250507,1259,498.30,498.30,498.30,498.30,0,CPA2027K
20250508,1259,492.60,492.60,492.60,492.60,0,CPA2027K
20250509,1259,497.65,497.65,497.65,497.65,0,CPA2027K
20250512,1259,494.90,494.90,494.90,494.90,0,CPA2027K
20250513,1259,504.80,504.80,504.80,504.80,0,CPA2027K
20250514,1259,498.10,498.10,498.10,498.10,0,CPA2027K
20250515,1259,500.30,500.30,500.30,500.30,0,CPA2027K
20250516,1259,491.60,491.60,491.60,491.60,0,CPA2027K
20250519,1259,499.20,499.20,499.20,499.20,0,CPA2027K
20250520,1259,497.60,497.60,497.60,497.60,0,CPA2027K
20250521,1259,498.45,498.45,498.45,498.45,0,CPA2027K
20250522,1259,498.95,498.95,498.95,498.95,0,CPA2027K
20250523,1259,514.85,514.85,514.85,514.85,0,CPA2027K
20250527,1259,506.15,506.15,506.15,506.15,0,CPA2027K
20250528,1259,501.10,501.10,501.10,501.10,0,CPA2027K
20250529,1259,501.65,501.65,501.65,501.65,0,CPA2027K
20250530,1259,501.05,501.05,501.05,501.05,0,CPA2027K
20250602,1259,518.80,518.80,518.80,518.80,0,CPA2027K
20250603,1259,516.95,516.95,516.95,516.95,0,CPA2027K
20250604,1259,521.45,521.45,521.45,521.45,0,CPA2027K
20250605,1259,525.95,525.95,525.95,525.95,0,CPA2027K
20250606,1259,518.45,518.45,518.45,518.45,0,CPA2027K
20250609,1259,525.65,525.65,525.65,525.65,0,CPA2027K
20250610,1259,522.35,522.35,522.35,522.35,0,CPA2027K
20250611,1259,514.70,514.70,514.70,514.70,0,CPA2027K
20250612,1259,516.75,516.75,516.75,516.75,0,CPA2027K
20250613,1259,515.10,515.10,515.10,515.10,0,CPA2027K
20250616,1259,517.90,517.90,517.90,517.90,0,CPA2027K
20250617,1259,514.70,514.70,514.70,514.70,0,CPA2027K
20250618,1259,518.65,518.65,518.65,518.65,0,CPA2027K
20250620,1259,516.30,516.30,516.30,516.30,0,CPA2027K
20250623,1259,517.65,517.65,517.65,517.65,0,CPA2027K
20250624,1259,520.65,520.65,520.65,520.65,0,CPA2027K
20250625,1259,525.55,525.55,525.55,525.55,0,CPA2027K
20250626,1259,540.10,540.10,540.10,540.10,0,CPA2027K
20250627,1259,540.30,540.30,540.30,540.30,0,CPA2027K
20250630,1259,535.90,535.90,535.90,535.90,0,CPA2027K
20250701,1259,538.05,538.05,538.05,538.05,0,CPA2027K
20250702,1259,548.45,548.45,548.45,548.45,0,CPA2027K
20250703,1259,543.15,543.15,543.15,543.15,0,CPA2027K
20250707,1259,531.65,531.65,531.65,531.65,0,CPA2027K
20250708,1259,597.55,597.55,597.55,597.55,0,CPA2027K
20250709,1259,569.10,569.10,569.10,569.10,0,CPA2027K
20250710,1259,580.85,580.85,580.85,580.85,0,CPA2027K
20250711,1259,582.55,582.55,582.55,582.55,0,CPA2027K
20250714,1259,577.50,577.50,577.50,577.50,0,CPA2027K
20250715,1259,580.05,580.05,580.05,580.05,0,CPA2027K
20250716,1259,574.45,574.45,574.45,574.45,0,CPA2027K
20250717,1259,573.00,573.00,573.00,573.00,0,CPA2027K
20250718,1259,582.05,582.05,582.05,582.05,0,CPA2027K
20250721,1259,584.95,584.95,584.95,584.95,0,CPA2027K
20250722,1259,592.95,592.95,592.95,592.95,0,CPA2027K
20250723,0914,605.75,605.75,605.75,605.75,2,CPA2027K
20250723,0916,605.75,605.75,605.50,605.50,2,CPA2027K
20250723,0918,605.75,605.75,605.75,605.75,1,CPA2027K
20250723,0922,607.00,607.00,606.75,606.75,2,CPA2027K
20250723,0924,608.00,608.00,608.00,608.00,1,CPA2027K
20250723,0926,607.75,608.00,607.75,608.00,2,CPA2027K
20250723,1259,601.95,601.95,601.95,601.95,0,CPA2027K
20250724,1259,601.65,601.65,601.65,601.65,0,CPA2027K
20250725,1135,598.00,598.00,598.00,598.00,2,CPA2027K
20250725,1137,598.25,598.25,598.25,598.25,1,CPA2027K
20250725,1138,597.85,597.85,597.85,597.85,2,CPA2027K
20250725,1139,598.20,598.20,598.20,598.20,1,CPA2027K
20250725,1140,597.90,597.90,597.70,597.70,2,CPA2027K
20250725,1142,598.00,598.00,597.85,597.85,2,CPA2027K
20250725,1259,599.70,599.70,599.70,599.70,0,CPA2027K
20250728,1259,582.90,582.90,582.90,582.90,0,CPA2027K
20250729,1259,584.75,584.75,584.75,584.75,0,CPA2027K
20250730,1259,580.35,580.35,580.35,580.35,0,CPA2027K
20250731,1259,464.80,464.80,464.80,464.80,0,CPA2027K
20250801,1259,471.95,471.95,471.95,471.95,0,CPA2027K
20250804,1259,471.65,471.65,471.65,471.65,0,CPA2027K
20250805,1259,467.10,467.10,467.10,467.10,0,CPA2027K
20250806,1259,470.40,470.40,470.40,470.40,0,CPA2027K
20250807,1259,470.20,470.20,470.20,470.20,0,CPA2027K
