Date,Time,Open,High,Low,Close,TradeVolume,Contract
20220921,1259,360.20,360.20,360.20,360.20,0,CPA2027H
20220922,1259,361.25,361.25,361.25,361.25,0,CPA2027H
20220923,1259,349.00,349.00,349.00,349.00,0,CPA2027H
20220926,1259,343.80,343.80,343.80,343.80,0,CPA2027H
20220927,1259,343.00,343.00,343.00,343.00,0,CPA2027H
20220928,1259,347.80,347.80,347.80,347.80,0,CPA2027H
20220929,1259,352.60,352.60,352.60,352.60,0,CPA2027H
20220930,1259,351.05,351.05,351.05,351.05,0,CPA2027H
20221003,1259,351.75,351.75,351.75,351.75,0,CPA2027H
20221004,1259,359.60,359.60,359.60,359.60,0,CPA2027H
20221005,1259,362.15,362.15,362.15,362.15,0,CPA2027H
20221006,1259,356.75,356.75,356.75,356.75,0,CPA2027H
20221007,1259,351.60,351.60,351.60,351.60,0,CPA2027H
20221010,1259,356.20,356.20,356.20,356.20,0,CPA2027H
20221011,1259,359.95,359.95,359.95,359.95,0,CPA2027H
20221012,1259,355.90,355.90,355.90,355.90,0,CPA2027H
20221013,1259,356.45,356.45,356.45,356.45,0,CPA2027H
20221014,1259,353.70,353.70,353.70,353.70,0,CPA2027H
20221019,1259,347.35,347.35,347.35,347.35,0,CPA2027H
20221020,1259,355.70,355.70,355.70,355.70,0,CPA2027H
20221021,1259,360.35,360.35,360.35,360.35,0,CPA2027H
20221024,1259,356.90,356.90,356.90,356.90,0,CPA2027H
20221025,1259,353.80,353.80,353.80,353.80,0,CPA2027H
20221026,1259,366.55,366.55,366.55,366.55,0,CPA2027H
20221027,1259,364.60,364.60,364.60,364.60,0,CPA2027H
20221028,1259,356.00,356.00,356.00,356.00,0,CPA2027H
20221031,1259,350.55,350.55,350.55,350.55,0,CPA2027H
20221101,1259,357.10,357.10,357.10,357.10,0,CPA2027H
20221102,1259,357.55,357.55,357.55,357.55,0,CPA2027H
20221103,1259,354.60,354.60,354.60,354.60,0,CPA2027H
20221104,1259,379.35,379.35,379.35,379.35,0,CPA2027H
20221107,1259,373.10,373.10,373.10,373.10,0,CPA2027H
20221108,1259,380.45,380.45,380.45,380.45,0,CPA2027H
20221109,1259,381.30,381.30,381.30,381.30,0,CPA2027H
20221110,1259,383.70,383.70,383.70,383.70,0,CPA2027H
20221111,1259,399.00,399.00,399.00,399.00,0,CPA2027H
20221114,1259,392.80,392.80,392.80,392.80,0,CPA2027H
20221115,1259,392.85,392.85,392.85,392.85,0,CPA2027H
20221121,1259,371.10,371.10,371.10,371.10,0,CPA2027H
20221122,1259,374.45,374.45,374.45,374.45,0,CPA2027H
20221123,1259,374.55,374.55,374.55,374.55,0,CPA2027H
20221125,1159,375.70,375.70,375.70,375.70,0,CPA2027H
20221128,1259,373.15,373.15,373.15,373.15,0,CPA2027H
20221129,1259,375.85,375.85,375.85,375.85,0,CPA2027H
20221130,1259,384.80,384.80,384.80,384.80,0,CPA2027H
20221201,1259,393.20,393.20,393.20,393.20,0,CPA2027H
20221202,1259,396.10,396.10,396.10,396.10,0,CPA2027H
20221205,1259,392.15,392.15,392.15,392.15,0,CPA2027H
20221206,1259,394.65,394.65,394.65,394.65,0,CPA2027H
20221207,1259,388.85,388.85,388.85,388.85,0,CPA2027H
20221208,1259,389.85,389.85,389.85,389.85,0,CPA2027H
20221209,1259,391.20,391.20,391.20,391.20,0,CPA2027H
20221212,1259,384.60,384.60,384.60,384.60,0,CPA2027H
20221213,1259,387.55,387.55,387.55,387.55,0,CPA2027H
20221214,1259,391.15,391.15,391.15,391.15,0,CPA2027H
20221215,1259,381.05,381.05,381.05,381.05,0,CPA2027H
20221216,1259,380.95,380.95,380.95,380.95,0,CPA2027H
20221219,1259,382.50,382.50,382.50,382.50,0,CPA2027H
20221220,1259,383.75,383.75,383.75,383.75,0,CPA2027H
20221221,1259,384.05,384.05,384.05,384.05,0,CPA2027H
20221222,1259,379.50,379.50,379.50,379.50,0,CPA2027H
20221223,1259,384.45,384.45,384.45,384.45,0,CPA2027H
20221227,1259,388.80,388.80,388.80,388.80,0,CPA2027H
20221228,1259,389.20,389.20,389.20,389.20,0,CPA2027H
20221229,1259,386.50,386.50,386.50,386.50,0,CPA2027H
20221230,1259,384.40,384.40,384.40,384.40,0,CPA2027H
20230103,1259,381.70,381.70,381.70,381.70,0,CPA2027H
20230104,1259,379.45,379.45,379.45,379.45,0,CPA2027H
20230105,1259,386.30,386.30,386.30,386.30,0,CPA2027H
20230106,1259,394.30,394.30,394.30,394.30,0,CPA2027H
20230109,1259,406.15,406.15,406.15,406.15,0,CPA2027H
20230110,1259,411.05,411.05,411.05,411.05,0,CPA2027H
20230111,1259,419.55,419.55,419.55,419.55,0,CPA2027H
20230112,1259,423.20,423.20,423.20,423.20,0,CPA2027H
20230113,1259,425.15,425.15,425.15,425.15,0,CPA2027H
20230117,1259,425.60,425.60,425.60,425.60,0,CPA2027H
20230118,1259,426.35,426.35,426.35,426.35,0,CPA2027H
20230119,1259,425.90,425.90,425.90,425.90,0,CPA2027H
20230120,1259,427.75,427.75,427.75,427.75,0,CPA2027H
20230123,1259,430.00,430.00,430.00,430.00,0,CPA2027H
20230124,1259,428.90,428.90,428.90,428.90,0,CPA2027H
20230125,1259,429.00,429.00,429.00,429.00,0,CPA2027H
20230126,1259,430.20,430.20,430.20,430.20,0,CPA2027H
20230127,1259,425.95,425.95,425.95,425.95,0,CPA2027H
20230130,1259,424.55,424.55,424.55,424.55,0,CPA2027H
20230131,1259,426.55,426.55,426.55,426.55,0,CPA2027H
20230201,1259,416.15,416.15,416.15,416.15,0,CPA2027H
20230202,1259,415.20,415.20,415.20,415.20,0,CPA2027H
20230203,1259,412.15,412.15,412.15,412.15,0,CPA2027H
20230206,1259,411.00,411.00,411.00,411.00,0,CPA2027H
20230207,1259,412.50,412.50,412.50,412.50,0,CPA2027H
20230208,1259,406.50,406.50,406.50,406.50,0,CPA2027H
20230209,1259,412.25,412.25,412.25,412.25,0,CPA2027H
20230210,1259,406.00,406.00,406.00,406.00,0,CPA2027H
20230213,1259,410.45,410.45,410.45,410.45,0,CPA2027H
20230214,1259,412.00,412.00,412.00,412.00,0,CPA2027H
20230215,1259,404.70,404.70,404.70,404.70,0,CPA2027H
20230216,1259,414.25,414.25,414.25,414.25,0,CPA2027H
20230217,1259,413.05,413.05,413.05,413.05,0,CPA2027H
20230221,1259,422.00,422.00,422.00,422.00,0,CPA2027H
20230222,1259,419.50,419.50,419.50,419.50,0,CPA2027H
20230223,1259,407.65,407.65,407.65,407.65,0,CPA2027H
20230224,1259,398.85,398.85,398.85,398.85,0,CPA2027H
20230227,1259,404.30,404.30,404.30,404.30,0,CPA2027H
20230228,1259,412.00,412.00,412.00,412.00,0,CPA2027H
20230301,1259,417.70,417.70,417.70,417.70,0,CPA2027H
20230302,1259,411.00,411.00,411.00,411.00,0,CPA2027H
20230303,1259,410.30,410.30,410.30,410.30,0,CPA2027H
20230306,1259,412.85,412.85,412.85,412.85,0,CPA2027H
20230307,1259,402.00,402.00,402.00,402.00,0,CPA2027H
20230308,1259,406.75,406.75,406.75,406.75,0,CPA2027H
20230309,1259,407.50,407.50,407.50,407.50,0,CPA2027H
20230310,1259,407.80,407.80,407.80,407.80,0,CPA2027H
20230313,1259,410.10,410.10,410.10,410.10,0,CPA2027H
20230314,1259,405.70,405.70,405.70,405.70,0,CPA2027H
20230315,1259,391.00,391.00,391.00,391.00,0,CPA2027H
20230316,1259,392.35,392.35,392.35,392.35,0,CPA2027H
20230317,1259,394.45,394.45,394.45,394.45,0,CPA2027H
20230320,1259,400.10,400.10,400.10,400.10,0,CPA2027H
20230321,1259,403.60,403.60,403.60,403.60,0,CPA2027H
20230322,1259,406.95,406.95,406.95,406.95,0,CPA2027H
20230323,1259,413.30,413.30,413.30,413.30,0,CPA2027H
20230324,1259,410.95,410.95,410.95,410.95,0,CPA2027H
20230327,1259,412.20,412.20,412.20,412.20,0,CPA2027H
20230328,1259,412.50,412.50,412.50,412.50,0,CPA2027H
20230329,1259,411.50,411.50,411.50,411.50,0,CPA2027H
20230330,1259,412.50,412.50,412.50,412.50,0,CPA2027H
20230331,1259,412.65,412.65,412.65,412.65,0,CPA2027H
20230403,1259,408.45,408.45,408.45,408.45,0,CPA2027H
20230404,1259,401.15,401.15,401.15,401.15,0,CPA2027H
20230405,1259,401.45,401.45,401.45,401.45,0,CPA2027H
20230406,1259,404.40,404.40,404.40,404.40,0,CPA2027H
20230410,1259,401.70,401.70,401.70,401.70,0,CPA2027H
20230411,1259,405.35,405.35,405.35,405.35,0,CPA2027H
20230412,1259,409.70,409.70,409.70,409.70,0,CPA2027H
20230413,1259,413.05,413.05,413.05,413.05,0,CPA2027H
20230414,1259,412.05,412.05,412.05,412.05,0,CPA2027H
20230417,1259,409.30,409.30,409.30,409.30,0,CPA2027H
20230418,1259,412.15,412.15,412.15,412.15,0,CPA2027H
20230419,1259,410.75,410.75,410.75,410.75,0,CPA2027H
20230420,1259,406.45,406.45,406.45,406.45,0,CPA2027H
20230421,1259,402.80,402.80,402.80,402.80,0,CPA2027H
20230424,1259,401.15,401.15,401.15,401.15,0,CPA2027H
20230425,1259,391.10,391.10,391.10,391.10,0,CPA2027H
20230426,1259,390.45,390.45,390.45,390.45,0,CPA2027H
20230427,1259,392.40,392.40,392.40,392.40,0,CPA2027H
20230428,1259,394.05,394.05,394.05,394.05,0,CPA2027H
20230501,1259,398.65,398.65,398.65,398.65,0,CPA2027H
20230502,1259,392.10,392.10,392.10,392.10,0,CPA2027H
20230503,1259,390.60,390.60,390.60,390.60,0,CPA2027H
20230504,1259,393.25,393.25,393.25,393.25,0,CPA2027H
20230505,1259,395.10,395.10,395.10,395.10,0,CPA2027H
20230508,1259,400.25,400.25,400.25,400.25,0,CPA2027H
20230509,1259,397.95,397.95,397.95,397.95,0,CPA2027H
20230510,1259,392.95,392.95,392.95,392.95,0,CPA2027H
20230511,1259,379.55,379.55,379.55,379.55,0,CPA2027H
20230512,1259,381.05,381.05,381.05,381.05,0,CPA2027H
20230515,1259,383.60,383.60,383.60,383.60,0,CPA2027H
20230516,1259,376.15,376.15,376.15,376.15,0,CPA2027H
20230517,1259,384.70,384.70,384.70,384.70,0,CPA2027H
20230518,1259,379.75,379.75,379.75,379.75,0,CPA2027H
20230519,1259,383.40,383.40,383.40,383.40,0,CPA2027H
20230522,1259,379.90,379.90,379.90,379.90,0,CPA2027H
20230523,1259,377.20,377.20,377.20,377.20,0,CPA2027H
20230524,1259,368.85,368.85,368.85,368.85,0,CPA2027H
20230525,1259,371.00,371.00,371.00,371.00,0,CPA2027H
20230526,1259,379.30,379.30,379.30,379.30,0,CPA2027H
20230530,1259,378.35,378.35,378.35,378.35,0,CPA2027H
20230531,1259,376.05,376.05,376.05,376.05,0,CPA2027H
20230601,1259,382.60,382.60,382.60,382.60,0,CPA2027H
20230602,1259,383.95,383.95,383.95,383.95,0,CPA2027H
20230605,1259,386.90,386.90,386.90,386.90,0,CPA2027H
20230606,1259,385.90,385.90,385.90,385.90,0,CPA2027H
20230607,1259,382.55,382.55,382.55,382.55,0,CPA2027H
20230608,1259,386.95,386.95,386.95,386.95,0,CPA2027H
20230609,1259,387.30,387.30,387.30,387.30,0,CPA2027H
20230612,1259,384.65,384.65,384.65,384.65,0,CPA2027H
20230613,1259,390.20,390.20,390.20,390.20,0,CPA2027H
20230614,1259,392.50,392.50,392.50,392.50,0,CPA2027H
20230615,1259,395.10,395.10,395.10,395.10,0,CPA2027H
20230616,1259,396.10,396.10,396.10,396.10,0,CPA2027H
20230620,1259,393.70,393.70,393.70,393.70,0,CPA2027H
20230621,1259,394.80,394.80,394.80,394.80,0,CPA2027H
20230622,1259,395.30,395.30,395.30,395.30,0,CPA2027H
20230623,1259,387.80,387.80,387.80,387.80,0,CPA2027H
20230626,1259,386.65,386.65,386.65,386.65,0,CPA2027H
20230627,1259,384.45,384.45,384.45,384.45,0,CPA2027H
20230628,1259,381.00,381.00,381.00,381.00,0,CPA2027H
20230629,1259,376.50,376.50,376.50,376.50,0,CPA2027H
20230630,1259,383.15,383.15,383.15,383.15,0,CPA2027H
20230703,1259,386.30,386.30,386.30,386.30,0,CPA2027H
20230705,1259,384.80,384.80,384.80,384.80,0,CPA2027H
20230706,1259,383.75,383.75,383.75,383.75,0,CPA2027H
20230707,1259,387.90,387.90,387.90,387.90,0,CPA2027H
20230710,1259,388.65,388.65,388.65,388.65,0,CPA2027H
20230711,1259,387.45,387.45,387.45,387.45,0,CPA2027H
20230712,1259,395.00,395.00,395.00,395.00,0,CPA2027H
20230713,1259,402.50,402.50,402.50,402.50,0,CPA2027H
20230714,1259,402.20,402.20,402.20,402.20,0,CPA2027H
20230717,1259,393.90,393.90,393.90,393.90,0,CPA2027H
20230718,1259,392.80,392.80,392.80,392.80,0,CPA2027H
20230719,1259,390.75,390.75,390.75,390.75,0,CPA2027H
20230720,1259,393.55,393.55,393.55,393.55,0,CPA2027H
20230721,1259,392.90,392.90,392.90,392.90,0,CPA2027H
20230724,1259,396.45,396.45,396.45,396.45,0,CPA2027H
20230725,1259,401.70,401.70,401.70,401.70,0,CPA2027H
20230726,1259,400.30,400.30,400.30,400.30,0,CPA2027H
20230727,1259,398.55,398.55,398.55,398.55,0,CPA2027H
20230728,1259,403.15,403.15,403.15,403.15,0,CPA2027H
20230731,1259,410.00,410.00,410.00,410.00,0,CPA2027H
20230801,1259,401.65,401.65,401.65,401.65,0,CPA2027H
20230802,1259,396.35,396.35,396.35,396.35,0,CPA2027H
20230803,1259,402.60,402.60,402.60,402.60,0,CPA2027H
20230804,1259,399.70,399.70,399.70,399.70,0,CPA2027H
20230807,1259,397.45,397.45,397.45,397.45,0,CPA2027H
20230808,1259,390.70,390.70,390.70,390.70,0,CPA2027H
20230809,1259,391.45,391.45,391.45,391.45,0,CPA2027H
20230810,1259,390.60,390.60,390.60,390.60,0,CPA2027H
20230811,1259,387.50,387.50,387.50,387.50,0,CPA2027H
20230814,1259,386.85,386.85,386.85,386.85,0,CPA2027H
20230815,1259,384.05,384.05,384.05,384.05,0,CPA2027H
20230816,1259,382.65,382.65,382.65,382.65,0,CPA2027H
20230817,1259,385.40,385.40,385.40,385.40,0,CPA2027H
20230818,1259,385.35,385.35,385.35,385.35,0,CPA2027H
20230821,1259,387.05,387.05,387.05,387.05,0,CPA2027H
20230822,1259,390.40,390.40,390.40,390.40,0,CPA2027H
20230823,1259,394.80,394.80,394.80,394.80,0,CPA2027H
20230824,1259,391.30,391.30,391.30,391.30,0,CPA2027H
20230825,1259,390.25,390.25,390.25,390.25,0,CPA2027H
20230828,1259,391.40,391.40,391.40,391.40,0,CPA2027H
20230829,1259,396.25,396.25,396.25,396.25,0,CPA2027H
20230830,1259,396.75,396.75,396.75,396.75,0,CPA2027H
20230831,1259,394.85,394.85,394.85,394.85,0,CPA2027H
20230901,1259,397.40,397.40,397.40,397.40,0,CPA2027H
20230905,1259,396.70,396.70,396.70,396.70,0,CPA2027H
20230906,1259,391.65,391.65,391.65,391.65,0,CPA2027H
20230907,1259,389.45,389.45,389.45,389.45,0,CPA2027H
20230908,1259,385.30,385.30,385.30,385.30,0,CPA2027H
20230911,1259,394.10,394.10,394.10,394.10,0,CPA2027H
20230912,1259,392.70,392.70,392.70,392.70,0,CPA2027H
20230913,1259,392.55,392.55,392.55,392.55,0,CPA2027H
20230914,1259,392.70,392.70,392.70,392.70,0,CPA2027H
20230915,1259,391.80,391.80,391.80,391.80,0,CPA2027H
20230918,1259,390.35,390.35,390.35,390.35,0,CPA2027H
20230919,1259,387.45,387.45,387.45,387.45,0,CPA2027H
20230920,1259,390.25,390.25,390.25,390.25,0,CPA2027H
20230921,1259,383.75,383.75,383.75,383.75,0,CPA2027H
20230922,1259,384.65,384.65,384.65,384.65,0,CPA2027H
20230925,1259,383.00,383.00,383.00,383.00,0,CPA2027H
20230926,1259,380.45,380.45,380.45,380.45,0,CPA2027H
20230927,1259,378.75,378.75,378.75,378.75,0,CPA2027H
20230928,1259,384.15,384.15,384.15,384.15,0,CPA2027H
20230929,1259,387.95,387.95,387.95,387.95,0,CPA2027H
20231002,1259,379.45,379.45,379.45,379.45,0,CPA2027H
20231003,1259,376.85,376.85,376.85,376.85,0,CPA2027H
20231004,1259,373.70,373.70,373.70,373.70,0,CPA2027H
20231005,1259,370.00,370.00,370.00,370.00,0,CPA2027H
20231006,1259,377.05,377.05,377.05,377.05,0,CPA2027H
20231009,1259,379.25,379.25,379.25,379.25,0,CPA2027H
20231010,1259,376.70,376.70,376.70,376.70,0,CPA2027H
20231011,1259,376.40,376.40,376.40,376.40,0,CPA2027H
20231012,1259,376.35,376.35,376.35,376.35,0,CPA2027H
20231013,1259,374.45,374.45,374.45,374.45,0,CPA2027H
20231016,1259,377.25,377.25,377.25,377.25,0,CPA2027H
20231017,1259,377.30,377.30,377.30,377.30,0,CPA2027H
20231018,1259,376.50,376.50,376.50,376.50,0,CPA2027H
20231019,1259,377.25,377.25,377.25,377.25,0,CPA2027H
20231020,1259,375.30,375.30,375.30,375.30,0,CPA2027H
20231023,1259,375.15,375.15,375.15,375.15,0,CPA2027H
20231024,1259,375.25,375.25,375.25,375.25,0,CPA2027H
20231025,1259,373.45,373.45,373.45,373.45,0,CPA2027H
20231026,1259,375.20,375.20,375.20,375.20,0,CPA2027H
20231027,1259,380.60,380.60,380.60,380.60,0,CPA2027H
20231030,1259,381.85,381.85,381.85,381.85,0,CPA2027H
20231031,1259,381.05,381.05,381.05,381.05,0,CPA2027H
20231101,1259,382.25,382.25,382.25,382.25,0,CPA2027H
20231102,1259,384.75,384.75,384.75,384.75,0,CPA2027H
20231103,1259,385.50,385.50,385.50,385.50,0,CPA2027H
20231106,1259,389.55,389.55,389.55,389.55,0,CPA2027H
20231107,1259,387.65,387.65,387.65,387.65,0,CPA2027H
20231108,1259,384.20,384.20,384.20,384.20,0,CPA2027H
20231109,1259,384.30,384.30,384.30,384.30,0,CPA2027H
20231110,1259,381.50,381.50,381.50,381.50,0,CPA2027H
20231113,1259,387.30,387.30,387.30,387.30,0,CPA2027H
20231114,1259,389.40,389.40,389.40,389.40,0,CPA2027H
20231115,1259,392.85,392.85,392.85,392.85,0,CPA2027H
20231116,1259,391.10,391.10,391.10,391.10,0,CPA2027H
20231117,1259,394.40,394.40,394.40,394.40,0,CPA2027H
20231120,1259,401.15,401.15,401.15,401.15,0,CPA2027H
20231121,1259,402.75,402.75,402.75,402.75,0,CPA2027H
20231122,1259,397.65,397.65,397.65,397.65,0,CPA2027H
20231124,1159,400.90,400.90,400.90,400.90,0,CPA2027H
20231127,1259,398.20,398.20,398.20,398.20,0,CPA2027H
20231128,1259,401.05,401.05,401.05,401.05,0,CPA2027H
20231129,1259,399.60,399.60,399.60,399.60,0,CPA2027H
20231130,1259,401.55,401.55,401.55,401.55,0,CPA2027H
20231201,1259,408.10,408.10,408.10,408.10,0,CPA2027H
20231204,1259,400.75,400.75,400.75,400.75,0,CPA2027H
20231205,1259,394.80,394.80,394.80,394.80,0,CPA2027H
20231206,1259,390.30,390.30,390.30,390.30,0,CPA2027H
20231207,1259,396.00,396.00,396.00,396.00,0,CPA2027H
20231208,1259,397.50,397.50,397.50,397.50,0,CPA2027H
20231211,1259,393.10,393.10,393.10,393.10,0,CPA2027H
20231212,1259,392.10,392.10,392.10,392.10,0,CPA2027H
20231213,1259,391.15,391.15,391.15,391.15,0,CPA2027H
20231214,1259,400.00,400.00,400.00,400.00,0,CPA2027H
20231215,1259,399.00,399.00,399.00,399.00,0,CPA2027H
20231218,1259,395.65,395.65,395.65,395.65,0,CPA2027H
20231219,1259,399.10,399.10,399.10,399.10,0,CPA2027H
20231220,1259,399.70,399.70,399.70,399.70,0,CPA2027H
20231221,1259,401.10,401.10,401.10,401.10,0,CPA2027H
20231222,1259,399.90,399.90,399.90,399.90,0,CPA2027H
20231226,1259,400.40,400.40,400.40,400.40,0,CPA2027H
20231227,1259,405.30,405.30,405.30,405.30,0,CPA2027H
20231228,1259,401.90,401.90,401.90,401.90,0,CPA2027H
20231229,1259,398.80,398.80,398.80,398.80,0,CPA2027H
20240102,1259,397.85,397.85,397.85,397.85,0,CPA2027H
20240103,1259,395.75,395.75,395.75,395.75,0,CPA2027H
20240104,1259,393.80,393.80,393.80,393.80,0,CPA2027H
20240105,1259,391.45,391.45,391.45,391.45,0,CPA2027H
20240108,1259,393.00,393.00,393.00,393.00,0,CPA2027H
20240109,1259,388.95,388.95,388.95,388.95,0,CPA2027H
20240110,1259,390.25,390.25,390.25,390.25,0,CPA2027H
20240111,1259,388.45,388.45,388.45,388.45,0,CPA2027H
20240112,1259,385.60,385.60,385.60,385.60,0,CPA2027H
20240116,1259,387.75,387.75,387.75,387.75,0,CPA2027H
20240117,1259,384.35,384.35,384.35,384.35,0,CPA2027H
20240118,1259,385.80,385.80,385.80,385.80,0,CPA2027H
20240119,1259,389.50,389.50,389.50,389.50,0,CPA2027H
20240122,1259,387.80,387.80,387.80,387.80,0,CPA2027H
20240123,1259,390.00,390.00,390.00,390.00,0,CPA2027H
20240124,1259,398.35,398.35,398.35,398.35,0,CPA2027H
20240125,1259,397.85,397.85,397.85,397.85,0,CPA2027H
20240126,1259,396.60,396.60,396.60,396.60,0,CPA2027H
20240129,1259,399.00,399.00,399.00,399.00,0,CPA2027H
20240130,1259,400.60,400.60,400.60,400.60,0,CPA2027H
20240131,1259,400.05,400.05,400.05,400.05,0,CPA2027H
20240201,1259,395.75,395.75,395.75,395.75,0,CPA2027H
20240202,1259,393.90,393.90,393.90,393.90,0,CPA2027H
20240205,1259,390.05,390.05,390.05,390.05,0,CPA2027H
20240206,1259,390.75,390.75,390.75,390.75,0,CPA2027H
20240207,1259,387.00,387.00,387.00,387.00,0,CPA2027H
20240208,1259,383.10,383.10,383.10,383.10,0,CPA2027H
20240209,1259,380.80,380.80,380.80,380.80,0,CPA2027H
20240212,1259,384.35,384.35,384.35,384.35,0,CPA2027H
20240213,1259,382.75,382.75,382.75,382.75,0,CPA2027H
20240214,1259,380.40,380.40,380.40,380.40,0,CPA2027H
20240215,1259,384.75,384.75,384.75,384.75,0,CPA2027H
20240216,1259,392.55,392.55,392.55,392.55,0,CPA2027H
20240220,1259,394.50,394.50,394.50,394.50,0,CPA2027H
20240221,1259,395.70,395.70,395.70,395.70,0,CPA2027H
20240222,1259,398.85,398.85,398.85,398.85,0,CPA2027H
20240223,1259,398.05,398.05,398.05,398.05,0,CPA2027H
20240226,1259,390.95,390.95,390.95,390.95,0,CPA2027H
20240227,1259,393.15,393.15,393.15,393.15,0,CPA2027H
20240228,1259,391.45,391.45,391.45,391.45,0,CPA2027H
20240229,1259,391.85,391.85,391.85,391.85,0,CPA2027H
20240301,1259,393.55,393.55,393.55,393.55,0,CPA2027H
20240304,1259,393.45,393.45,393.45,393.45,0,CPA2027H
20240305,1259,392.60,392.60,392.60,392.60,0,CPA2027H
20240306,1259,395.15,395.15,395.15,395.15,0,CPA2027H
20240307,1259,399.95,399.95,399.95,399.95,0,CPA2027H
20240308,1259,396.90,396.90,396.90,396.90,0,CPA2027H
20240311,1259,400.30,400.30,400.30,400.30,0,CPA2027H
20240312,1259,400.65,400.65,400.65,400.65,0,CPA2027H
20240313,1259,411.65,411.65,411.65,411.65,0,CPA2027H
20240314,1259,411.60,411.60,411.60,411.60,0,CPA2027H
20240315,1259,419.90,419.90,419.90,419.90,0,CPA2027H
20240318,1259,420.50,420.50,420.50,420.50,0,CPA2027H
20240319,1259,415.85,415.85,415.85,415.85,0,CPA2027H
20240320,1259,413.95,413.95,413.95,413.95,0,CPA2027H
20240321,1259,416.10,416.10,416.10,416.10,0,CPA2027H
20240322,1259,411.30,411.30,411.30,411.30,0,CPA2027H
20240325,1259,412.80,412.80,412.80,412.80,0,CPA2027H
20240326,1259,412.30,412.30,412.30,412.30,0,CPA2027H
20240327,1259,411.80,411.80,411.80,411.80,0,CPA2027H
20240328,1259,413.15,413.15,413.15,413.15,0,CPA2027H
20240401,1259,417.40,417.40,417.40,417.40,0,CPA2027H
20240402,1259,419.90,419.90,419.90,419.90,0,CPA2027H
20240403,1259,432.65,432.65,432.65,432.65,0,CPA2027H
20240404,1259,437.90,437.90,437.90,437.90,0,CPA2027H
20240405,1259,436.75,436.75,436.75,436.75,0,CPA2027H
20240408,1259,439.75,439.75,439.75,439.75,0,CPA2027H
20240409,1259,440.45,440.45,440.45,440.45,0,CPA2027H
20240410,1259,439.45,439.45,439.45,439.45,0,CPA2027H
20240411,1259,438.25,438.25,438.25,438.25,0,CPA2027H
20240412,1259,438.75,438.75,438.75,438.75,0,CPA2027H
20240415,1259,446.30,446.30,446.30,446.30,0,CPA2027H
20240416,1259,439.15,439.15,439.15,439.15,0,CPA2027H
20240417,1259,440.35,440.35,440.35,440.35,0,CPA2027H
20240418,1259,450.90,450.90,450.90,450.90,0,CPA2027H
20240419,1259,456.25,456.25,456.25,456.25,0,CPA2027H
20240422,1259,454.35,454.35,454.35,454.35,0,CPA2027H
20240423,1259,449.60,449.60,449.60,449.60,0,CPA2027H
20240424,1259,451.65,451.65,451.65,451.65,0,CPA2027H
20240425,1259,457.05,457.05,457.05,457.05,0,CPA2027H
20240426,1259,461.65,461.65,461.65,461.65,0,CPA2027H
20240429,1259,470.10,470.10,470.10,470.10,0,CPA2027H
20240430,1259,459.85,459.85,459.85,459.85,0,CPA2027H
20240501,1259,457.15,457.15,457.15,457.15,0,CPA2027H
20240502,1259,451.70,451.70,451.70,451.70,0,CPA2027H
20240503,1259,458.60,458.60,458.60,458.60,0,CPA2027H
20240506,1259,464.00,464.00,464.00,464.00,0,CPA2027H
20240507,1259,463.70,463.70,463.70,463.70,0,CPA2027H
20240508,1259,458.15,458.15,458.15,458.15,0,CPA2027H
20240509,1259,460.05,460.05,460.05,460.05,0,CPA2027H
20240510,1259,461.30,461.30,461.30,461.30,0,CPA2027H
20240513,1259,467.65,467.65,467.65,467.65,0,CPA2027H
20240514,1259,460.45,460.45,460.45,460.45,0,CPA2027H
20240515,1259,468.55,468.55,468.55,468.55,0,CPA2027H
20240516,1259,473.20,473.20,473.20,473.20,0,CPA2027H
20240517,1259,486.95,486.95,486.95,486.95,0,CPA2027H
20240520,1259,494.90,494.90,494.90,494.90,0,CPA2027H
20240521,1259,495.05,495.05,495.05,495.05,0,CPA2027H
20240522,1259,476.20,476.20,476.20,476.20,0,CPA2027H
20240523,1259,474.15,474.15,474.15,474.15,0,CPA2027H
20240524,1259,472.50,472.50,472.50,472.50,0,CPA2027H
20240528,1259,483.20,483.20,483.20,483.20,0,CPA2027H
20240529,1259,479.65,479.65,479.65,479.65,0,CPA2027H
20240530,1259,466.45,466.45,466.45,466.45,0,CPA2027H
20240531,1259,464.15,464.15,464.15,464.15,0,CPA2027H
20240603,1259,468.95,468.95,468.95,468.95,0,CPA2027H
20240604,1259,456.35,456.35,456.35,456.35,0,CPA2027H
20240605,1259,458.55,458.55,458.55,458.55,0,CPA2027H
20240606,1259,466.70,466.70,466.70,466.70,0,CPA2027H
20240607,1259,451.95,451.95,451.95,451.95,0,CPA2027H
20240610,1259,457.70,457.70,457.70,457.70,0,CPA2027H
20240611,1259,451.75,451.75,451.75,451.75,0,CPA2027H
20240612,1259,458.05,458.05,458.05,458.05,0,CPA2027H
20240613,1259,451.50,451.50,451.50,451.50,0,CPA2027H
20240614,1259,450.90,450.90,450.90,450.90,0,CPA2027H
20240617,1259,447.25,447.25,447.25,447.25,0,CPA2027H
20240618,1259,449.95,449.95,449.95,449.95,0,CPA2027H
20240620,1259,456.15,456.15,456.15,456.15,0,CPA2027H
20240621,1259,448.35,448.35,448.35,448.35,0,CPA2027H
20240624,1259,447.30,447.30,447.30,447.30,0,CPA2027H
20240625,1259,443.80,443.80,443.80,443.80,0,CPA2027H
20240626,1259,443.95,443.95,443.95,443.95,0,CPA2027H
20240627,1259,442.95,442.95,442.95,442.95,0,CPA2027H
20240628,1259,446.80,446.80,446.80,446.80,0,CPA2027H
20240701,1259,449.30,449.30,449.30,449.30,0,CPA2027H
20240702,1259,448.65,448.65,448.65,448.65,0,CPA2027H
20240703,1259,458.55,458.55,458.55,458.55,0,CPA2027H
20240705,1259,465.30,465.30,465.30,465.30,0,CPA2027H
20240708,1259,464.05,464.05,464.05,464.05,0,CPA2027H
20240709,1259,460.75,460.75,460.75,460.75,0,CPA2027H
20240710,1259,461.60,461.60,461.60,461.60,0,CPA2027H
20240711,1259,458.50,458.50,458.50,458.50,0,CPA2027H
20240712,1259,464.25,464.25,464.25,464.25,0,CPA2027H
20240715,1259,460.45,460.45,460.45,460.45,0,CPA2027H
20240716,1259,454.30,454.30,454.30,454.30,0,CPA2027H
20240717,1259,452.30,452.30,452.30,452.30,0,CPA2027H
20240718,1259,441.40,441.40,441.40,441.40,0,CPA2027H
20240719,1259,439.30,439.30,439.30,439.30,0,CPA2027H
20240722,1259,435.80,435.80,435.80,435.80,0,CPA2027H
20240723,1259,431.35,431.35,431.35,431.35,0,CPA2027H
20240724,1259,428.10,428.10,428.10,428.10,0,CPA2027H
20240725,1259,429.60,429.60,429.60,429.60,0,CPA2027H
20240726,1259,430.90,430.90,430.90,430.90,0,CPA2027H
20240729,1259,427.35,427.35,427.35,427.35,0,CPA2027H
20240730,1259,427.70,427.70,427.70,427.70,0,CPA2027H
20240731,1259,436.30,436.30,436.30,436.30,0,CPA2027H
20240801,1259,428.40,428.40,428.40,428.40,0,CPA2027H
20240802,1259,430.25,430.25,430.25,430.25,0,CPA2027H
20240805,1259,419.50,419.50,419.50,419.50,0,CPA2027H
20240806,1259,422.00,422.00,422.00,422.00,0,CPA2027H
20240807,1259,417.10,417.10,417.10,417.10,0,CPA2027H
20240808,1259,417.05,417.05,417.05,417.05,0,CPA2027H
20240809,1259,419.75,419.75,419.75,419.75,0,CPA2027H
20240812,1259,426.75,426.75,426.75,426.75,0,CPA2027H
20240813,1259,424.80,424.80,424.80,424.80,0,CPA2027H
20240814,1259,423.60,423.60,423.60,423.60,0,CPA2027H
20240815,1259,431.80,431.80,431.80,431.80,0,CPA2027H
20240816,1259,433.60,433.60,433.60,433.60,0,CPA2027H
20240819,1259,437.10,437.10,437.10,437.10,0,CPA2027H
20240820,1259,435.10,435.10,435.10,435.10,0,CPA2027H
20240821,1259,436.60,436.60,436.60,436.60,0,CPA2027H
20240822,1259,433.60,433.60,433.60,433.60,0,CPA2027H
20240823,1259,438.85,438.85,438.85,438.85,0,CPA2027H
20240826,1259,443.00,443.00,443.00,443.00,0,CPA2027H
20240827,1259,445.55,445.55,445.55,445.55,0,CPA2027H
20240828,1259,438.25,438.25,438.25,438.25,0,CPA2027H
20240829,1259,439.20,439.20,439.20,439.20,0,CPA2027H
20240830,1259,437.95,437.95,437.95,437.95,0,CPA2027H
20240903,1259,425.35,425.35,425.35,425.35,0,CPA2027H
20240904,1259,424.40,424.40,424.40,424.40,0,CPA2027H
20240905,1259,430.50,430.50,430.50,430.50,0,CPA2027H
20240906,1259,425.45,425.45,425.45,425.45,0,CPA2027H
20240909,1259,432.35,432.35,432.35,432.35,0,CPA2027H
20240910,1259,427.30,427.30,427.30,427.30,0,CPA2027H
20240911,1259,431.25,431.25,431.25,431.25,0,CPA2027H
20240912,1259,436.05,436.05,436.05,436.05,0,CPA2027H
20240913,1259,439.10,439.10,439.10,439.10,0,CPA2027H
20240916,1259,443.30,443.30,443.30,443.30,0,CPA2027H
20240917,1259,443.95,443.95,443.95,443.95,0,CPA2027H
20240918,1259,445.45,445.45,445.45,445.45,0,CPA2027H
20240919,1259,449.95,449.95,449.95,449.95,0,CPA2027H
20240920,1259,449.95,449.95,449.95,449.95,0,CPA2027H
20240923,1259,450.65,450.65,450.65,450.65,0,CPA2027H
20240924,1259,463.30,463.30,463.30,463.30,0,CPA2027H
20240925,1259,463.55,463.55,463.55,463.55,0,CPA2027H
20240926,1259,466.35,466.35,466.35,466.35,0,CPA2027H
20240927,1259,464.60,464.60,464.60,464.60,0,CPA2027H
20240930,1259,457.90,457.90,457.90,457.90,0,CPA2027H
20241001,1259,464.20,464.20,464.20,464.20,0,CPA2027H
20241002,1259,470.25,470.25,470.25,470.25,0,CPA2027H
20241003,1259,462.35,462.35,462.35,462.35,0,CPA2027H
20241004,1259,466.30,466.30,466.30,466.30,0,CPA2027H
20241007,1259,466.25,466.25,466.25,466.25,0,CPA2027H
20241008,1259,457.20,457.20,457.20,457.20,0,CPA2027H
20241009,1259,451.00,451.00,451.00,451.00,0,CPA2027H
20241010,1259,453.30,453.30,453.30,453.30,0,CPA2027H
20241011,1259,459.25,459.25,459.25,459.25,0,CPA2027H
20241014,1259,453.35,453.35,453.35,453.35,0,CPA2027H
20241015,1259,453.20,453.20,453.20,453.20,0,CPA2027H
20241016,1259,455.35,455.35,455.35,455.35,0,CPA2027H
20241017,1259,453.25,453.25,453.25,453.25,0,CPA2027H
20241018,1259,459.30,459.30,459.30,459.30,0,CPA2027H
20241021,1259,457.10,457.10,457.10,457.10,0,CPA2027H
20241022,1259,459.10,459.10,459.10,459.10,0,CPA2027H
20241023,1259,455.95,455.95,455.95,455.95,0,CPA2027H
20241024,1259,456.90,456.90,456.90,456.90,0,CPA2027H
20241025,1259,457.60,457.60,457.60,457.60,0,CPA2027H
20241028,1259,455.25,455.25,455.25,455.25,0,CPA2027H
20241029,1259,454.45,454.45,454.45,454.45,0,CPA2027H
20241030,1259,453.35,453.35,453.35,453.35,0,CPA2027H
20241031,1259,453.10,453.10,453.10,453.10,0,CPA2027H
20241101,1259,456.50,456.50,456.50,456.50,0,CPA2027H
20241104,1259,461.50,461.50,461.50,461.50,0,CPA2027H
20241105,1259,465.90,465.90,465.90,465.90,0,CPA2027H
20241106,1259,445.40,445.40,445.40,445.40,0,CPA2027H
20241107,1259,462.30,462.30,462.30,462.30,0,CPA2027H
20241108,1259,451.30,451.30,451.30,451.30,0,CPA2027H
20241111,1259,444.30,444.30,444.30,444.30,0,CPA2027H
20241112,1259,439.60,439.60,439.60,439.60,0,CPA2027H
20241113,1259,435.85,435.85,435.85,435.85,0,CPA2027H
20241114,1259,435.70,435.70,435.70,435.70,0,CPA2027H
20241115,1259,432.20,432.20,432.20,432.20,0,CPA2027H
20241118,1259,437.60,437.60,437.60,437.60,0,CPA2027H
20241119,1259,438.90,438.90,438.90,438.90,0,CPA2027H
20241120,1259,439.10,439.10,439.10,439.10,0,CPA2027H
20241121,1259,437.00,437.00,437.00,437.00,0,CPA2027H
20241122,1259,433.90,433.90,433.90,433.90,0,CPA2027H
20241125,1259,436.80,436.80,436.80,436.80,0,CPA2027H
20241126,1259,433.30,433.30,433.30,433.30,0,CPA2027H
20241127,1259,435.15,435.15,435.15,435.15,0,CPA2027H
20241129,1259,435.30,435.30,435.30,435.30,0,CPA2027H
20241202,1259,435.00,435.00,435.00,435.00,0,CPA2027H
20241203,1259,443.45,443.45,443.45,443.45,0,CPA2027H
20241204,1259,443.20,443.20,443.20,443.20,0,CPA2027H
20241205,1259,442.20,442.20,442.20,442.20,0,CPA2027H
20241206,1259,441.90,441.90,441.90,441.90,0,CPA2027H
20241209,1259,449.45,449.45,449.45,449.45,0,CPA2027H
20241210,1259,448.70,448.70,448.70,448.70,0,CPA2027H
20241211,1259,446.95,446.95,446.95,446.95,0,CPA2027H
20241212,1259,445.25,445.25,445.25,445.25,0,CPA2027H
20241213,1259,440.75,440.75,440.75,440.75,0,CPA2027H
20241216,1259,440.50,440.50,440.50,440.50,0,CPA2027H
20241217,1259,437.75,437.75,437.75,437.75,0,CPA2027H
20241218,1259,439.00,439.00,439.00,439.00,0,CPA2027H
20241219,1259,431.60,431.60,431.60,431.60,0,CPA2027H
20241220,1259,433.35,433.35,433.35,433.35,0,CPA2027H
20241223,1259,432.05,432.05,432.05,432.05,0,CPA2027H
20241224,1159,433.85,433.85,433.85,433.85,0,CPA2027H
20241226,1259,435.85,435.85,435.85,435.85,0,CPA2027H
20241227,1259,434.75,434.75,434.75,434.75,0,CPA2027H
20241230,1259,430.75,430.75,430.75,430.75,0,CPA2027H
20241231,1259,423.30,423.30,423.30,423.30,0,CPA2027H
20250102,1259,423.55,423.55,423.55,423.55,0,CPA2027H
20250103,1259,427.55,427.55,427.55,427.55,0,CPA2027H
20250106,1259,435.15,435.15,435.15,435.15,0,CPA2027H
20250107,1259,439.45,439.45,439.45,439.45,0,CPA2027H
20250108,1259,443.95,443.95,443.95,443.95,0,CPA2027H
20250109,1259,447.60,447.60,447.60,447.60,0,CPA2027H
20250110,1259,445.60,445.60,445.60,445.60,0,CPA2027H
20250113,1259,450.25,450.25,450.25,450.25,0,CPA2027H
20250114,1259,452.75,452.75,452.75,452.75,0,CPA2027H
20250115,1259,456.40,456.40,456.40,456.40,0,CPA2027H
20250116,1259,462.00,462.00,462.00,462.00,0,CPA2027H
20250117,1259,455.30,455.30,455.30,455.30,0,CPA2027H
20250121,1259,454.15,454.15,454.15,454.15,0,CPA2027H
20250122,1259,451.35,451.35,451.35,451.35,0,CPA2027H
20250123,1259,453.55,453.55,453.55,453.55,0,CPA2027H
20250124,1259,454.70,454.70,454.70,454.70,0,CPA2027H
20250127,1259,447.20,447.20,447.20,447.20,0,CPA2027H
20250128,1259,447.55,447.55,447.55,447.55,0,CPA2027H
20250129,1259,450.80,450.80,450.80,450.80,0,CPA2027H
20250130,1259,455.25,455.25,455.25,455.25,0,CPA2027H
20250131,1259,452.30,452.30,452.30,452.30,0,CPA2027H
20250203,1259,454.20,454.20,454.20,454.20,0,CPA2027H
20250204,1259,458.75,458.75,458.75,458.75,0,CPA2027H
20250205,1259,467.00,467.00,467.00,467.00,0,CPA2027H
20250206,1259,469.80,469.80,469.80,469.80,0,CPA2027H
20250207,1259,482.35,482.35,482.35,482.35,0,CPA2027H
20250210,1259,492.75,492.75,492.75,492.75,0,CPA2027H
20250211,1259,482.70,482.70,482.70,482.70,0,CPA2027H
20250212,1259,493.70,493.70,493.70,493.70,0,CPA2027H
20250213,1259,501.30,501.30,501.30,501.30,0,CPA2027H
20250214,1259,490.30,490.30,490.30,490.30,0,CPA2027H
20250218,1259,485.10,485.10,485.10,485.10,0,CPA2027H
20250219,1259,482.00,482.00,482.00,482.00,0,CPA2027H
20250220,1259,486.80,486.80,486.80,486.80,0,CPA2027H
20250221,1259,482.60,482.60,482.60,482.60,0,CPA2027H
20250224,1259,477.60,477.60,477.60,477.60,0,CPA2027H
20250225,1259,474.15,474.15,474.15,474.15,0,CPA2027H
20250226,1259,480.35,480.35,480.35,480.35,0,CPA2027H
20250227,1259,483.45,483.45,483.45,483.45,0,CPA2027H
20250228,1259,477.00,477.00,477.00,477.00,0,CPA2027H
20250303,1259,484.50,484.50,484.50,484.50,0,CPA2027H
20250304,1259,480.05,480.05,480.05,480.05,0,CPA2027H
20250305,1259,504.00,504.00,504.00,504.00,0,CPA2027H
20250306,1259,505.00,505.00,505.00,505.00,0,CPA2027H
20250307,1259,496.90,496.90,496.90,496.90,0,CPA2027H
20250310,1259,494.00,494.00,494.00,494.00,0,CPA2027H
20250311,1259,504.25,504.25,504.25,504.25,0,CPA2027H
20250312,1259,513.15,513.15,513.15,513.15,0,CPA2027H
20250313,1259,521.20,521.20,521.20,521.20,0,CPA2027H
20250314,1259,518.50,518.50,518.50,518.50,0,CPA2027H
20250317,1259,525.20,525.20,525.20,525.20,0,CPA2027H
20250318,1259,531.75,531.75,531.75,531.75,0,CPA2027H
20250319,1259,539.20,539.20,539.20,539.20,0,CPA2027H
20250320,1259,540.80,540.80,540.80,540.80,0,CPA2027H
20250321,1259,541.40,541.40,541.40,541.40,0,CPA2027H
20250324,1259,539.05,539.05,539.05,539.05,0,CPA2027H
20250325,1259,550.15,550.15,550.15,550.15,0,CPA2027H
20250326,1259,543.10,543.10,543.10,543.10,0,CPA2027H
20250327,1259,530.85,530.85,530.85,530.85,0,CPA2027H
20250328,1259,532.45,532.45,532.45,532.45,0,CPA2027H
20250331,1259,524.65,524.65,524.65,524.65,0,CPA2027H
20250401,1259,525.75,525.75,525.75,525.75,0,CPA2027H
20250402,1259,526.15,526.15,526.15,526.15,0,CPA2027H
20250403,1259,506.80,506.80,506.80,506.80,0,CPA2027H
20250404,1259,468.05,468.05,468.05,468.05,0,CPA2027H
20250406,1800,460.00,460.00,460.00,460.00,5,CPA2027H
20250406,1801,460.00,460.00,460.00,460.00,5,CPA2027H
20250407,0905,458.00,458.00,458.00,458.00,3,CPA2027H
20250407,0925,458.00,458.00,458.00,458.00,4,CPA2027H
20250407,0927,458.00,458.00,458.00,458.00,1,CPA2027H
20250407,0928,458.00,458.00,458.00,458.00,2,CPA2027H
20250407,1259,448.35,448.35,448.35,448.35,0,CPA2027H
20250408,1259,445.05,445.05,445.05,445.05,0,CPA2027H
20250408,1310,443.00,443.00,443.00,443.00,3,CPA2027H
20250408,1514,443.00,443.00,443.00,443.00,1,CPA2027H
20250408,1515,443.00,443.00,443.00,443.00,2,CPA2027H
20250408,1537,443.00,443.00,443.00,443.00,1,CPA2027H
20250408,1542,443.00,443.00,443.00,443.00,1,CPA2027H
20250408,1544,443.00,443.00,443.00,443.00,2,CPA2027H
20250408,1935,439.40,439.40,439.40,439.40,1,CPA2027H
20250408,1936,439.40,439.40,439.40,439.40,2,CPA2027H
20250408,1937,439.40,439.40,439.40,439.40,5,CPA2027H
20250408,1938,439.40,439.40,439.40,439.40,1,CPA2027H
20250408,1939,439.40,439.40,439.40,439.40,1,CPA2027H
20250409,1259,449.75,449.75,449.75,449.75,0,CPA2027H
20250410,1259,463.45,463.45,463.45,463.45,0,CPA2027H
20250411,1259,482.00,482.00,482.00,482.00,0,CPA2027H
20250414,1259,493.80,493.80,493.80,493.80,0,CPA2027H
20250415,1259,493.35,493.35,493.35,493.35,0,CPA2027H
20250416,1259,498.90,498.90,498.90,498.90,0,CPA2027H
20250417,1259,503.60,503.60,503.60,503.60,0,CPA2027H
20250421,1259,502.70,502.70,502.70,502.70,0,CPA2027H
20250422,1259,516.55,516.55,516.55,516.55,0,CPA2027H
20250423,1259,513.85,513.85,513.85,513.85,0,CPA2027H
20250424,1259,515.60,515.60,515.60,515.60,0,CPA2027H
20250425,1259,514.05,514.05,514.05,514.05,0,CPA2027H
20250428,1259,512.60,512.60,512.60,512.60,0,CPA2027H
20250429,1259,511.35,511.35,511.35,511.35,0,CPA2027H
20250430,1259,486.00,486.00,486.00,486.00,0,CPA2027H
20250501,1259,488.50,488.50,488.50,488.50,0,CPA2027H
20250502,1259,494.80,494.80,494.80,494.80,0,CPA2027H
20250505,1259,498.60,498.60,498.60,498.60,0,CPA2027H
20250506,1259,506.55,506.55,506.55,506.55,0,CPA2027H
20250507,1259,496.20,496.20,496.20,496.20,0,CPA2027H
20250508,1259,490.50,490.50,490.50,490.50,0,CPA2027H
20250509,1259,495.55,495.55,495.55,495.55,0,CPA2027H
20250512,1259,492.80,492.80,492.80,492.80,0,CPA2027H
20250513,1259,502.70,502.70,502.70,502.70,0,CPA2027H
20250514,1259,496.00,496.00,496.00,496.00,0,CPA2027H
20250515,1259,498.20,498.20,498.20,498.20,0,CPA2027H
20250516,1259,489.50,489.50,489.50,489.50,0,CPA2027H
20250519,1259,497.10,497.10,497.10,497.10,0,CPA2027H
20250520,1259,495.40,495.40,495.40,495.40,0,CPA2027H
20250521,1259,496.25,496.25,496.25,496.25,0,CPA2027H
20250522,1259,496.85,496.85,496.85,496.85,0,CPA2027H
20250523,1259,512.75,512.75,512.75,512.75,0,CPA2027H
20250527,1259,504.05,504.05,504.05,504.05,0,CPA2027H
20250528,1259,499.00,499.00,499.00,499.00,0,CPA2027H
20250529,1259,499.55,499.55,499.55,499.55,0,CPA2027H
20250530,1259,498.95,498.95,498.95,498.95,0,CPA2027H
20250602,1259,516.75,516.75,516.75,516.75,0,CPA2027H
20250603,1259,514.90,514.90,514.90,514.90,0,CPA2027H
20250604,1259,519.40,519.40,519.40,519.40,0,CPA2027H
20250605,1259,523.90,523.90,523.90,523.90,0,CPA2027H
20250606,1259,516.40,516.40,516.40,516.40,0,CPA2027H
20250609,1259,523.60,523.60,523.60,523.60,0,CPA2027H
20250610,1259,520.30,520.30,520.30,520.30,0,CPA2027H
20250611,1259,512.65,512.65,512.65,512.65,0,CPA2027H
20250612,1259,514.65,514.65,514.65,514.65,0,CPA2027H
20250613,1259,513.00,513.00,513.00,513.00,0,CPA2027H
20250616,1259,515.80,515.80,515.80,515.80,0,CPA2027H
20250617,1259,512.60,512.60,512.60,512.60,0,CPA2027H
20250618,1259,516.50,516.50,516.50,516.50,0,CPA2027H
20250620,1259,514.10,514.10,514.10,514.10,0,CPA2027H
20250623,1259,515.45,515.45,515.45,515.45,0,CPA2027H
20250624,1259,518.25,518.25,518.25,518.25,0,CPA2027H
20250625,1259,523.10,523.10,523.10,523.10,0,CPA2027H
20250626,1256,537.30,537.30,537.15,537.15,5,CPA2027H
20250626,1257,537.50,537.50,537.50,537.50,2,CPA2027H
20250626,1258,537.50,537.50,537.50,537.50,1,CPA2027H
20250626,1259,537.50,537.65,537.50,537.65,2,CPA2027H
20250627,1259,537.75,537.75,537.75,537.75,0,CPA2027H
20250630,1259,533.40,533.40,533.40,533.40,0,CPA2027H
20250701,1259,535.45,535.45,535.45,535.45,0,CPA2027H
20250702,1259,546.00,546.00,546.00,546.00,0,CPA2027H
20250703,1259,540.55,540.55,540.55,540.55,0,CPA2027H
20250707,1259,529.05,529.05,529.05,529.05,0,CPA2027H
20250708,1259,595.05,595.05,595.05,595.05,0,CPA2027H
20250709,1259,566.65,566.65,566.65,566.65,0,CPA2027H
20250710,1259,578.35,578.35,578.35,578.35,0,CPA2027H
20250711,1259,580.05,580.05,580.05,580.05,0,CPA2027H
20250714,1259,575.00,575.00,575.00,575.00,0,CPA2027H
20250715,1259,577.55,577.55,577.55,577.55,0,CPA2027H
20250716,1259,572.15,572.15,572.15,572.15,0,CPA2027H
20250717,1259,570.90,570.90,570.90,570.90,0,CPA2027H
20250718,1259,579.90,579.90,579.90,579.90,0,CPA2027H
20250718,1637,579.00,579.00,579.00,579.00,1,CPA2027H
20250721,1259,582.75,582.75,582.75,582.75,0,CPA2027H
20250722,1259,590.75,590.75,590.75,590.75,0,CPA2027H
20250723,1259,599.75,599.75,599.75,599.75,0,CPA2027H
20250724,1259,599.20,599.20,599.20,599.20,0,CPA2027H
20250725,1259,597.20,597.20,597.20,597.20,0,CPA2027H
20250728,1259,580.50,580.50,580.50,580.50,0,CPA2027H
20250729,1259,582.35,582.35,582.35,582.35,0,CPA2027H
20250730,1259,577.95,577.95,577.95,577.95,0,CPA2027H
20250730,1435,487.10,487.10,487.10,487.10,1,CPA2027H
20250731,1259,462.50,462.50,462.50,462.50,0,CPA2027H
20250801,1259,469.65,469.65,469.65,469.65,0,CPA2027H
20250801,1652,471.00,471.00,471.00,471.00,1,CPA2027H
20250804,1259,469.35,469.35,469.35,469.35,0,CPA2027H
20250805,1259,464.80,464.80,464.80,464.80,0,CPA2027H
20250805,1827,465.10,465.10,465.10,465.10,1,CPA2027H
20250805,1837,465.30,465.30,465.30,465.30,1,CPA2027H
20250806,1259,468.10,468.10,468.10,468.10,0,CPA2027H
20250807,1259,467.85,467.85,467.85,467.85,0,CPA2027H
