Date,Time,Open,High,Low,Close,TradeVolume,Contract
20230920,1259,390.50,390.50,390.50,390.50,0,CPA2028H
20230921,1259,384.00,384.00,384.00,384.00,0,CPA2028H
20230922,1259,384.90,384.90,384.90,384.90,0,CPA2028H
20230925,1259,383.25,383.25,383.25,383.25,0,CPA2028H
20230926,1259,380.70,380.70,380.70,380.70,0,CPA2028H
20230927,1259,379.00,379.00,379.00,379.00,0,CPA2028H
20230928,1259,384.40,384.40,384.40,384.40,0,CPA2028H
20230929,1259,388.20,388.20,388.20,388.20,0,CPA2028H
20231002,1259,379.70,379.70,379.70,379.70,0,CPA2028H
20231003,1259,377.10,377.10,377.10,377.10,0,CPA2028H
20231004,1259,373.95,373.95,373.95,373.95,0,CPA2028H
20231005,1259,370.25,370.25,370.25,370.25,0,CPA2028H
20231006,1259,377.30,377.30,377.30,377.30,0,CPA2028H
20231009,1259,379.50,379.50,379.50,379.50,0,CPA2028H
20231010,1259,376.95,376.95,376.95,376.95,0,CPA2028H
20231011,1259,376.65,376.65,376.65,376.65,0,CPA2028H
20231012,1259,376.60,376.60,376.60,376.60,0,CPA2028H
20231013,1259,374.70,374.70,374.70,374.70,0,CPA2028H
20231016,1259,377.50,377.50,377.50,377.50,0,CPA2028H
20231018,1259,376.75,376.75,376.75,376.75,0,CPA2028H
20231019,1259,377.50,377.50,377.50,377.50,0,CPA2028H
20231020,1259,375.55,375.55,375.55,375.55,0,CPA2028H
20231023,1259,375.40,375.40,375.40,375.40,0,CPA2028H
20231024,1259,375.50,375.50,375.50,375.50,0,CPA2028H
20231025,1259,373.70,373.70,373.70,373.70,0,CPA2028H
20231026,1259,375.45,375.45,375.45,375.45,0,CPA2028H
20231027,1259,380.85,380.85,380.85,380.85,0,CPA2028H
20231030,1259,382.10,382.10,382.10,382.10,0,CPA2028H
20231031,1259,381.30,381.30,381.30,381.30,0,CPA2028H
20231101,1259,382.50,382.50,382.50,382.50,0,CPA2028H
20231102,1259,385.00,385.00,385.00,385.00,0,CPA2028H
20231103,1259,385.75,385.75,385.75,385.75,0,CPA2028H
20231106,1259,389.80,389.80,389.80,389.80,0,CPA2028H
20231107,1259,387.90,387.90,387.90,387.90,0,CPA2028H
20231108,1259,384.45,384.45,384.45,384.45,0,CPA2028H
20231109,1259,384.55,384.55,384.55,384.55,0,CPA2028H
20231110,1259,381.75,381.75,381.75,381.75,0,CPA2028H
20231113,1259,387.55,387.55,387.55,387.55,0,CPA2028H
20231114,1259,389.65,389.65,389.65,389.65,0,CPA2028H
20231115,1259,393.10,393.10,393.10,393.10,0,CPA2028H
20231120,1259,401.40,401.40,401.40,401.40,0,CPA2028H
20231121,1259,403.00,403.00,403.00,403.00,0,CPA2028H
20231122,1259,397.90,397.90,397.90,397.90,0,CPA2028H
20231124,1159,401.15,401.15,401.15,401.15,0,CPA2028H
20231127,1259,398.45,398.45,398.45,398.45,0,CPA2028H
20231128,1259,401.30,401.30,401.30,401.30,0,CPA2028H
20231129,1259,399.85,399.85,399.85,399.85,0,CPA2028H
20231130,1259,401.80,401.80,401.80,401.80,0,CPA2028H
20231201,1259,408.35,408.35,408.35,408.35,0,CPA2028H
20231204,1259,401.00,401.00,401.00,401.00,0,CPA2028H
20231205,1259,395.05,395.05,395.05,395.05,0,CPA2028H
20231206,1259,390.55,390.55,390.55,390.55,0,CPA2028H
20231207,1259,396.25,396.25,396.25,396.25,0,CPA2028H
20231208,1259,397.75,397.75,397.75,397.75,0,CPA2028H
20231211,1259,393.35,393.35,393.35,393.35,0,CPA2028H
20231212,1259,392.35,392.35,392.35,392.35,0,CPA2028H
20231213,1259,391.40,391.40,391.40,391.40,0,CPA2028H
20231214,1259,400.25,400.25,400.25,400.25,0,CPA2028H
20231215,1259,399.25,399.25,399.25,399.25,0,CPA2028H
20231218,1259,395.90,395.90,395.90,395.90,0,CPA2028H
20231219,1259,399.35,399.35,399.35,399.35,0,CPA2028H
20231220,1259,399.95,399.95,399.95,399.95,0,CPA2028H
20231221,1259,401.35,401.35,401.35,401.35,0,CPA2028H
20231222,1259,400.15,400.15,400.15,400.15,0,CPA2028H
20231226,1259,400.65,400.65,400.65,400.65,0,CPA2028H
20231227,1259,405.55,405.55,405.55,405.55,0,CPA2028H
20231228,1259,402.15,402.15,402.15,402.15,0,CPA2028H
20231229,1259,399.05,399.05,399.05,399.05,0,CPA2028H
20240102,1259,398.10,398.10,398.10,398.10,0,CPA2028H
20240103,1259,396.00,396.00,396.00,396.00,0,CPA2028H
20240104,1259,394.05,394.05,394.05,394.05,0,CPA2028H
20240105,1259,391.70,391.70,391.70,391.70,0,CPA2028H
20240108,1259,393.25,393.25,393.25,393.25,0,CPA2028H
20240109,1259,389.20,389.20,389.20,389.20,0,CPA2028H
20240110,1259,390.50,390.50,390.50,390.50,0,CPA2028H
20240111,1259,388.70,388.70,388.70,388.70,0,CPA2028H
20240112,1259,385.85,385.85,385.85,385.85,0,CPA2028H
20240116,1259,388.00,388.00,388.00,388.00,0,CPA2028H
20240117,1259,384.60,384.60,384.60,384.60,0,CPA2028H
20240118,1259,386.05,386.05,386.05,386.05,0,CPA2028H
20240119,1259,389.80,389.80,389.80,389.80,0,CPA2028H
20240122,1259,388.10,388.10,388.10,388.10,0,CPA2028H
20240123,1259,390.30,390.30,390.30,390.30,0,CPA2028H
20240124,1259,398.65,398.65,398.65,398.65,0,CPA2028H
20240125,1259,398.15,398.15,398.15,398.15,0,CPA2028H
20240126,1259,396.90,396.90,396.90,396.90,0,CPA2028H
20240129,1259,399.30,399.30,399.30,399.30,0,CPA2028H
20240130,1259,400.90,400.90,400.90,400.90,0,CPA2028H
20240131,1259,400.35,400.35,400.35,400.35,0,CPA2028H
20240201,1259,396.05,396.05,396.05,396.05,0,CPA2028H
20240202,1259,394.20,394.20,394.20,394.20,0,CPA2028H
20240205,1259,390.35,390.35,390.35,390.35,0,CPA2028H
20240206,1259,391.05,391.05,391.05,391.05,0,CPA2028H
20240207,1259,387.30,387.30,387.30,387.30,0,CPA2028H
20240208,1259,383.40,383.40,383.40,383.40,0,CPA2028H
20240209,1259,381.10,381.10,381.10,381.10,0,CPA2028H
20240212,1259,384.65,384.65,384.65,384.65,0,CPA2028H
20240213,1259,383.05,383.05,383.05,383.05,0,CPA2028H
20240214,1259,380.70,380.70,380.70,380.70,0,CPA2028H
20240215,1259,385.05,385.05,385.05,385.05,0,CPA2028H
20240216,1259,392.85,392.85,392.85,392.85,0,CPA2028H
20240220,1259,394.80,394.80,394.80,394.80,0,CPA2028H
20240221,1259,396.00,396.00,396.00,396.00,0,CPA2028H
20240222,1259,399.15,399.15,399.15,399.15,0,CPA2028H
20240223,1259,398.35,398.35,398.35,398.35,0,CPA2028H
20240226,1259,391.25,391.25,391.25,391.25,0,CPA2028H
20240227,1259,393.45,393.45,393.45,393.45,0,CPA2028H
20240228,1259,391.75,391.75,391.75,391.75,0,CPA2028H
20240229,1259,392.15,392.15,392.15,392.15,0,CPA2028H
20240301,1259,393.85,393.85,393.85,393.85,0,CPA2028H
20240304,1259,393.75,393.75,393.75,393.75,0,CPA2028H
20240305,1259,392.90,392.90,392.90,392.90,0,CPA2028H
20240306,1259,395.45,395.45,395.45,395.45,0,CPA2028H
20240307,1259,400.25,400.25,400.25,400.25,0,CPA2028H
20240308,1259,397.20,397.20,397.20,397.20,0,CPA2028H
20240311,1259,400.60,400.60,400.60,400.60,0,CPA2028H
20240312,1259,400.95,400.95,400.95,400.95,0,CPA2028H
20240313,1259,411.95,411.95,411.95,411.95,0,CPA2028H
20240314,1259,411.90,411.90,411.90,411.90,0,CPA2028H
20240315,1259,420.20,420.20,420.20,420.20,0,CPA2028H
20240318,1259,420.80,420.80,420.80,420.80,0,CPA2028H
20240319,1259,416.15,416.15,416.15,416.15,0,CPA2028H
20240320,1259,414.25,414.25,414.25,414.25,0,CPA2028H
20240321,1259,416.40,416.40,416.40,416.40,0,CPA2028H
20240322,1259,411.60,411.60,411.60,411.60,0,CPA2028H
20240325,1259,413.10,413.10,413.10,413.10,0,CPA2028H
20240326,1259,412.60,412.60,412.60,412.60,0,CPA2028H
20240327,1259,412.10,412.10,412.10,412.10,0,CPA2028H
20240328,1259,413.45,413.45,413.45,413.45,0,CPA2028H
20240401,1259,417.70,417.70,417.70,417.70,0,CPA2028H
20240402,1259,420.20,420.20,420.20,420.20,0,CPA2028H
20240403,1259,432.95,432.95,432.95,432.95,0,CPA2028H
20240404,1259,438.20,438.20,438.20,438.20,0,CPA2028H
20240405,1259,437.05,437.05,437.05,437.05,0,CPA2028H
20240408,1259,440.05,440.05,440.05,440.05,0,CPA2028H
20240409,1259,440.75,440.75,440.75,440.75,0,CPA2028H
20240410,1259,439.75,439.75,439.75,439.75,0,CPA2028H
20240411,1259,438.55,438.55,438.55,438.55,0,CPA2028H
20240412,1259,439.05,439.05,439.05,439.05,0,CPA2028H
20240415,1259,446.60,446.60,446.60,446.60,0,CPA2028H
20240416,1259,439.45,439.45,439.45,439.45,0,CPA2028H
20240417,1259,440.65,440.65,440.65,440.65,0,CPA2028H
20240418,1259,451.20,451.20,451.20,451.20,0,CPA2028H
20240419,1259,456.55,456.55,456.55,456.55,0,CPA2028H
20240422,1259,454.65,454.65,454.65,454.65,0,CPA2028H
20240423,1259,449.90,449.90,449.90,449.90,0,CPA2028H
20240424,1259,451.95,451.95,451.95,451.95,0,CPA2028H
20240425,1259,457.35,457.35,457.35,457.35,0,CPA2028H
20240426,1259,461.95,461.95,461.95,461.95,0,CPA2028H
20240429,1259,470.40,470.40,470.40,470.40,0,CPA2028H
20240430,1259,460.15,460.15,460.15,460.15,0,CPA2028H
20240501,1259,457.45,457.45,457.45,457.45,0,CPA2028H
20240502,1259,452.00,452.00,452.00,452.00,0,CPA2028H
20240503,1259,458.90,458.90,458.90,458.90,0,CPA2028H
20240506,1259,464.30,464.30,464.30,464.30,0,CPA2028H
20240507,1259,464.00,464.00,464.00,464.00,0,CPA2028H
20240508,1259,458.45,458.45,458.45,458.45,0,CPA2028H
20240509,1259,460.35,460.35,460.35,460.35,0,CPA2028H
20240510,1259,461.60,461.60,461.60,461.60,0,CPA2028H
20240513,1259,467.95,467.95,467.95,467.95,0,CPA2028H
20240514,1259,460.75,460.75,460.75,460.75,0,CPA2028H
20240515,1259,468.85,468.85,468.85,468.85,0,CPA2028H
20240516,1259,473.50,473.50,473.50,473.50,0,CPA2028H
20240517,1259,487.25,487.25,487.25,487.25,0,CPA2028H
20240520,1259,494.95,494.95,494.95,494.95,0,CPA2028H
20240521,1259,495.05,495.05,495.05,495.05,0,CPA2028H
20240522,1259,476.20,476.20,476.20,476.20,0,CPA2028H
20240523,1259,474.15,474.15,474.15,474.15,0,CPA2028H
20240524,1259,472.50,472.50,472.50,472.50,0,CPA2028H
20240528,1259,483.20,483.20,483.20,483.20,0,CPA2028H
20240529,1259,479.65,479.65,479.65,479.65,0,CPA2028H
20240530,1259,466.45,466.45,466.45,466.45,0,CPA2028H
20240531,1259,464.15,464.15,464.15,464.15,0,CPA2028H
20240603,1259,468.95,468.95,468.95,468.95,0,CPA2028H
20240604,1259,456.35,456.35,456.35,456.35,0,CPA2028H
20240605,1259,458.55,458.55,458.55,458.55,0,CPA2028H
20240606,1259,466.70,466.70,466.70,466.70,0,CPA2028H
20240607,1259,451.95,451.95,451.95,451.95,0,CPA2028H
20240610,1259,457.70,457.70,457.70,457.70,0,CPA2028H
20240611,1259,451.75,451.75,451.75,451.75,0,CPA2028H
20240612,1259,458.05,458.05,458.05,458.05,0,CPA2028H
20240613,1259,451.50,451.50,451.50,451.50,0,CPA2028H
20240614,1259,450.90,450.90,450.90,450.90,0,CPA2028H
20240617,1259,447.25,447.25,447.25,447.25,0,CPA2028H
20240618,1259,449.95,449.95,449.95,449.95,0,CPA2028H
20240620,1259,456.15,456.15,456.15,456.15,0,CPA2028H
20240621,1259,448.35,448.35,448.35,448.35,0,CPA2028H
20240624,1259,447.30,447.30,447.30,447.30,0,CPA2028H
20240625,1259,443.80,443.80,443.80,443.80,0,CPA2028H
20240626,1259,443.95,443.95,443.95,443.95,0,CPA2028H
20240627,1259,442.95,442.95,442.95,442.95,0,CPA2028H
20240628,1259,446.80,446.80,446.80,446.80,0,CPA2028H
20240701,1259,449.30,449.30,449.30,449.30,0,CPA2028H
20240702,1259,448.65,448.65,448.65,448.65,0,CPA2028H
20240703,1259,458.55,458.55,458.55,458.55,0,CPA2028H
20240705,1259,465.30,465.30,465.30,465.30,0,CPA2028H
20240708,1259,464.05,464.05,464.05,464.05,0,CPA2028H
20240709,1259,460.75,460.75,460.75,460.75,0,CPA2028H
20240710,1259,461.60,461.60,461.60,461.60,0,CPA2028H
20240711,1259,458.50,458.50,458.50,458.50,0,CPA2028H
20240712,1259,464.25,464.25,464.25,464.25,0,CPA2028H
20240715,1259,460.45,460.45,460.45,460.45,0,CPA2028H
20240716,1259,454.30,454.30,454.30,454.30,0,CPA2028H
20240717,1259,452.30,452.30,452.30,452.30,0,CPA2028H
20240718,1259,441.40,441.40,441.40,441.40,0,CPA2028H
20240719,1259,439.30,439.30,439.30,439.30,0,CPA2028H
20240722,1259,435.80,435.80,435.80,435.80,0,CPA2028H
20240723,1259,431.35,431.35,431.35,431.35,0,CPA2028H
20240724,1259,428.10,428.10,428.10,428.10,0,CPA2028H
20240725,1259,429.60,429.60,429.60,429.60,0,CPA2028H
20240726,1259,430.90,430.90,430.90,430.90,0,CPA2028H
20240729,1259,427.35,427.35,427.35,427.35,0,CPA2028H
20240730,1259,427.70,427.70,427.70,427.70,0,CPA2028H
20240731,1259,436.30,436.30,436.30,436.30,0,CPA2028H
20240801,1259,428.40,428.40,428.40,428.40,0,CPA2028H
20240802,1259,430.25,430.25,430.25,430.25,0,CPA2028H
20240805,1259,419.50,419.50,419.50,419.50,0,CPA2028H
20240806,1259,422.00,422.00,422.00,422.00,0,CPA2028H
20240807,1259,417.10,417.10,417.10,417.10,0,CPA2028H
20240808,1259,417.05,417.05,417.05,417.05,0,CPA2028H
20240809,1259,419.75,419.75,419.75,419.75,0,CPA2028H
20240812,1259,426.75,426.75,426.75,426.75,0,CPA2028H
20240813,1259,424.80,424.80,424.80,424.80,0,CPA2028H
20240814,1259,423.60,423.60,423.60,423.60,0,CPA2028H
20240815,1259,431.80,431.80,431.80,431.80,0,CPA2028H
20240816,1259,433.60,433.60,433.60,433.60,0,CPA2028H
20240819,1259,437.10,437.10,437.10,437.10,0,CPA2028H
20240820,1259,435.10,435.10,435.10,435.10,0,CPA2028H
20240821,1259,436.60,436.60,436.60,436.60,0,CPA2028H
20240822,1259,433.60,433.60,433.60,433.60,0,CPA2028H
20240823,1259,438.85,438.85,438.85,438.85,0,CPA2028H
20240826,1259,443.00,443.00,443.00,443.00,0,CPA2028H
20240827,1259,445.55,445.55,445.55,445.55,0,CPA2028H
20240828,1259,438.25,438.25,438.25,438.25,0,CPA2028H
20240829,1259,439.20,439.20,439.20,439.20,0,CPA2028H
20240830,1259,437.95,437.95,437.95,437.95,0,CPA2028H
20240903,1259,425.35,425.35,425.35,425.35,0,CPA2028H
20240904,1259,424.40,424.40,424.40,424.40,0,CPA2028H
20240905,1259,430.50,430.50,430.50,430.50,0,CPA2028H
20240906,1259,425.45,425.45,425.45,425.45,0,CPA2028H
20240909,1259,432.35,432.35,432.35,432.35,0,CPA2028H
20240910,1259,427.30,427.30,427.30,427.30,0,CPA2028H
20240911,1259,431.25,431.25,431.25,431.25,0,CPA2028H
20240912,1259,436.05,436.05,436.05,436.05,0,CPA2028H
20240913,1259,439.10,439.10,439.10,439.10,0,CPA2028H
20240916,1259,443.30,443.30,443.30,443.30,0,CPA2028H
20240917,1259,443.95,443.95,443.95,443.95,0,CPA2028H
20240918,1259,445.45,445.45,445.45,445.45,0,CPA2028H
20240919,1259,449.95,449.95,449.95,449.95,0,CPA2028H
20240920,1259,449.95,449.95,449.95,449.95,0,CPA2028H
20240923,1259,450.65,450.65,450.65,450.65,0,CPA2028H
20240924,1259,463.30,463.30,463.30,463.30,0,CPA2028H
20240925,1259,462.95,462.95,462.95,462.95,0,CPA2028H
20240926,1259,462.80,462.80,462.80,462.80,0,CPA2028H
20240927,1259,461.05,461.05,461.05,461.05,0,CPA2028H
20240930,1259,454.35,454.35,454.35,454.35,0,CPA2028H
20241001,1259,460.65,460.65,460.65,460.65,0,CPA2028H
20241002,1259,466.70,466.70,466.70,466.70,0,CPA2028H
20241003,1259,458.80,458.80,458.80,458.80,0,CPA2028H
20241004,1259,462.75,462.75,462.75,462.75,0,CPA2028H
20241007,1259,462.70,462.70,462.70,462.70,0,CPA2028H
20241008,1259,453.65,453.65,453.65,453.65,0,CPA2028H
20241009,1259,447.45,447.45,447.45,447.45,0,CPA2028H
20241010,1259,449.75,449.75,449.75,449.75,0,CPA2028H
20241011,1259,455.70,455.70,455.70,455.70,0,CPA2028H
20241014,1259,449.80,449.80,449.80,449.80,0,CPA2028H
20241015,1259,449.65,449.65,449.65,449.65,0,CPA2028H
20241016,1259,451.80,451.80,451.80,451.80,0,CPA2028H
20241017,1259,449.70,449.70,449.70,449.70,0,CPA2028H
20241018,1259,455.75,455.75,455.75,455.75,0,CPA2028H
20241021,1259,453.55,453.55,453.55,453.55,0,CPA2028H
20241022,1259,455.55,455.55,455.55,455.55,0,CPA2028H
20241023,1259,452.40,452.40,452.40,452.40,0,CPA2028H
20241024,1259,453.35,453.35,453.35,453.35,0,CPA2028H
20241025,1259,454.05,454.05,454.05,454.05,0,CPA2028H
20241028,1259,451.70,451.70,451.70,451.70,0,CPA2028H
20241029,1259,450.90,450.90,450.90,450.90,0,CPA2028H
20241030,1259,449.80,449.80,449.80,449.80,0,CPA2028H
20241031,1259,449.55,449.55,449.55,449.55,0,CPA2028H
20241101,1259,452.95,452.95,452.95,452.95,0,CPA2028H
20241104,1259,457.95,457.95,457.95,457.95,0,CPA2028H
20241105,1259,462.35,462.35,462.35,462.35,0,CPA2028H
20241106,1259,441.85,441.85,441.85,441.85,0,CPA2028H
20241107,1259,458.75,458.75,458.75,458.75,0,CPA2028H
20241108,1259,447.75,447.75,447.75,447.75,0,CPA2028H
20241111,1259,440.75,440.75,440.75,440.75,0,CPA2028H
20241112,1259,436.05,436.05,436.05,436.05,0,CPA2028H
20241113,1259,432.30,432.30,432.30,432.30,0,CPA2028H
20241114,1259,432.15,432.15,432.15,432.15,0,CPA2028H
20241115,1259,428.65,428.65,428.65,428.65,0,CPA2028H
20241118,1259,434.05,434.05,434.05,434.05,0,CPA2028H
20241119,1259,435.35,435.35,435.35,435.35,0,CPA2028H
20241120,1259,435.55,435.55,435.55,435.55,0,CPA2028H
20241121,1259,433.45,433.45,433.45,433.45,0,CPA2028H
20241122,1259,430.35,430.35,430.35,430.35,0,CPA2028H
20241125,1259,433.25,433.25,433.25,433.25,0,CPA2028H
20241126,1259,429.75,429.75,429.75,429.75,0,CPA2028H
20241127,1259,431.60,431.60,431.60,431.60,0,CPA2028H
20241129,1259,431.75,431.75,431.75,431.75,0,CPA2028H
20241202,1259,431.45,431.45,431.45,431.45,0,CPA2028H
20241203,1259,442.90,442.90,442.90,442.90,0,CPA2028H
20241204,1259,442.65,442.65,442.65,442.65,0,CPA2028H
20241205,1259,448.95,448.95,448.95,448.95,0,CPA2028H
20241206,1259,448.65,448.65,448.65,448.65,0,CPA2028H
20241209,1259,456.20,456.20,456.20,456.20,0,CPA2028H
20241210,1259,455.45,455.45,455.45,455.45,0,CPA2028H
20241211,1259,453.70,453.70,453.70,453.70,0,CPA2028H
20241212,1259,452.00,452.00,452.00,452.00,0,CPA2028H
20241213,1259,447.50,447.50,447.50,447.50,0,CPA2028H
20241216,1259,447.25,447.25,447.25,447.25,0,CPA2028H
20241217,1259,444.50,444.50,444.50,444.50,0,CPA2028H
20241218,1259,445.75,445.75,445.75,445.75,0,CPA2028H
20241219,1259,438.35,438.35,438.35,438.35,0,CPA2028H
20241220,1259,440.10,440.10,440.10,440.10,0,CPA2028H
20241223,1259,438.80,438.80,438.80,438.80,0,CPA2028H
20241224,1159,440.60,440.60,440.60,440.60,0,CPA2028H
20241226,1259,442.60,442.60,442.60,442.60,0,CPA2028H
20241227,1259,441.50,441.50,441.50,441.50,0,CPA2028H
20241230,1259,437.50,437.50,437.50,437.50,0,CPA2028H
20241231,1259,430.05,430.05,430.05,430.05,0,CPA2028H
20250102,1259,430.30,430.30,430.30,430.30,0,CPA2028H
20250103,1259,434.30,434.30,434.30,434.30,0,CPA2028H
20250106,1259,441.90,441.90,441.90,441.90,0,CPA2028H
20250107,1259,446.20,446.20,446.20,446.20,0,CPA2028H
20250108,1259,450.70,450.70,450.70,450.70,0,CPA2028H
20250109,1259,454.35,454.35,454.35,454.35,0,CPA2028H
20250110,1259,452.35,452.35,452.35,452.35,0,CPA2028H
20250113,1259,457.00,457.00,457.00,457.00,0,CPA2028H
20250114,1259,459.50,459.50,459.50,459.50,0,CPA2028H
20250115,1259,463.15,463.15,463.15,463.15,0,CPA2028H
20250116,1259,468.75,468.75,468.75,468.75,0,CPA2028H
20250117,1259,462.05,462.05,462.05,462.05,0,CPA2028H
20250121,1259,460.90,460.90,460.90,460.90,0,CPA2028H
20250122,1259,458.10,458.10,458.10,458.10,0,CPA2028H
20250123,1259,460.30,460.30,460.30,460.30,0,CPA2028H
20250124,1259,461.45,461.45,461.45,461.45,0,CPA2028H
20250127,1259,453.95,453.95,453.95,453.95,0,CPA2028H
20250128,1259,454.30,454.30,454.30,454.30,0,CPA2028H
20250129,1259,457.55,457.55,457.55,457.55,0,CPA2028H
20250130,1259,462.00,462.00,462.00,462.00,0,CPA2028H
20250131,1259,459.05,459.05,459.05,459.05,0,CPA2028H
20250203,1259,460.95,460.95,460.95,460.95,0,CPA2028H
20250204,1259,465.50,465.50,465.50,465.50,0,CPA2028H
20250205,1259,473.75,473.75,473.75,473.75,0,CPA2028H
20250206,1259,476.55,476.55,476.55,476.55,0,CPA2028H
20250207,1259,489.10,489.10,489.10,489.10,0,CPA2028H
20250210,1259,499.50,499.50,499.50,499.50,0,CPA2028H
20250211,1259,489.45,489.45,489.45,489.45,0,CPA2028H
20250212,1259,500.45,500.45,500.45,500.45,0,CPA2028H
20250213,1259,508.05,508.05,508.05,508.05,0,CPA2028H
20250214,1259,497.05,497.05,497.05,497.05,0,CPA2028H
20250218,1259,491.85,491.85,491.85,491.85,0,CPA2028H
20250219,1259,488.75,488.75,488.75,488.75,0,CPA2028H
20250220,1259,493.55,493.55,493.55,493.55,0,CPA2028H
20250221,1259,489.35,489.35,489.35,489.35,0,CPA2028H
20250224,1259,484.35,484.35,484.35,484.35,0,CPA2028H
20250225,1259,480.90,480.90,480.90,480.90,0,CPA2028H
20250226,1259,486.95,486.95,486.95,486.95,0,CPA2028H
20250227,1259,490.05,490.05,490.05,490.05,0,CPA2028H
20250228,1259,483.60,483.60,483.60,483.60,0,CPA2028H
20250303,1259,491.10,491.10,491.10,491.10,0,CPA2028H
20250304,1259,486.65,486.65,486.65,486.65,0,CPA2028H
20250305,1259,510.60,510.60,510.60,510.60,0,CPA2028H
20250306,1259,512.05,512.05,512.05,512.05,0,CPA2028H
20250307,1259,503.95,503.95,503.95,503.95,0,CPA2028H
20250310,1259,501.05,501.05,501.05,501.05,0,CPA2028H
20250311,1259,511.40,511.40,511.40,511.40,0,CPA2028H
20250312,1259,520.30,520.30,520.30,520.30,0,CPA2028H
20250313,1259,528.35,528.35,528.35,528.35,0,CPA2028H
20250314,1259,525.65,525.65,525.65,525.65,0,CPA2028H
20250317,1259,532.35,532.35,532.35,532.35,0,CPA2028H
20250318,1259,538.90,538.90,538.90,538.90,0,CPA2028H
20250319,1259,546.35,546.35,546.35,546.35,0,CPA2028H
20250320,1259,547.95,547.95,547.95,547.95,0,CPA2028H
20250321,1259,548.55,548.55,548.55,548.55,0,CPA2028H
20250324,1259,546.20,546.20,546.20,546.20,0,CPA2028H
20250325,1259,557.30,557.30,557.30,557.30,0,CPA2028H
20250326,1259,551.30,551.30,551.30,551.30,0,CPA2028H
20250327,1259,539.05,539.05,539.05,539.05,0,CPA2028H
20250328,1259,543.35,543.35,543.35,543.35,0,CPA2028H
20250331,1259,535.55,535.55,535.55,535.55,0,CPA2028H
20250401,1259,536.65,536.65,536.65,536.65,0,CPA2028H
20250402,1259,537.05,537.05,537.05,537.05,0,CPA2028H
20250403,1259,517.70,517.70,517.70,517.70,0,CPA2028H
20250404,1259,478.85,478.85,478.85,478.85,0,CPA2028H
20250407,1259,459.15,459.15,459.15,459.15,0,CPA2028H
20250408,1259,455.85,455.85,455.85,455.85,0,CPA2028H
20250409,1259,460.55,460.55,460.55,460.55,0,CPA2028H
20250410,1259,474.25,474.25,474.25,474.25,0,CPA2028H
20250411,1259,492.80,492.80,492.80,492.80,0,CPA2028H
20250414,1259,504.60,504.60,504.60,504.60,0,CPA2028H
20250415,1259,504.15,504.15,504.15,504.15,0,CPA2028H
20250416,1259,509.75,509.75,509.75,509.75,0,CPA2028H
20250417,1259,514.45,514.45,514.45,514.45,0,CPA2028H
20250421,1259,513.55,513.55,513.55,513.55,0,CPA2028H
20250422,1259,527.40,527.40,527.40,527.40,0,CPA2028H
20250423,1259,524.70,524.70,524.70,524.70,0,CPA2028H
20250424,1259,526.50,526.50,526.50,526.50,0,CPA2028H
20250425,1259,524.95,524.95,524.95,524.95,0,CPA2028H
20250428,1259,523.55,523.55,523.55,523.55,0,CPA2028H
20250429,1259,522.40,522.40,522.40,522.40,0,CPA2028H
20250430,1259,498.45,498.45,498.45,498.45,0,CPA2028H
20250501,1259,500.95,500.95,500.95,500.95,0,CPA2028H
20250502,1259,507.25,507.25,507.25,507.25,0,CPA2028H
20250505,1259,511.05,511.05,511.05,511.05,0,CPA2028H
20250506,1259,519.00,519.00,519.00,519.00,0,CPA2028H
20250507,1259,508.65,508.65,508.65,508.65,0,CPA2028H
20250508,1259,502.95,502.95,502.95,502.95,0,CPA2028H
20250509,1259,507.95,507.95,507.95,507.95,0,CPA2028H
20250512,1259,505.20,505.20,505.20,505.20,0,CPA2028H
20250513,1259,515.10,515.10,515.10,515.10,0,CPA2028H
20250514,1259,508.40,508.40,508.40,508.40,0,CPA2028H
20250515,1259,510.60,510.60,510.60,510.60,0,CPA2028H
20250516,1259,501.90,501.90,501.90,501.90,0,CPA2028H
20250519,1259,509.50,509.50,509.50,509.50,0,CPA2028H
20250520,1259,507.90,507.90,507.90,507.90,0,CPA2028H
20250521,1259,508.75,508.75,508.75,508.75,0,CPA2028H
20250522,1259,509.25,509.25,509.25,509.25,0,CPA2028H
20250523,1259,525.15,525.15,525.15,525.15,0,CPA2028H
20250527,1259,516.45,516.45,516.45,516.45,0,CPA2028H
20250528,1259,511.40,511.40,511.40,511.40,0,CPA2028H
20250529,1259,511.95,511.95,511.95,511.95,0,CPA2028H
20250530,1259,511.35,511.35,511.35,511.35,0,CPA2028H
20250602,1259,529.10,529.10,529.10,529.10,0,CPA2028H
20250603,1259,527.25,527.25,527.25,527.25,0,CPA2028H
20250604,1259,531.75,531.75,531.75,531.75,0,CPA2028H
20250605,1259,536.25,536.25,536.25,536.25,0,CPA2028H
20250606,1259,528.75,528.75,528.75,528.75,0,CPA2028H
20250609,1259,535.95,535.95,535.95,535.95,0,CPA2028H
20250610,1259,532.65,532.65,532.65,532.65,0,CPA2028H
20250611,1259,525.00,525.00,525.00,525.00,0,CPA2028H
20250612,1259,527.05,527.05,527.05,527.05,0,CPA2028H
20250613,1259,525.40,525.40,525.40,525.40,0,CPA2028H
20250616,1259,528.20,528.20,528.20,528.20,0,CPA2028H
20250617,1259,525.00,525.00,525.00,525.00,0,CPA2028H
20250618,1259,528.95,528.95,528.95,528.95,0,CPA2028H
20250620,1259,526.60,526.60,526.60,526.60,0,CPA2028H
20250623,1259,527.95,527.95,527.95,527.95,0,CPA2028H
20250624,1259,530.95,530.95,530.95,530.95,0,CPA2028H
20250625,1259,535.85,535.85,535.85,535.85,0,CPA2028H
20250626,1259,550.40,550.40,550.40,550.40,0,CPA2028H
20250627,1259,550.85,550.85,550.85,550.85,0,CPA2028H
20250630,1259,546.30,546.30,546.30,546.30,0,CPA2028H
20250701,1259,548.45,548.45,548.45,548.45,0,CPA2028H
20250702,1259,557.85,557.85,557.85,557.85,0,CPA2028H
20250703,1259,552.55,552.55,552.55,552.55,0,CPA2028H
20250703,2212,550.00,550.00,550.00,550.00,1,CPA2028H
20250703,2252,550.00,550.00,550.00,550.00,1,CPA2028H
20250707,1259,541.00,541.00,541.00,541.00,0,CPA2028H
20250708,1259,606.90,606.90,606.90,606.90,0,CPA2028H
20250709,1259,578.45,578.45,578.45,578.45,0,CPA2028H
20250710,1259,590.20,590.20,590.20,590.20,0,CPA2028H
20250711,1259,591.90,591.90,591.90,591.90,0,CPA2028H
20250714,1259,586.85,586.85,586.85,586.85,0,CPA2028H
20250715,1259,589.40,589.40,589.40,589.40,0,CPA2028H
20250716,1259,584.85,584.85,584.85,584.85,0,CPA2028H
20250717,1259,583.85,583.85,583.85,583.85,0,CPA2028H
20250718,1259,592.90,592.90,592.90,592.90,0,CPA2028H
20250721,1259,595.80,595.80,595.80,595.80,0,CPA2028H
20250722,1259,603.80,603.80,603.80,603.80,0,CPA2028H
20250723,1259,612.80,612.80,612.80,612.80,0,CPA2028H
20250724,1259,612.60,612.60,612.60,612.60,0,CPA2028H
20250725,1259,610.65,610.65,610.65,610.65,0,CPA2028H
20250728,1259,599.70,599.70,599.70,599.70,0,CPA2028H
20250729,1259,594.05,594.05,594.05,594.05,0,CPA2028H
20250730,1259,590.35,590.35,590.35,590.35,0,CPA2028H
20250731,1259,474.80,474.80,474.80,474.80,0,CPA2028H
20250801,1259,481.95,481.95,481.95,481.95,0,CPA2028H
20250804,1259,481.65,481.65,481.65,481.65,0,CPA2028H
20250805,1259,477.25,477.25,477.25,477.25,0,CPA2028H
20250806,1259,480.70,480.70,480.70,480.70,0,CPA2028H
20250807,1259,480.50,480.50,480.50,480.50,0,CPA2028H
