Date,Time,Open,High,Low,Close,TradeVolume,Contract
20241030,1259,456.80,456.80,456.80,456.80,0,CPA2026V
20241031,1259,456.25,456.25,456.25,456.25,0,CPA2026V
20241101,1259,459.65,459.65,459.65,459.65,0,CPA2026V
20241104,1259,464.65,464.65,464.65,464.65,0,CPA2026V
20241105,1259,469.05,469.05,469.05,469.05,0,CPA2026V
20241106,1259,448.55,448.55,448.55,448.55,0,CPA2026V
20241107,1259,465.45,465.45,465.45,465.45,0,CPA2026V
20241108,1259,454.45,454.45,454.45,454.45,0,CPA2026V
20241111,1259,446.80,446.80,446.80,446.80,0,CPA2026V
20241112,1259,440.90,440.90,440.90,440.90,0,CPA2026V
20241113,1259,433.75,433.75,433.75,433.75,0,CPA2026V
20241114,1259,433.60,433.60,433.60,433.60,0,CPA2026V
20241115,1259,430.15,430.15,430.15,430.15,0,CPA2026V
20241118,1259,435.55,435.55,435.55,435.55,0,CPA2026V
20241119,1259,436.80,436.80,436.80,436.80,0,CPA2026V
20241120,1259,437.00,437.00,437.00,437.00,0,CPA2026V
20241121,1259,434.90,434.90,434.90,434.90,0,CPA2026V
20241122,1259,431.80,431.80,431.80,431.80,0,CPA2026V
20241125,1259,434.70,434.70,434.70,434.70,0,CPA2026V
20241126,1259,431.20,431.20,431.20,431.20,0,CPA2026V
20241127,1259,433.05,433.05,433.05,433.05,0,CPA2026V
20241129,1259,433.25,433.25,433.25,433.25,0,CPA2026V
20241202,1259,432.95,432.95,432.95,432.95,0,CPA2026V
20241203,1259,439.70,439.70,439.70,439.70,0,CPA2026V
20241204,1259,439.65,439.65,439.65,439.65,0,CPA2026V
20241205,1259,438.20,438.20,438.20,438.20,0,CPA2026V
20241206,1259,438.00,438.00,438.00,438.00,0,CPA2026V
20241209,1259,445.55,445.55,445.55,445.55,0,CPA2026V
20241210,1259,444.80,444.80,444.80,444.80,0,CPA2026V
20241211,1259,443.05,443.05,443.05,443.05,0,CPA2026V
20241212,1259,441.35,441.35,441.35,441.35,0,CPA2026V
20241213,1259,436.85,436.85,436.85,436.85,0,CPA2026V
20241216,1259,436.55,436.55,436.55,436.55,0,CPA2026V
20241217,1259,433.80,433.80,433.80,433.80,0,CPA2026V
20241218,1259,435.05,435.05,435.05,435.05,0,CPA2026V
20241219,1259,427.70,427.70,427.70,427.70,0,CPA2026V
20241220,1259,429.50,429.50,429.50,429.50,0,CPA2026V
20241223,1259,428.25,428.25,428.25,428.25,0,CPA2026V
20241224,1159,430.05,430.05,430.05,430.05,0,CPA2026V
20241226,1259,432.05,432.05,432.05,432.05,0,CPA2026V
20241227,1259,431.25,431.25,431.25,431.25,0,CPA2026V
20241230,1259,427.50,427.50,427.50,427.50,0,CPA2026V
20241231,1259,420.25,420.25,420.25,420.25,0,CPA2026V
20250102,1259,420.50,420.50,420.50,420.50,0,CPA2026V
20250103,1259,424.50,424.50,424.50,424.50,0,CPA2026V
20250106,1259,432.10,432.10,432.10,432.10,0,CPA2026V
20250107,1259,436.40,436.40,436.40,436.40,0,CPA2026V
20250108,1259,440.90,440.90,440.90,440.90,0,CPA2026V
20250109,1259,444.55,444.55,444.55,444.55,0,CPA2026V
20250110,1259,442.70,442.70,442.70,442.70,0,CPA2026V
20250113,1259,447.25,447.25,447.25,447.25,0,CPA2026V
20250114,1259,449.75,449.75,449.75,449.75,0,CPA2026V
20250115,1259,453.40,453.40,453.40,453.40,0,CPA2026V
20250116,1259,459.00,459.00,459.00,459.00,0,CPA2026V
20250117,1259,452.30,452.30,452.30,452.30,0,CPA2026V
20250121,1259,451.15,451.15,451.15,451.15,0,CPA2026V
20250122,1259,448.35,448.35,448.35,448.35,0,CPA2026V
20250123,1259,450.55,450.55,450.55,450.55,0,CPA2026V
20250124,1259,451.70,451.70,451.70,451.70,0,CPA2026V
20250127,1259,444.20,444.20,444.20,444.20,0,CPA2026V
20250128,1259,444.55,444.55,444.55,444.55,0,CPA2026V
20250129,1259,447.80,447.80,447.80,447.80,0,CPA2026V
20250130,1259,452.25,452.25,452.25,452.25,0,CPA2026V
20250131,1259,449.30,449.30,449.30,449.30,0,CPA2026V
20250203,1259,451.20,451.20,451.20,451.20,0,CPA2026V
20250204,1259,455.75,455.75,455.75,455.75,0,CPA2026V
20250205,1259,464.00,464.00,464.00,464.00,0,CPA2026V
20250206,1259,466.80,466.80,466.80,466.80,0,CPA2026V
20250207,1259,479.35,479.35,479.35,479.35,0,CPA2026V
20250210,1259,489.75,489.75,489.75,489.75,0,CPA2026V
20250211,1259,479.70,479.70,479.70,479.70,0,CPA2026V
20250212,1259,491.80,491.80,491.80,491.80,0,CPA2026V
20250213,1259,499.60,499.60,499.60,499.60,0,CPA2026V
20250214,1259,488.60,488.60,488.60,488.60,0,CPA2026V
20250218,1259,483.25,483.25,483.25,483.25,0,CPA2026V
20250219,1259,480.15,480.15,480.15,480.15,0,CPA2026V
20250220,1259,484.85,484.85,484.85,484.85,0,CPA2026V
20250221,1259,480.65,480.65,480.65,480.65,0,CPA2026V
20250224,1259,475.65,475.65,475.65,475.65,0,CPA2026V
20250225,1259,472.20,472.20,472.20,472.20,0,CPA2026V
20250226,1259,478.45,478.45,478.45,478.45,0,CPA2026V
20250227,1259,481.45,481.45,481.45,481.45,0,CPA2026V
20250228,1259,475.00,475.00,475.00,475.00,0,CPA2026V
20250303,1259,482.50,482.50,482.50,482.50,0,CPA2026V
20250304,1259,477.95,477.95,477.95,477.95,0,CPA2026V
20250305,1259,502.00,502.00,502.00,502.00,0,CPA2026V
20250306,1259,502.70,502.70,502.70,502.70,0,CPA2026V
20250307,1259,494.55,494.55,494.55,494.55,0,CPA2026V
20250310,1259,491.35,491.35,491.35,491.35,0,CPA2026V
20250311,1259,501.45,501.45,501.45,501.45,0,CPA2026V
20250312,1259,510.35,510.35,510.35,510.35,0,CPA2026V
20250313,1259,518.05,518.05,518.05,518.05,0,CPA2026V
20250314,1259,515.35,515.35,515.35,515.35,0,CPA2026V
20250317,1259,522.05,522.05,522.05,522.05,0,CPA2026V
20250318,1259,528.60,528.60,528.60,528.60,0,CPA2026V
20250319,1259,536.15,536.15,536.15,536.15,0,CPA2026V
20250320,1259,537.55,537.55,537.55,537.55,0,CPA2026V
20250321,1259,537.75,537.75,537.75,537.75,0,CPA2026V
20250324,1259,535.40,535.40,535.40,535.40,0,CPA2026V
20250325,1259,546.40,546.40,546.40,546.40,0,CPA2026V
20250326,1259,541.70,541.70,541.70,541.70,0,CPA2026V
20250327,1259,529.15,529.15,529.15,529.15,0,CPA2026V
20250328,1259,530.70,530.70,530.70,530.70,0,CPA2026V
20250331,1259,522.50,522.50,522.50,522.50,0,CPA2026V
20250331,1659,525.50,525.50,525.50,525.50,1,CPA2026V
20250331,1815,525.50,525.50,525.50,525.50,1,CPA2026V
20250401,1259,523.60,523.60,523.60,523.60,0,CPA2026V
20250402,1259,524.00,524.00,524.00,524.00,0,CPA2026V
20250403,1259,504.40,504.40,504.40,504.40,0,CPA2026V
20250404,1259,464.50,464.50,464.50,464.50,0,CPA2026V
20250407,1259,444.55,444.55,444.55,444.55,0,CPA2026V
20250408,1259,441.25,441.25,441.25,441.25,0,CPA2026V
20250409,1259,446.00,446.00,446.00,446.00,0,CPA2026V
20250410,1259,459.80,459.80,459.80,459.80,0,CPA2026V
20250411,1259,478.35,478.35,478.35,478.35,0,CPA2026V
20250414,1259,490.10,490.10,490.10,490.10,0,CPA2026V
20250415,1259,489.70,489.70,489.70,489.70,0,CPA2026V
20250416,1259,495.25,495.25,495.25,495.25,0,CPA2026V
20250417,1259,500.00,500.00,500.00,500.00,0,CPA2026V
20250421,1259,499.25,499.25,499.25,499.25,0,CPA2026V
20250422,1259,513.15,513.15,513.15,513.15,0,CPA2026V
20250423,1259,510.50,510.50,510.50,510.50,0,CPA2026V
20250424,1259,512.20,512.20,512.20,512.20,0,CPA2026V
20250425,1259,510.60,510.60,510.60,510.60,0,CPA2026V
20250428,1259,509.20,509.20,509.20,509.20,0,CPA2026V
20250429,1259,507.85,507.85,507.85,507.85,0,CPA2026V
20250430,1259,482.30,482.30,482.30,482.30,0,CPA2026V
20250501,1259,484.85,484.85,484.85,484.85,0,CPA2026V
20250502,1259,490.65,490.65,490.65,490.65,0,CPA2026V
20250502,1544,491.85,491.85,491.85,491.85,1,CPA2026V
20250505,1259,494.00,494.00,494.00,494.00,0,CPA2026V
20250506,1259,501.95,501.95,501.95,501.95,0,CPA2026V
20250507,1259,491.50,491.50,491.50,491.50,0,CPA2026V
20250508,1259,485.80,485.80,485.80,485.80,0,CPA2026V
20250509,1259,490.65,490.65,490.65,490.65,0,CPA2026V
20250512,1259,487.70,487.70,487.70,487.70,0,CPA2026V
20250513,1259,497.85,497.85,497.85,497.85,0,CPA2026V
20250514,1259,491.05,491.05,491.05,491.05,0,CPA2026V
20250515,1259,493.15,493.15,493.15,493.15,0,CPA2026V
20250516,1259,484.50,484.50,484.50,484.50,0,CPA2026V
20250519,1259,492.45,492.45,492.45,492.45,0,CPA2026V
20250520,1259,490.80,490.80,490.80,490.80,0,CPA2026V
20250521,1259,491.75,491.75,491.75,491.75,0,CPA2026V
20250522,1259,492.45,492.45,492.45,492.45,0,CPA2026V
20250523,1259,508.35,508.35,508.35,508.35,0,CPA2026V
20250527,1259,499.60,499.60,499.60,499.60,0,CPA2026V
20250528,1259,494.30,494.30,494.30,494.30,0,CPA2026V
20250529,1259,495.00,495.00,495.00,495.00,0,CPA2026V
20250529,1532,495.65,495.65,495.65,495.65,2,CPA2026V
20250530,1259,494.40,494.40,494.40,494.40,0,CPA2026V
20250602,1259,511.90,511.90,511.90,511.90,0,CPA2026V
20250603,1259,509.95,509.95,509.95,509.95,0,CPA2026V
20250604,1259,514.55,514.55,514.55,514.55,0,CPA2026V
20250605,1259,519.05,519.05,519.05,519.05,0,CPA2026V
20250606,1259,511.50,511.50,511.50,511.50,0,CPA2026V
20250609,1259,518.90,518.90,518.90,518.90,0,CPA2026V
20250610,1259,515.65,515.65,515.65,515.65,0,CPA2026V
20250611,1259,507.60,507.60,507.60,507.60,0,CPA2026V
20250612,1259,509.35,509.35,509.35,509.35,0,CPA2026V
20250613,1259,507.60,507.60,507.60,507.60,0,CPA2026V
20250616,1259,510.40,510.40,510.40,510.40,0,CPA2026V
20250617,1259,507.25,507.25,507.25,507.25,0,CPA2026V
20250618,1259,511.35,511.35,511.35,511.35,0,CPA2026V
20250620,1259,508.95,508.95,508.95,508.95,0,CPA2026V
20250623,1259,510.40,510.40,510.40,510.40,0,CPA2026V
20250624,1259,513.05,513.05,513.05,513.05,0,CPA2026V
20250625,1259,517.90,517.90,517.90,517.90,0,CPA2026V
20250626,1259,532.50,532.50,532.50,532.50,0,CPA2026V
20250627,1259,532.80,532.80,532.80,532.80,0,CPA2026V
20250630,1259,528.30,528.30,528.30,528.30,0,CPA2026V
20250701,1239,528.60,528.70,528.60,528.70,2,CPA2026V
20250701,1259,530.35,530.35,530.35,530.35,0,CPA2026V
20250702,1259,540.70,540.70,540.70,540.70,0,CPA2026V
20250703,1259,535.35,535.35,535.35,535.35,0,CPA2026V
20250707,1259,523.90,523.90,523.90,523.90,0,CPA2026V
20250708,1259,589.90,589.90,589.90,589.90,0,CPA2026V
20250709,1259,563.05,563.05,563.05,563.05,0,CPA2026V
20250710,1259,574.75,574.75,574.75,574.75,0,CPA2026V
20250711,1259,576.55,576.55,576.55,576.55,0,CPA2026V
20250714,1259,571.50,571.50,571.50,571.50,0,CPA2026V
20250715,1259,574.00,574.00,574.00,574.00,0,CPA2026V
20250716,1259,568.60,568.60,568.60,568.60,0,CPA2026V
20250717,1259,567.15,567.15,567.15,567.15,0,CPA2026V
20250718,1259,576.25,576.25,576.25,576.25,0,CPA2026V
20250718,1634,575.10,575.10,575.10,575.10,1,CPA2026V
20250718,1635,575.20,575.20,575.20,575.20,1,CPA2026V
20250721,1259,579.35,579.35,579.35,579.35,0,CPA2026V
20250722,1259,587.60,587.60,587.60,587.60,0,CPA2026V
20250723,1259,596.60,596.60,596.60,596.60,0,CPA2026V
20250724,1259,596.25,596.25,596.25,596.25,0,CPA2026V
20250725,1259,594.15,594.15,594.15,594.15,0,CPA2026V
20250728,0809,595.60,595.60,595.60,595.60,2,CPA2026V
20250728,1259,577.30,577.30,577.30,577.30,0,CPA2026V
20250729,1259,578.95,578.95,578.95,578.95,0,CPA2026V
20250730,1259,574.50,574.50,574.50,574.50,0,CPA2026V
20250731,1259,457.20,457.20,457.20,457.20,0,CPA2026V
20250801,1259,464.20,464.20,464.20,464.20,0,CPA2026V
20250804,1259,463.90,463.90,463.90,463.90,0,CPA2026V
20250805,1259,459.20,459.20,459.20,459.20,0,CPA2026V
20250806,1259,462.35,462.35,462.35,462.35,0,CPA2026V
20250806,1807,463.35,463.35,463.35,463.35,2,CPA2026V
20250807,1259,461.80,461.80,461.80,461.80,0,CPA2026V
