Date,Time,Open,High,Low,Close,TradeVolume,Contract
20240627,1259,444.25,444.25,444.25,444.25,0,CPA2026M
20240628,1259,448.10,448.10,448.10,448.10,0,CPA2026M
20240701,1259,450.60,450.60,450.60,450.60,0,CPA2026M
20240702,1259,449.95,449.95,449.95,449.95,0,CPA2026M
20240703,1259,459.85,459.85,459.85,459.85,0,CPA2026M
20240705,1259,466.60,466.60,466.60,466.60,0,CPA2026M
20240708,1259,465.35,465.35,465.35,465.35,0,CPA2026M
20240709,1259,462.05,462.05,462.05,462.05,0,CPA2026M
20240710,1259,462.90,462.90,462.90,462.90,0,CPA2026M
20240711,1259,459.20,459.20,459.20,459.20,0,CPA2026M
20240712,1259,464.95,464.95,464.95,464.95,0,CPA2026M
20240715,1259,461.15,461.15,461.15,461.15,0,CPA2026M
20240716,1259,455.10,455.10,455.10,455.10,0,CPA2026M
20240717,1259,453.25,453.25,453.25,453.25,0,CPA2026M
20240718,1259,442.35,442.35,442.35,442.35,0,CPA2026M
20240719,1259,439.70,439.70,439.70,439.70,0,CPA2026M
20240722,1259,436.20,436.20,436.20,436.20,0,CPA2026M
20240723,1259,431.75,431.75,431.75,431.75,0,CPA2026M
20240724,1259,428.50,428.50,428.50,428.50,0,CPA2026M
20240725,1259,430.00,430.00,430.00,430.00,0,CPA2026M
20240726,1259,431.30,431.30,431.30,431.30,0,CPA2026M
20240729,1259,427.75,427.75,427.75,427.75,0,CPA2026M
20240730,1259,428.10,428.10,428.10,428.10,0,CPA2026M
20240731,1259,436.10,436.10,436.10,436.10,0,CPA2026M
20240801,1259,428.20,428.20,428.20,428.20,0,CPA2026M
20240802,1259,430.05,430.05,430.05,430.05,0,CPA2026M
20240805,1259,419.30,419.30,419.30,419.30,0,CPA2026M
20240806,1259,421.80,421.80,421.80,421.80,0,CPA2026M
20240807,1259,416.45,416.45,416.45,416.45,0,CPA2026M
20240808,1259,416.40,416.40,416.40,416.40,0,CPA2026M
20240809,1259,419.10,419.10,419.10,419.10,0,CPA2026M
20240812,1259,426.10,426.10,426.10,426.10,0,CPA2026M
20240813,1259,424.15,424.15,424.15,424.15,0,CPA2026M
20240814,1259,422.95,422.95,422.95,422.95,0,CPA2026M
20240815,1259,431.15,431.15,431.15,431.15,0,CPA2026M
20240816,1259,432.95,432.95,432.95,432.95,0,CPA2026M
20240819,1259,436.45,436.45,436.45,436.45,0,CPA2026M
20240820,1259,434.45,434.45,434.45,434.45,0,CPA2026M
20240821,1259,435.95,435.95,435.95,435.95,0,CPA2026M
20240822,1259,432.95,432.95,432.95,432.95,0,CPA2026M
20240823,1259,438.20,438.20,438.20,438.20,0,CPA2026M
20240826,1259,442.35,442.35,442.35,442.35,0,CPA2026M
20240827,1259,444.90,444.90,444.90,444.90,0,CPA2026M
20240828,1259,437.60,437.60,437.60,437.60,0,CPA2026M
20240829,1259,438.55,438.55,438.55,438.55,0,CPA2026M
20240830,1259,437.30,437.30,437.30,437.30,0,CPA2026M
20240903,1259,424.60,424.60,424.60,424.60,0,CPA2026M
20240904,1259,423.65,423.65,423.65,423.65,0,CPA2026M
20240905,1259,429.75,429.75,429.75,429.75,0,CPA2026M
20240906,1259,424.70,424.70,424.70,424.70,0,CPA2026M
20240909,1259,431.25,431.25,431.25,431.25,0,CPA2026M
20240910,1259,426.20,426.20,426.20,426.20,0,CPA2026M
20240911,1259,430.15,430.15,430.15,430.15,0,CPA2026M
20240912,1259,434.95,434.95,434.95,434.95,0,CPA2026M
20240913,1259,438.00,438.00,438.00,438.00,0,CPA2026M
20240916,1259,442.20,442.20,442.20,442.20,0,CPA2026M
20240917,1259,442.85,442.85,442.85,442.85,0,CPA2026M
20240918,1259,444.35,444.35,444.35,444.35,0,CPA2026M
20240919,1259,448.85,448.85,448.85,448.85,0,CPA2026M
20240920,1259,448.85,448.85,448.85,448.85,0,CPA2026M
20240923,1259,449.55,449.55,449.55,449.55,0,CPA2026M
20240924,1259,462.25,462.25,462.25,462.25,0,CPA2026M
20240925,1259,463.25,463.25,463.25,463.25,0,CPA2026M
20240926,1259,473.05,473.05,473.05,473.05,0,CPA2026M
20240926,1639,476.25,476.25,476.25,476.25,1,CPA2026M
20240927,1259,471.30,471.30,471.30,471.30,0,CPA2026M
20240930,1259,464.60,464.60,464.60,464.60,0,CPA2026M
20241001,1259,470.90,470.90,470.90,470.90,0,CPA2026M
20241002,1259,476.95,476.95,476.95,476.95,0,CPA2026M
20241003,1259,469.05,469.05,469.05,469.05,0,CPA2026M
20241004,1259,473.50,473.50,473.50,473.50,0,CPA2026M
20241007,1259,473.25,473.25,473.25,473.25,0,CPA2026M
20241008,1259,464.40,464.40,464.40,464.40,0,CPA2026M
20241009,1259,458.20,458.20,458.20,458.20,0,CPA2026M
20241010,1259,460.50,460.50,460.50,460.50,0,CPA2026M
20241011,1259,466.45,466.45,466.45,466.45,0,CPA2026M
20241014,1259,459.75,459.75,459.75,459.75,0,CPA2026M
20241015,1259,454.05,454.05,454.05,454.05,0,CPA2026M
20241016,1259,456.20,456.20,456.20,456.20,0,CPA2026M
20241017,1259,453.05,453.05,453.05,453.05,0,CPA2026M
20241018,1259,459.10,459.10,459.10,459.10,0,CPA2026M
20241021,1259,456.90,456.90,456.90,456.90,0,CPA2026M
20241022,1259,458.90,458.90,458.90,458.90,0,CPA2026M
20241023,1259,455.75,455.75,455.75,455.75,0,CPA2026M
20241024,1259,456.70,456.70,456.70,456.70,0,CPA2026M
20241025,1259,457.40,457.40,457.40,457.40,0,CPA2026M
20241028,1259,455.80,455.80,455.80,455.80,0,CPA2026M
20241029,1259,455.00,455.00,455.00,455.00,0,CPA2026M
20241030,1259,452.60,452.60,452.60,452.60,0,CPA2026M
20241031,1259,451.70,451.70,451.70,451.70,0,CPA2026M
20241101,1259,455.15,455.15,455.15,455.15,0,CPA2026M
20241104,1259,460.20,460.20,460.20,460.20,0,CPA2026M
20241105,1259,464.60,464.60,464.60,464.60,0,CPA2026M
20241106,1259,444.10,444.10,444.10,444.10,0,CPA2026M
20241107,1259,461.10,461.10,461.10,461.10,0,CPA2026M
20241108,1259,450.10,450.10,450.10,450.10,0,CPA2026M
20241111,1259,443.50,443.50,443.50,443.50,0,CPA2026M
20241112,1259,436.70,436.70,436.70,436.70,0,CPA2026M
20241113,1259,431.10,431.10,431.10,431.10,0,CPA2026M
20241114,1259,430.95,430.95,430.95,430.95,0,CPA2026M
20241115,1259,427.55,427.55,427.55,427.55,0,CPA2026M
20241115,1639,428.80,428.80,428.80,428.80,2,CPA2026M
20241118,1259,432.95,432.95,432.95,432.95,0,CPA2026M
20241119,1259,434.00,434.00,434.00,434.00,0,CPA2026M
20241120,1259,434.25,434.25,434.25,434.25,0,CPA2026M
20241121,1259,432.15,432.15,432.15,432.15,0,CPA2026M
20241122,1259,429.00,429.00,429.00,429.00,0,CPA2026M
20241125,1259,431.90,431.90,431.90,431.90,0,CPA2026M
20241126,1259,428.15,428.15,428.15,428.15,0,CPA2026M
20241127,1259,429.80,429.80,429.80,429.80,0,CPA2026M
20241129,1259,429.90,429.90,429.90,429.90,0,CPA2026M
20241202,1259,429.30,429.30,429.30,429.30,0,CPA2026M
20241203,1259,435.60,435.60,435.60,435.60,0,CPA2026M
20241204,1259,435.80,435.80,435.80,435.80,0,CPA2026M
20241205,1259,434.55,434.55,434.55,434.55,0,CPA2026M
20241206,1259,434.55,434.55,434.55,434.55,0,CPA2026M
20241209,1259,442.10,442.10,442.10,442.10,0,CPA2026M
20241210,1259,441.35,441.35,441.35,441.35,0,CPA2026M
20241211,1259,439.60,439.60,439.60,439.60,0,CPA2026M
20241212,1259,437.85,437.85,437.85,437.85,0,CPA2026M
20241213,1259,433.35,433.35,433.35,433.35,0,CPA2026M
20241216,1259,433.00,433.00,433.00,433.00,0,CPA2026M
20241217,1259,430.20,430.20,430.20,430.20,0,CPA2026M
20241218,1259,431.50,431.50,431.50,431.50,0,CPA2026M
20241219,1259,424.25,424.25,424.25,424.25,0,CPA2026M
20241220,1259,426.10,426.10,426.10,426.10,0,CPA2026M
20241223,1259,424.95,424.95,424.95,424.95,0,CPA2026M
20241224,1159,427.00,427.00,427.00,427.00,0,CPA2026M
20241226,1259,429.00,429.00,429.00,429.00,0,CPA2026M
20241227,1259,428.45,428.45,428.45,428.45,0,CPA2026M
20241230,1259,425.15,425.15,425.15,425.15,0,CPA2026M
20241231,1259,418.30,418.30,418.30,418.30,0,CPA2026M
20250102,1259,418.35,418.35,418.35,418.35,0,CPA2026M
20250103,1259,422.35,422.35,422.35,422.35,0,CPA2026M
20250106,1259,429.95,429.95,429.95,429.95,0,CPA2026M
20250106,1646,430.55,430.55,430.55,430.55,1,CPA2026M
20250107,1259,434.25,434.25,434.25,434.25,0,CPA2026M
20250108,1259,439.00,439.00,439.00,439.00,0,CPA2026M
20250109,1259,442.65,442.65,442.65,442.65,0,CPA2026M
20250110,1259,441.30,441.30,441.30,441.30,0,CPA2026M
20250113,1259,445.75,445.75,445.75,445.75,0,CPA2026M
20250114,1259,448.30,448.30,448.30,448.30,0,CPA2026M
20250115,1259,451.90,451.90,451.90,451.90,0,CPA2026M
20250116,1259,457.50,457.50,457.50,457.50,0,CPA2026M
20250117,1259,450.80,450.80,450.80,450.80,0,CPA2026M
20250121,0942,447.05,447.05,447.05,447.05,1,CPA2026M
20250121,1259,449.70,449.70,449.70,449.70,0,CPA2026M
20250122,1259,446.90,446.90,446.90,446.90,0,CPA2026M
20250123,1259,449.10,449.10,449.10,449.10,0,CPA2026M
20250124,1259,450.25,450.25,450.25,450.25,0,CPA2026M
20250127,0807,449.10,449.10,449.10,449.10,1,CPA2026M
20250127,1259,442.70,442.70,442.70,442.70,0,CPA2026M
20250128,1259,442.95,442.95,442.95,442.95,0,CPA2026M
20250129,1259,446.20,446.20,446.20,446.20,0,CPA2026M
20250130,1259,450.65,450.65,450.65,450.65,0,CPA2026M
20250131,1259,447.70,447.70,447.70,447.70,0,CPA2026M
20250203,1259,449.55,449.55,449.55,449.55,0,CPA2026M
20250204,1259,454.10,454.10,454.10,454.10,0,CPA2026M
20250205,1259,462.55,462.55,462.55,462.55,0,CPA2026M
20250206,1259,465.30,465.30,465.30,465.30,0,CPA2026M
20250207,1133,476.00,476.00,476.00,476.00,2,CPA2026M
20250207,1139,476.00,476.00,476.00,476.00,1,CPA2026M
20250207,1259,477.95,477.95,477.95,477.95,0,CPA2026M
20250210,1259,488.60,488.60,488.60,488.60,0,CPA2026M
20250211,0800,476.00,476.00,476.00,476.00,7,CPA2026M
20250211,1259,478.30,478.30,478.30,478.30,0,CPA2026M
20250212,1259,489.95,489.95,489.95,489.95,0,CPA2026M
20250213,1259,498.15,498.15,498.15,498.15,0,CPA2026M
20250214,1027,486.65,486.65,486.65,486.65,10,CPA2026M
20250214,1259,487.20,487.20,487.20,487.20,0,CPA2026M
20250218,1259,481.75,481.75,481.75,481.75,0,CPA2026M
20250219,1259,478.65,478.65,478.65,478.65,0,CPA2026M
20250220,1259,483.35,483.35,483.35,483.35,0,CPA2026M
20250221,1259,479.15,479.15,479.15,479.15,0,CPA2026M
20250224,1259,474.15,474.15,474.15,474.15,0,CPA2026M
20250224,1833,474.50,474.50,474.50,474.50,2,CPA2026M
20250225,1259,470.65,470.65,470.65,470.65,0,CPA2026M
20250226,1259,476.75,476.75,476.75,476.75,0,CPA2026M
20250227,1259,479.75,479.75,479.75,479.75,0,CPA2026M
20250228,1259,473.35,473.35,473.35,473.35,0,CPA2026M
20250303,1259,480.80,480.80,480.80,480.80,0,CPA2026M
20250304,1259,476.20,476.20,476.20,476.20,0,CPA2026M
20250305,1041,502.00,502.00,502.00,502.00,1,CPA2026M
20250305,1042,502.00,502.00,502.00,502.00,1,CPA2026M
20250305,1229,499.25,499.25,499.25,499.25,2,CPA2026M
20250305,1259,499.80,499.80,499.80,499.80,0,CPA2026M
20250306,0905,499.75,499.75,499.75,499.75,2,CPA2026M
20250306,1018,499.25,499.25,499.25,499.25,1,CPA2026M
20250306,1022,499.25,499.25,499.25,499.25,1,CPA2026M
20250306,1023,498.70,498.70,498.70,498.70,3,CPA2026M
20250306,1140,504.00,504.00,504.00,504.00,2,CPA2026M
20250306,1259,500.70,500.70,500.70,500.70,0,CPA2026M
20250307,1259,492.35,492.35,492.35,492.35,0,CPA2026M
20250310,1259,488.80,488.80,488.80,488.80,0,CPA2026M
20250311,1259,498.85,498.85,498.85,498.85,0,CPA2026M
20250312,1259,507.60,507.60,507.60,507.60,0,CPA2026M
20250313,1259,515.05,515.05,515.05,515.05,0,CPA2026M
20250314,1259,512.35,512.35,512.35,512.35,0,CPA2026M
20250317,1259,519.05,519.05,519.05,519.05,0,CPA2026M
20250318,1259,525.60,525.60,525.60,525.60,0,CPA2026M
20250319,1259,533.25,533.25,533.25,533.25,0,CPA2026M
20250320,1259,534.40,534.40,534.40,534.40,0,CPA2026M
20250321,1259,534.45,534.45,534.45,534.45,0,CPA2026M
20250324,1259,532.15,532.15,532.15,532.15,0,CPA2026M
20250325,1259,543.35,543.35,543.35,543.35,0,CPA2026M
20250326,1259,539.65,539.65,539.65,539.65,0,CPA2026M
20250327,1259,527.25,527.25,527.25,527.25,0,CPA2026M
20250328,1259,528.80,528.80,528.80,528.80,0,CPA2026M
20250331,1259,520.40,520.40,520.40,520.40,0,CPA2026M
20250331,1658,523.50,523.50,523.50,523.50,2,CPA2026M
20250401,1259,521.60,521.60,521.60,521.60,0,CPA2026M
20250402,1259,521.90,521.90,521.90,521.90,0,CPA2026M
20250403,1259,501.85,501.85,501.85,501.85,0,CPA2026M
20250404,1259,460.55,460.55,460.55,460.55,0,CPA2026M
20250407,1259,440.70,440.70,440.70,440.70,0,CPA2026M
20250408,1259,437.25,437.25,437.25,437.25,0,CPA2026M
20250409,1259,442.10,442.10,442.10,442.10,0,CPA2026M
20250409,1556,465.50,465.50,465.50,465.50,1,CPA2026M
20250409,1903,465.90,465.90,465.90,465.90,1,CPA2026M
20250410,1259,456.10,456.10,456.10,456.10,0,CPA2026M
20250411,1259,474.65,474.65,474.65,474.65,0,CPA2026M
20250414,1259,486.30,486.30,486.30,486.30,0,CPA2026M
20250415,1259,486.00,486.00,486.00,486.00,0,CPA2026M
20250416,1259,491.65,491.65,491.65,491.65,0,CPA2026M
20250417,1259,496.50,496.50,496.50,496.50,0,CPA2026M
20250421,1259,495.80,495.80,495.80,495.80,0,CPA2026M
20250421,1359,493.35,493.35,492.00,492.00,50,CPA2026M
20250421,1429,493.50,493.50,493.50,493.50,2,CPA2026M
20250422,1259,509.95,509.95,509.95,509.95,0,CPA2026M
20250423,1259,507.15,507.15,507.15,507.15,0,CPA2026M
20250424,1259,509.00,509.00,509.00,509.00,0,CPA2026M
20250424,1409,511.10,511.10,511.10,511.10,3,CPA2026M
20250424,1939,512.40,512.40,512.40,512.40,2,CPA2026M
20250425,1259,507.50,507.50,507.50,507.50,0,CPA2026M
20250428,1216,505.50,505.50,505.50,505.50,1,CPA2026M
20250428,1217,505.50,505.50,505.50,505.50,1,CPA2026M
20250428,1229,505.50,505.50,505.50,505.50,1,CPA2026M
20250428,1230,505.50,505.50,505.50,505.50,2,CPA2026M
20250428,1259,506.15,506.15,506.15,506.15,0,CPA2026M
20250429,1259,504.75,504.75,504.75,504.75,0,CPA2026M
20250430,1259,479.10,479.10,479.10,479.10,0,CPA2026M
20250501,1259,481.70,481.70,481.70,481.70,0,CPA2026M
20250501,1423,482.00,482.00,482.00,482.00,1,CPA2026M
20250501,1424,482.00,482.00,482.00,482.00,4,CPA2026M
20250501,1425,482.00,482.00,482.00,482.00,5,CPA2026M
20250502,1259,486.85,486.85,486.85,486.85,0,CPA2026M
20250505,1259,490.05,490.05,490.05,490.05,0,CPA2026M
20250506,1259,498.00,498.00,498.00,498.00,0,CPA2026M
20250507,1259,487.35,487.35,487.35,487.35,0,CPA2026M
20250508,1259,481.70,481.70,481.70,481.70,0,CPA2026M
20250509,1259,486.50,486.50,486.50,486.50,0,CPA2026M
20250509,1651,487.50,487.50,487.50,487.50,4,CPA2026M
20250509,1652,487.65,487.65,487.65,487.65,1,CPA2026M
20250512,1259,483.65,483.65,483.65,483.65,0,CPA2026M
20250513,1259,493.80,493.80,493.80,493.80,0,CPA2026M
20250514,1219,487.25,487.25,487.25,487.25,2,CPA2026M
20250514,1220,487.25,487.25,487.25,487.25,3,CPA2026M
20250514,1221,487.25,487.25,487.25,487.25,4,CPA2026M
20250514,1225,487.25,487.25,487.25,487.25,2,CPA2026M
20250514,1227,487.25,487.25,487.25,487.25,4,CPA2026M
20250514,1259,487.00,487.00,487.00,487.00,0,CPA2026M
20250515,0936,485.40,485.40,485.40,485.40,1,CPA2026M
20250515,1259,489.35,489.35,489.35,489.35,0,CPA2026M
20250516,1259,480.75,480.75,480.75,480.75,0,CPA2026M
20250519,1259,488.80,488.80,488.80,488.80,0,CPA2026M
20250519,1559,488.00,488.00,488.00,488.00,1,CPA2026M
20250519,1614,488.60,488.60,488.60,488.60,1,CPA2026M
20250519,1616,488.60,488.60,488.60,488.60,1,CPA2026M
20250520,1259,487.10,487.10,487.10,487.10,0,CPA2026M
20250521,1259,488.40,488.40,488.40,488.40,0,CPA2026M
20250522,1209,488.60,488.60,488.60,488.60,2,CPA2026M
20250522,1211,489.40,489.40,489.40,489.40,8,CPA2026M
20250522,1212,489.40,489.40,489.40,489.40,5,CPA2026M
20250522,1259,489.00,489.00,489.00,489.00,0,CPA2026M
20250523,1110,499.00,499.00,499.00,499.00,6,CPA2026M
20250523,1111,499.00,499.00,499.00,499.00,2,CPA2026M
20250523,1259,504.75,504.75,504.75,504.75,0,CPA2026M
20250527,1259,495.85,495.85,495.85,495.85,0,CPA2026M
20250528,1259,490.35,490.35,490.35,490.35,0,CPA2026M
20250529,1219,489.70,489.70,489.70,489.70,3,CPA2026M
20250529,1259,491.05,491.05,491.05,491.05,0,CPA2026M
20250529,1437,490.80,490.80,490.80,490.80,3,CPA2026M
20250529,1527,490.95,490.95,490.95,490.95,2,CPA2026M
20250530,1259,490.55,490.55,490.55,490.55,0,CPA2026M
20250602,1259,507.85,507.85,507.85,507.85,0,CPA2026M
20250602,2116,504.00,504.00,504.00,504.00,1,CPA2026M
20250603,1259,505.70,505.70,505.70,505.70,0,CPA2026M
20250603,1807,508.85,508.85,508.85,508.85,1,CPA2026M
20250604,1259,510.45,510.45,510.45,510.45,0,CPA2026M
20250605,1116,518.05,518.05,518.05,518.05,1,CPA2026M
20250605,1259,514.85,514.85,514.85,514.85,0,CPA2026M
20250606,1259,507.30,507.30,507.30,507.30,0,CPA2026M
20250609,1259,514.85,514.85,514.85,514.85,0,CPA2026M
20250610,1259,511.60,511.60,511.60,511.60,0,CPA2026M
20250611,0507,500.00,500.00,500.00,500.00,1,CPA2026M
20250611,1259,503.10,503.10,503.10,503.10,0,CPA2026M
20250612,1259,505.15,505.15,505.15,505.15,0,CPA2026M
20250613,0612,495.00,495.00,495.00,495.00,1,CPA2026M
20250613,1259,503.20,503.20,503.20,503.20,0,CPA2026M
20250616,1259,505.95,505.95,505.95,505.95,0,CPA2026M
20250617,1259,502.80,502.80,502.80,502.80,0,CPA2026M
20250618,1259,506.90,506.90,506.90,506.90,0,CPA2026M
20250618,1615,506.75,506.75,506.75,506.75,1,CPA2026M
20250618,1819,507.70,507.70,507.70,507.70,2,CPA2026M
20250620,1259,504.55,504.55,504.55,504.55,0,CPA2026M
20250623,1259,506.25,506.25,506.25,506.25,0,CPA2026M
20250624,1259,508.90,508.90,508.90,508.90,0,CPA2026M
20250625,1259,513.70,513.70,513.70,513.70,0,CPA2026M
20250626,1259,528.40,528.40,528.40,528.40,0,CPA2026M
20250627,1259,528.60,528.60,528.60,528.60,0,CPA2026M
20250630,1259,524.05,524.05,524.05,524.05,0,CPA2026M
20250701,1239,525.00,525.00,525.00,525.00,1,CPA2026M
20250701,1259,526.05,526.05,526.05,526.05,0,CPA2026M
20250702,1118,535.75,535.75,535.75,535.75,3,CPA2026M
20250702,1119,535.75,535.75,535.75,535.75,1,CPA2026M
20250702,1259,536.30,536.30,536.30,536.30,0,CPA2026M
20250703,1259,530.90,530.90,530.90,530.90,0,CPA2026M
20250703,1332,530.45,530.45,530.45,530.45,1,CPA2026M
20250707,1259,519.45,519.45,519.45,519.45,0,CPA2026M
20250708,1259,585.35,585.35,585.35,585.35,0,CPA2026M
20250708,2156,571.10,571.10,571.10,571.10,1,CPA2026M
20250709,1259,560.40,560.40,560.40,560.40,0,CPA2026M
20250710,1259,571.85,571.85,571.85,571.85,0,CPA2026M
20250711,1259,573.75,573.75,573.75,573.75,0,CPA2026M
20250714,1259,568.70,568.70,568.70,568.70,0,CPA2026M
20250714,1336,568.60,568.60,568.60,568.60,1,CPA2026M
20250715,1259,571.20,571.20,571.20,571.20,0,CPA2026M
20250716,1055,561.90,561.90,561.90,561.90,4,CPA2026M
20250716,1259,565.85,565.85,565.85,565.85,0,CPA2026M
20250717,1259,564.40,564.40,564.40,564.40,0,CPA2026M
20250718,1259,573.55,573.55,573.55,573.55,0,CPA2026M
20250718,1634,572.35,572.35,572.35,572.35,1,CPA2026M
20250721,1259,576.65,576.65,576.65,576.65,0,CPA2026M
20250722,1259,585.05,585.05,585.05,585.05,0,CPA2026M
20250723,1259,594.25,594.25,594.25,594.25,0,CPA2026M
20250724,1259,593.70,593.70,593.70,593.70,0,CPA2026M
20250724,1459,597.15,597.15,597.15,597.15,1,CPA2026M
20250725,1222,588.60,588.60,588.60,588.60,1,CPA2026M
20250725,1226,590.20,590.20,590.20,590.20,2,CPA2026M
20250725,1259,591.75,591.75,591.75,591.75,0,CPA2026M
20250728,0804,593.00,593.00,593.00,593.00,1,CPA2026M
20250728,1259,574.75,574.75,574.75,574.75,0,CPA2026M
20250729,1259,576.25,576.25,576.25,576.25,0,CPA2026M
20250730,1259,571.80,571.80,571.80,571.80,0,CPA2026M
20250730,1400,593.75,593.75,593.75,593.75,1,CPA2026M
20250730,1443,478.70,478.70,478.70,478.70,1,CPA2026M
20250730,1445,477.70,477.70,477.70,477.70,1,CPA2026M
20250730,1530,472.85,472.85,472.85,472.85,1,CPA2026M
20250730,1638,480.40,481.40,480.40,481.40,10,CPA2026M
20250730,2000,480.00,480.00,480.00,480.00,1,CPA2026M
20250731,0212,458.90,458.90,458.90,458.90,1,CPA2026M
20250731,0233,455.00,455.00,455.00,455.00,1,CPA2026M
20250731,0243,453.00,453.00,453.00,453.00,1,CPA2026M
20250731,0312,454.00,454.00,454.00,454.00,1,CPA2026M
20250731,0733,453.90,453.90,453.90,453.90,1,CPA2026M
20250731,0936,454.00,454.00,454.00,454.00,1,CPA2026M
20250731,1024,453.75,453.75,453.75,453.75,1,CPA2026M
20250731,1229,452.90,452.90,452.90,452.90,1,CPA2026M
20250731,1259,452.70,452.70,452.70,452.70,0,CPA2026M
20250801,1259,459.60,459.60,459.60,459.60,0,CPA2026M
20250804,1259,459.20,459.20,459.20,459.20,0,CPA2026M
20250805,1259,454.20,454.20,454.20,454.20,0,CPA2026M
20250805,1815,454.50,454.50,454.50,454.50,1,CPA2026M
20250806,0433,457.00,457.30,457.00,457.30,5,CPA2026M
20250806,0621,457.30,457.30,457.30,457.30,1,CPA2026M
20250806,0712,457.60,457.60,457.60,457.60,1,CPA2026M
20250806,1002,457.00,457.00,457.00,457.00,1,CPA2026M
20250806,1004,456.50,456.50,456.50,456.50,1,CPA2026M
20250806,1259,457.30,457.30,457.30,457.30,0,CPA2026M
20250806,1812,458.20,458.25,458.20,458.25,7,CPA2026M
20250807,0739,458.30,458.30,458.30,458.30,4,CPA2026M
20250807,1259,456.35,456.35,456.35,456.35,0,CPA2026M
