Date,Time,Open,High,Low,Close,TradeVolume,Contract
20231129,1259,400.35,400.35,400.35,400.35,0,CPA2025X
20231130,1259,402.30,402.30,402.30,402.30,0,CPA2025X
20231201,1259,408.85,408.85,408.85,408.85,0,CPA2025X
20231204,1259,401.50,401.50,401.50,401.50,0,CPA2025X
20231205,1259,395.55,395.55,395.55,395.55,0,CPA2025X
20231206,1259,391.05,391.05,391.05,391.05,0,CPA2025X
20231207,1259,396.75,396.75,396.75,396.75,0,CPA2025X
20231208,1259,398.25,398.25,398.25,398.25,0,CPA2025X
20231211,1259,393.85,393.85,393.85,393.85,0,CPA2025X
20231212,1259,392.85,392.85,392.85,392.85,0,CPA2025X
20231213,1259,391.95,391.95,391.95,391.95,0,CPA2025X
20231214,1259,400.90,400.90,400.90,400.90,0,CPA2025X
20231215,1259,399.95,399.95,399.95,399.95,0,CPA2025X
20231218,1259,396.60,396.60,396.60,396.60,0,CPA2025X
20231219,1259,400.05,400.05,400.05,400.05,0,CPA2025X
20231220,1259,400.65,400.65,400.65,400.65,0,CPA2025X
20231221,1259,402.05,402.05,402.05,402.05,0,CPA2025X
20231222,1259,400.85,400.85,400.85,400.85,0,CPA2025X
20231226,1259,401.35,401.35,401.35,401.35,0,CPA2025X
20231227,1259,406.25,406.25,406.25,406.25,0,CPA2025X
20231228,1259,402.85,402.85,402.85,402.85,0,CPA2025X
20231229,1259,399.75,399.75,399.75,399.75,0,CPA2025X
20240102,1259,398.80,398.80,398.80,398.80,0,CPA2025X
20240103,1259,396.70,396.70,396.70,396.70,0,CPA2025X
20240104,1259,394.75,394.75,394.75,394.75,0,CPA2025X
20240105,1259,392.40,392.40,392.40,392.40,0,CPA2025X
20240108,1259,393.95,393.95,393.95,393.95,0,CPA2025X
20240109,1259,389.90,389.90,389.90,389.90,0,CPA2025X
20240110,1259,391.20,391.20,391.20,391.20,0,CPA2025X
20240111,1259,389.40,389.40,389.40,389.40,0,CPA2025X
20240112,1259,386.55,386.55,386.55,386.55,0,CPA2025X
20240116,1259,388.70,388.70,388.70,388.70,0,CPA2025X
20240117,1259,385.30,385.30,385.30,385.30,0,CPA2025X
20240118,1259,386.75,386.75,386.75,386.75,0,CPA2025X
20240119,1259,390.35,390.35,390.35,390.35,0,CPA2025X
20240122,1259,388.65,388.65,388.65,388.65,0,CPA2025X
20240123,1259,390.85,390.85,390.85,390.85,0,CPA2025X
20240124,1259,399.20,399.20,399.20,399.20,0,CPA2025X
20240125,1259,398.70,398.70,398.70,398.70,0,CPA2025X
20240126,1259,397.45,397.45,397.45,397.45,0,CPA2025X
20240129,1259,399.85,399.85,399.85,399.85,0,CPA2025X
20240130,1259,401.45,401.45,401.45,401.45,0,CPA2025X
20240131,1259,400.90,400.90,400.90,400.90,0,CPA2025X
20240201,1259,396.60,396.60,396.60,396.60,0,CPA2025X
20240202,1259,394.75,394.75,394.75,394.75,0,CPA2025X
20240205,1259,390.90,390.90,390.90,390.90,0,CPA2025X
20240206,1259,391.60,391.60,391.60,391.60,0,CPA2025X
20240207,1259,387.80,387.80,387.80,387.80,0,CPA2025X
20240208,1259,383.85,383.85,383.85,383.85,0,CPA2025X
20240209,1259,381.55,381.55,381.55,381.55,0,CPA2025X
20240212,1259,385.10,385.10,385.10,385.10,0,CPA2025X
20240213,1259,383.50,383.50,383.50,383.50,0,CPA2025X
20240214,1259,381.15,381.15,381.15,381.15,0,CPA2025X
20240215,1259,385.50,385.50,385.50,385.50,0,CPA2025X
20240216,1259,393.30,393.30,393.30,393.30,0,CPA2025X
20240220,1259,395.25,395.25,395.25,395.25,0,CPA2025X
20240221,1259,396.45,396.45,396.45,396.45,0,CPA2025X
20240222,1259,399.60,399.60,399.60,399.60,0,CPA2025X
20240223,1259,398.80,398.80,398.80,398.80,0,CPA2025X
20240226,1259,391.70,391.70,391.70,391.70,0,CPA2025X
20240227,1259,392.95,392.95,392.95,392.95,0,CPA2025X
20240228,1259,391.25,391.25,391.25,391.25,0,CPA2025X
20240229,1259,391.70,391.70,391.70,391.70,0,CPA2025X
20240301,1259,393.40,393.40,393.40,393.40,0,CPA2025X
20240304,1259,393.30,393.30,393.30,393.30,0,CPA2025X
20240305,1259,392.45,392.45,392.45,392.45,0,CPA2025X
20240306,1259,395.05,395.05,395.05,395.05,0,CPA2025X
20240307,1259,399.85,399.85,399.85,399.85,0,CPA2025X
20240308,1259,396.80,396.80,396.80,396.80,0,CPA2025X
20240311,1259,400.20,400.20,400.20,400.20,0,CPA2025X
20240312,1259,400.55,400.55,400.55,400.55,0,CPA2025X
20240313,1259,411.55,411.55,411.55,411.55,0,CPA2025X
20240314,1259,411.50,411.50,411.50,411.50,0,CPA2025X
20240315,1259,419.80,419.80,419.80,419.80,0,CPA2025X
20240318,1259,420.40,420.40,420.40,420.40,0,CPA2025X
20240319,1259,415.75,415.75,415.75,415.75,0,CPA2025X
20240320,1259,413.85,413.85,413.85,413.85,0,CPA2025X
20240321,1259,415.85,415.85,415.85,415.85,0,CPA2025X
20240322,1259,411.05,411.05,411.05,411.05,0,CPA2025X
20240325,1259,412.55,412.55,412.55,412.55,0,CPA2025X
20240326,1259,412.05,412.05,412.05,412.05,0,CPA2025X
20240327,1259,411.55,411.55,411.55,411.55,0,CPA2025X
20240328,1259,412.85,412.85,412.85,412.85,0,CPA2025X
20240401,1259,417.10,417.10,417.10,417.10,0,CPA2025X
20240402,1259,419.55,419.55,419.55,419.55,0,CPA2025X
20240402,1434,421.00,421.00,421.00,421.00,1,CPA2025X
20240402,1436,421.35,421.55,421.35,421.55,2,CPA2025X
20240402,1439,422.85,422.85,422.85,422.85,1,CPA2025X
20240402,1441,424.40,424.40,424.40,424.40,1,CPA2025X
20240403,1259,432.30,432.30,432.30,432.30,0,CPA2025X
20240404,1259,437.40,437.40,437.40,437.40,0,CPA2025X
20240404,1533,433.75,433.75,433.75,433.75,2,CPA2025X
20240405,1259,436.25,436.25,436.25,436.25,0,CPA2025X
20240408,1259,439.20,439.20,439.20,439.20,0,CPA2025X
20240409,1259,439.90,439.90,439.90,439.90,0,CPA2025X
20240410,1259,438.70,438.70,438.70,438.70,0,CPA2025X
20240411,1259,437.50,437.50,437.50,437.50,0,CPA2025X
20240412,1259,438.10,438.10,438.10,438.10,0,CPA2025X
20240415,1259,445.75,445.75,445.75,445.75,0,CPA2025X
20240416,1259,438.60,438.60,438.60,438.60,0,CPA2025X
20240417,1259,441.10,441.10,441.10,441.10,0,CPA2025X
20240418,1259,451.45,451.45,451.45,451.45,0,CPA2025X
20240419,1259,456.90,456.90,456.90,456.90,0,CPA2025X
20240422,1259,455.00,455.00,455.00,455.00,0,CPA2025X
20240423,1259,450.25,450.25,450.25,450.25,0,CPA2025X
20240424,1259,452.40,452.40,452.40,452.40,0,CPA2025X
20240425,1259,457.80,457.80,457.80,457.80,0,CPA2025X
20240426,1259,462.35,462.35,462.35,462.35,0,CPA2025X
20240429,1259,471.00,471.00,471.00,471.00,0,CPA2025X
20240430,1259,460.75,460.75,460.75,460.75,0,CPA2025X
20240501,1259,458.05,458.05,458.05,458.05,0,CPA2025X
20240502,1259,452.50,452.50,452.50,452.50,0,CPA2025X
20240503,1259,459.35,459.35,459.35,459.35,0,CPA2025X
20240506,1259,464.75,464.75,464.75,464.75,0,CPA2025X
20240507,1259,464.45,464.45,464.45,464.45,0,CPA2025X
20240508,1259,458.90,458.90,458.90,458.90,0,CPA2025X
20240509,1259,460.80,460.80,460.80,460.80,0,CPA2025X
20240510,1259,462.05,462.05,462.05,462.05,0,CPA2025X
20240513,1259,468.90,468.90,468.90,468.90,0,CPA2025X
20240514,1259,462.20,462.20,462.20,462.20,0,CPA2025X
20240515,1259,470.30,470.30,470.30,470.30,0,CPA2025X
20240516,1259,474.95,474.95,474.95,474.95,0,CPA2025X
20240517,1259,488.75,488.75,488.75,488.75,0,CPA2025X
20240520,1259,496.95,496.95,496.95,496.95,0,CPA2025X
20240521,1259,497.15,497.15,497.15,497.15,0,CPA2025X
20240522,1259,478.05,478.05,478.05,478.05,0,CPA2025X
20240523,1259,475.95,475.95,475.95,475.95,0,CPA2025X
20240523,1558,475.70,475.70,475.70,475.70,1,CPA2025X
20240524,1259,474.45,474.45,474.45,474.45,0,CPA2025X
20240528,1259,485.15,485.15,485.15,485.15,0,CPA2025X
20240528,1655,489.00,489.00,489.00,489.00,2,CPA2025X
20240528,1656,489.50,489.50,489.50,489.50,2,CPA2025X
20240528,2100,487.00,487.00,487.00,487.00,1,CPA2025X
20240529,0614,487.00,487.00,487.00,487.00,1,CPA2025X
20240529,1259,482.20,482.20,482.20,482.20,0,CPA2025X
20240530,1259,468.95,468.95,468.95,468.95,0,CPA2025X
20240531,1259,465.75,465.75,465.75,465.75,0,CPA2025X
20240603,1259,470.65,470.65,470.65,470.65,0,CPA2025X
20240604,1259,458.20,458.20,458.20,458.20,0,CPA2025X
20240605,1259,460.30,460.30,460.30,460.30,0,CPA2025X
20240606,1259,468.40,468.40,468.40,468.40,0,CPA2025X
20240606,1636,468.90,468.90,468.90,468.90,3,CPA2025X
20240607,1259,453.50,453.50,453.50,453.50,0,CPA2025X
20240607,1526,453.05,453.05,453.05,453.05,2,CPA2025X
20240610,1259,459.25,459.25,459.25,459.25,0,CPA2025X
20240611,1259,453.30,453.30,453.30,453.30,0,CPA2025X
20240612,1259,459.60,459.60,459.60,459.60,0,CPA2025X
20240613,1259,452.95,452.95,452.95,452.95,0,CPA2025X
20240614,1259,452.30,452.30,452.30,452.30,0,CPA2025X
20240617,1259,448.65,448.65,448.65,448.65,0,CPA2025X
20240618,1259,451.25,451.25,451.25,451.25,0,CPA2025X
20240620,1116,457.00,457.00,457.00,457.00,1,CPA2025X
20240620,1122,457.15,457.15,457.15,457.15,1,CPA2025X
20240620,1259,457.55,457.55,457.55,457.55,0,CPA2025X
20240621,1259,449.95,449.95,449.95,449.95,0,CPA2025X
20240624,1259,448.70,448.70,448.70,448.70,0,CPA2025X
20240625,1259,444.40,444.40,444.40,444.40,0,CPA2025X
20240626,1259,444.55,444.55,444.55,444.55,0,CPA2025X
20240627,1259,443.50,443.50,443.50,443.50,0,CPA2025X
20240628,1259,447.35,447.35,447.35,447.35,0,CPA2025X
20240701,1259,449.75,449.75,449.75,449.75,0,CPA2025X
20240702,1259,449.10,449.10,449.10,449.10,0,CPA2025X
20240703,1259,459.00,459.00,459.00,459.00,0,CPA2025X
20240705,1259,465.75,465.75,465.75,465.75,0,CPA2025X
20240708,1259,464.50,464.50,464.50,464.50,0,CPA2025X
20240709,1259,461.20,461.20,461.20,461.20,0,CPA2025X
20240710,1259,462.05,462.05,462.05,462.05,0,CPA2025X
20240711,1259,457.05,457.05,457.05,457.05,0,CPA2025X
20240712,1259,462.80,462.80,462.80,462.80,0,CPA2025X
20240715,1259,458.95,458.95,458.95,458.95,0,CPA2025X
20240716,1259,453.10,453.10,453.10,453.10,0,CPA2025X
20240717,1259,451.10,451.10,451.10,451.10,0,CPA2025X
20240718,1259,439.65,439.65,439.65,439.65,0,CPA2025X
20240719,1259,435.65,435.65,435.65,435.65,0,CPA2025X
20240722,1259,432.20,432.20,432.20,432.20,0,CPA2025X
20240723,1259,427.75,427.75,427.75,427.75,0,CPA2025X
20240724,1259,424.35,424.35,424.35,424.35,0,CPA2025X
20240725,1259,425.85,425.85,425.85,425.85,0,CPA2025X
20240726,1259,426.95,426.95,426.95,426.95,0,CPA2025X
20240729,1259,423.40,423.40,423.40,423.40,0,CPA2025X
20240730,1259,423.80,423.80,423.80,423.80,0,CPA2025X
20240731,1259,432.40,432.40,432.40,432.40,0,CPA2025X
20240731,1826,434.50,434.50,434.50,434.50,1,CPA2025X
20240801,1259,424.80,424.80,424.80,424.80,0,CPA2025X
20240802,1259,426.60,426.60,426.60,426.60,0,CPA2025X
20240805,1259,415.70,415.70,415.70,415.70,0,CPA2025X
20240806,1259,418.25,418.25,418.25,418.25,0,CPA2025X
20240807,1237,412.45,412.45,412.45,412.45,1,CPA2025X
20240807,1239,412.85,412.85,412.85,412.85,1,CPA2025X
20240807,1259,412.30,412.30,412.30,412.30,0,CPA2025X
20240808,1259,412.35,412.35,412.35,412.35,0,CPA2025X
20240809,1259,415.05,415.05,415.05,415.05,0,CPA2025X
20240812,1259,422.05,422.05,422.05,422.05,0,CPA2025X
20240813,1259,420.15,420.15,420.15,420.15,0,CPA2025X
20240814,1259,418.70,418.70,418.70,418.70,0,CPA2025X
20240814,2311,421.70,421.70,421.70,421.70,1,CPA2025X
20240815,1259,427.70,427.70,427.70,427.70,0,CPA2025X
20240816,1259,429.45,429.45,429.45,429.45,0,CPA2025X
20240819,1259,432.95,432.95,432.95,432.95,0,CPA2025X
20240820,1259,431.00,431.00,431.00,431.00,0,CPA2025X
20240821,1259,432.65,432.65,432.65,432.65,0,CPA2025X
20240822,1259,429.55,429.55,429.55,429.55,0,CPA2025X
20240823,1259,434.90,434.90,434.90,434.90,0,CPA2025X
20240826,1259,439.05,439.05,439.05,439.05,0,CPA2025X
20240827,1259,441.65,441.65,441.65,441.65,0,CPA2025X
20240827,2039,441.65,441.65,441.65,441.65,1,CPA2025X
20240828,1259,434.25,434.25,434.25,434.25,0,CPA2025X
20240829,1259,435.10,435.10,435.10,435.10,0,CPA2025X
20240830,1259,433.80,433.80,433.80,433.80,0,CPA2025X
20240903,1259,421.00,421.00,421.00,421.00,0,CPA2025X
20240904,1259,420.05,420.05,420.05,420.05,0,CPA2025X
20240905,1259,426.15,426.15,426.15,426.15,0,CPA2025X
20240906,1259,420.70,420.70,420.70,420.70,0,CPA2025X
20240909,1259,427.60,427.60,427.60,427.60,0,CPA2025X
20240910,1259,422.75,422.75,422.75,422.75,0,CPA2025X
20240911,1259,426.75,426.75,426.75,426.75,0,CPA2025X
20240912,1259,431.75,431.75,431.75,431.75,0,CPA2025X
20240912,1849,433.75,433.75,433.75,433.75,1,CPA2025X
20240912,1850,433.85,433.85,433.85,433.85,1,CPA2025X
20240913,0801,432.50,432.50,432.50,432.50,1,CPA2025X
20240913,1259,434.90,434.90,434.90,434.90,0,CPA2025X
20240916,1259,439.05,439.05,439.05,439.05,0,CPA2025X
20240917,1259,439.70,439.70,439.70,439.70,0,CPA2025X
20240918,1227,441.70,441.70,441.70,441.70,1,CPA2025X
20240918,1259,441.20,441.20,441.20,441.20,0,CPA2025X
20240919,1259,445.75,445.75,445.75,445.75,0,CPA2025X
20240919,1510,446.35,446.35,446.35,446.35,2,CPA2025X
20240919,1616,446.50,446.50,446.50,446.50,2,CPA2025X
20240920,1259,446.05,446.05,446.05,446.05,0,CPA2025X
20240923,0926,448.30,448.30,448.30,448.30,2,CPA2025X
20240923,1259,446.80,446.80,446.80,446.80,0,CPA2025X
20240923,1637,447.25,447.25,447.25,447.25,1,CPA2025X
20240924,1259,459.75,459.75,459.75,459.75,0,CPA2025X
20240925,1259,460.55,460.55,460.55,460.55,0,CPA2025X
20240926,1259,471.70,471.70,471.70,471.70,0,CPA2025X
20240927,1259,469.35,469.35,469.35,469.35,0,CPA2025X
20240930,1259,462.70,462.70,462.70,462.70,0,CPA2025X
20241001,1259,468.45,468.75,468.45,468.75,7,CPA2025X
20241001,1300,468.45,468.45,468.45,468.45,1,CPA2025X
20241002,1259,474.65,474.65,474.65,474.65,0,CPA2025X
20241003,1259,466.40,466.40,466.40,466.40,0,CPA2025X
20241004,1259,469.40,469.40,469.40,469.40,0,CPA2025X
20241007,1259,468.95,468.95,468.95,468.95,0,CPA2025X
20241008,1122,459.00,459.00,459.00,459.00,1,CPA2025X
20241008,1259,459.25,459.25,459.25,459.25,0,CPA2025X
20241009,1259,453.20,453.20,453.20,453.20,0,CPA2025X
20241010,1259,455.50,455.50,455.50,455.50,0,CPA2025X
20241011,1259,461.65,461.65,461.65,461.65,0,CPA2025X
20241014,1259,454.45,454.45,454.45,454.45,0,CPA2025X
20241015,1259,448.35,448.35,448.35,448.35,0,CPA2025X
20241016,1259,450.55,450.55,450.55,450.55,0,CPA2025X
20241017,1259,447.20,447.20,447.20,447.20,0,CPA2025X
20241018,1259,453.15,453.15,453.15,453.15,0,CPA2025X
20241021,1259,450.75,450.75,450.75,450.75,0,CPA2025X
20241022,1259,452.65,452.65,452.65,452.65,0,CPA2025X
20241023,1259,449.20,449.20,449.20,449.20,0,CPA2025X
20241024,1259,450.20,450.20,450.20,450.20,0,CPA2025X
20241025,1259,451.05,451.05,451.05,451.05,0,CPA2025X
20241028,1259,450.05,450.05,450.05,450.05,0,CPA2025X
20241029,1259,449.35,449.35,449.35,449.35,0,CPA2025X
20241030,1259,448.60,448.60,448.60,448.60,0,CPA2025X
20241031,1259,447.50,447.50,447.50,447.50,0,CPA2025X
20241101,1259,450.90,450.90,450.90,450.90,0,CPA2025X
20241104,1058,456.50,456.50,456.50,456.50,1,CPA2025X
20241104,1259,456.00,456.00,456.00,456.00,0,CPA2025X
20241105,1259,459.80,459.80,459.80,459.80,0,CPA2025X
20241106,1045,441.75,441.75,441.75,441.75,1,CPA2025X
20241106,1259,438.90,438.90,438.90,438.90,0,CPA2025X
20241107,1100,456.15,456.15,456.15,456.15,1,CPA2025X
20241107,1134,454.70,454.70,454.70,454.70,1,CPA2025X
20241107,1259,456.25,456.25,456.25,456.25,0,CPA2025X
20241107,1402,456.70,456.70,456.70,456.70,1,CPA2025X
20241108,1259,445.00,445.00,445.00,445.00,0,CPA2025X
20241111,1201,439.45,439.45,439.45,439.45,1,CPA2025X
20241111,1259,437.80,437.80,437.80,437.80,0,CPA2025X
20241112,0848,434.30,434.30,434.30,434.30,1,CPA2025X
20241112,1259,429.35,429.35,429.35,429.35,0,CPA2025X
20241113,1259,423.70,423.70,423.70,423.70,0,CPA2025X
20241113,1628,423.40,423.40,423.40,423.40,2,CPA2025X
20241113,1629,423.80,423.80,423.80,423.80,3,CPA2025X
20241114,1259,423.65,423.65,423.65,423.65,0,CPA2025X
20241115,1259,420.45,420.45,420.45,420.45,0,CPA2025X
20241115,1631,421.00,421.00,421.00,421.00,1,CPA2025X
20241115,1634,421.25,421.25,421.25,421.25,2,CPA2025X
20241118,1259,425.90,425.90,425.90,425.90,0,CPA2025X
20241119,1259,427.35,427.35,427.35,427.35,0,CPA2025X
20241120,1259,427.80,427.80,427.80,427.80,0,CPA2025X
20241121,1259,425.65,425.65,425.65,425.65,0,CPA2025X
20241122,1120,423.60,423.60,423.60,423.60,1,CPA2025X
20241122,1259,422.50,422.50,422.50,422.50,0,CPA2025X
20241125,1259,425.25,425.25,425.25,425.25,0,CPA2025X
20241126,1259,421.45,421.45,421.45,421.45,0,CPA2025X
20241127,1259,423.05,423.05,423.05,423.05,0,CPA2025X
20241129,1259,423.30,423.30,423.30,423.30,0,CPA2025X
20241202,1259,422.70,422.70,422.70,422.70,0,CPA2025X
20241202,1857,424.95,424.95,424.95,424.95,1,CPA2025X
20241202,1903,425.10,425.10,425.10,425.10,1,CPA2025X
20241203,1259,429.25,429.25,429.25,429.25,0,CPA2025X
20241203,1638,429.25,429.25,429.25,429.25,2,CPA2025X
20241204,1259,429.60,429.60,429.60,429.60,0,CPA2025X
20241205,1259,428.65,428.65,428.65,428.65,0,CPA2025X
20241206,1259,428.65,428.65,428.65,428.65,0,CPA2025X
20241209,1259,436.35,436.35,436.35,436.35,0,CPA2025X
20241209,1520,435.00,435.00,435.00,435.00,1,CPA2025X
20241209,1656,435.30,435.30,435.30,435.30,1,CPA2025X
20241210,1259,435.75,435.75,435.75,435.75,0,CPA2025X
20241211,1259,434.25,434.25,434.25,434.25,0,CPA2025X
20241212,1259,432.45,432.45,432.45,432.45,0,CPA2025X
20241213,1259,427.90,427.90,427.90,427.90,0,CPA2025X
20241216,1259,427.50,427.50,427.50,427.50,0,CPA2025X
20241217,1259,424.60,424.60,424.60,424.60,0,CPA2025X
20241218,1259,426.05,426.05,426.05,426.05,0,CPA2025X
20241219,1259,418.50,418.50,418.50,418.50,0,CPA2025X
20241219,1427,419.35,419.35,419.35,419.35,1,CPA2025X
20241220,1259,420.45,420.45,420.45,420.45,0,CPA2025X
20241222,1802,420.85,420.85,420.85,420.85,2,CPA2025X
20241223,1259,419.40,419.40,419.40,419.40,0,CPA2025X
20241224,1159,421.75,421.75,421.75,421.75,0,CPA2025X
20241226,1259,423.75,423.75,423.75,423.75,0,CPA2025X
20241227,1259,423.40,423.40,423.40,423.40,0,CPA2025X
20241230,1259,420.70,420.70,420.70,420.70,0,CPA2025X
20241231,1259,414.40,414.40,414.40,414.40,0,CPA2025X
20250102,1116,413.10,413.10,413.10,413.10,2,CPA2025X
20250102,1259,414.10,414.10,414.10,414.10,0,CPA2025X
20250103,1259,418.15,418.15,418.15,418.15,0,CPA2025X
20250106,1259,425.85,425.85,425.85,425.85,0,CPA2025X
20250106,1640,425.55,425.55,425.55,425.55,1,CPA2025X
20250107,1259,429.75,429.75,429.75,429.75,0,CPA2025X
20250107,1810,428.60,428.60,428.60,428.60,1,CPA2025X
20250108,1259,435.00,435.00,435.00,435.00,0,CPA2025X
20250109,1027,440.45,440.45,440.45,440.45,2,CPA2025X
20250109,1259,439.30,439.30,439.30,439.30,0,CPA2025X
20250110,1156,437.50,437.50,437.50,437.50,2,CPA2025X
20250110,1259,438.55,438.55,438.55,438.55,0,CPA2025X
20250110,1300,439.00,439.15,439.00,439.15,4,CPA2025X
20250110,1411,436.80,436.80,436.80,436.80,1,CPA2025X
20250110,1605,438.00,438.00,438.00,438.00,2,CPA2025X
20250110,1651,438.50,438.50,438.50,438.50,2,CPA2025X
20250113,1259,442.05,442.05,442.05,442.05,0,CPA2025X
20250114,1259,444.45,444.45,444.45,444.45,0,CPA2025X
20250115,0936,447.75,447.75,447.75,447.75,1,CPA2025X
20250115,1259,448.10,448.10,448.10,448.10,0,CPA2025X
20250116,1259,453.60,453.60,453.60,453.60,0,CPA2025X
20250117,1259,447.00,447.00,447.00,447.00,0,CPA2025X
20250121,0943,442.25,442.25,442.25,442.25,6,CPA2025X
20250121,1259,445.45,445.45,445.45,445.45,0,CPA2025X
20250122,1259,442.40,442.40,442.40,442.40,0,CPA2025X
20250123,1259,444.60,444.60,444.60,444.60,0,CPA2025X
20250124,1259,445.40,445.40,445.40,445.40,0,CPA2025X
20250124,1650,445.20,445.20,445.20,445.20,1,CPA2025X
20250127,1259,437.30,437.30,437.30,437.30,0,CPA2025X
20250128,1259,437.95,437.95,437.95,437.95,0,CPA2025X
20250129,1259,441.15,441.15,441.15,441.15,0,CPA2025X
20250129,1610,441.75,441.75,441.75,441.75,2,CPA2025X
20250129,1613,441.95,441.95,441.95,441.95,2,CPA2025X
20250130,1259,445.00,445.00,445.00,445.00,0,CPA2025X
20250131,1259,441.80,441.80,441.80,441.80,0,CPA2025X
20250203,1259,443.75,443.75,443.75,443.75,0,CPA2025X
20250204,1131,448.40,448.40,448.40,448.40,2,CPA2025X
20250204,1259,448.15,448.15,448.15,448.15,0,CPA2025X
20250205,0802,449.50,449.50,449.50,449.50,1,CPA2025X
20250205,1259,456.85,456.85,456.85,456.85,0,CPA2025X
20250205,1539,456.90,456.90,456.90,456.90,1,CPA2025X
20250205,1657,456.70,456.70,456.70,456.70,4,CPA2025X
20250206,1259,459.35,459.35,459.35,459.35,0,CPA2025X
20250207,0413,464.05,464.05,464.05,464.05,18,CPA2025X
20250207,1042,472.50,472.50,472.50,472.50,2,CPA2025X
20250207,1109,472.40,472.40,472.40,472.40,2,CPA2025X
20250207,1110,472.40,472.40,472.40,472.40,2,CPA2025X
20250207,1259,472.10,472.10,472.10,472.10,0,CPA2025X
20250210,1259,483.10,483.10,483.10,483.10,0,CPA2025X
20250211,1025,470.15,470.15,470.15,470.15,2,CPA2025X
20250211,1259,472.70,472.70,472.70,472.70,0,CPA2025X
20250212,1259,483.90,483.90,483.90,483.90,0,CPA2025X
20250213,1259,492.10,492.10,492.10,492.10,0,CPA2025X
20250214,1259,481.10,481.10,481.10,481.10,0,CPA2025X
20250218,1028,471.45,471.45,471.45,471.45,30,CPA2025X
20250218,1259,475.40,475.40,475.40,475.40,0,CPA2025X
20250219,1250,472.90,472.90,472.90,472.90,2,CPA2025X
20250219,1259,472.45,472.45,472.45,472.45,0,CPA2025X
20250220,0933,477.60,477.60,477.60,477.60,3,CPA2025X
20250220,0941,477.70,477.70,477.70,477.70,9,CPA2025X
20250220,0948,478.15,478.20,478.15,478.20,4,CPA2025X
20250220,1259,477.40,477.40,477.40,477.40,0,CPA2025X
20250220,1421,477.10,477.15,477.10,477.15,2,CPA2025X
20250221,1259,473.00,473.00,473.00,473.00,0,CPA2025X
20250224,1053,467.85,467.85,467.85,467.85,1,CPA2025X
20250224,1259,467.75,467.75,467.75,467.75,0,CPA2025X
20250224,1807,467.75,467.75,467.75,467.75,2,CPA2025X
20250225,1259,464.30,464.30,464.30,464.30,0,CPA2025X
20250226,0859,474.55,474.55,474.55,474.55,1,CPA2025X
20250226,1259,470.25,470.25,470.25,470.25,0,CPA2025X
20250227,0840,477.45,477.45,477.45,477.45,1,CPA2025X
20250227,1019,472.45,472.45,472.45,472.45,1,CPA2025X
20250227,1259,473.05,473.05,473.05,473.05,0,CPA2025X
20250227,1505,471.85,471.85,471.85,471.85,6,CPA2025X
20250227,1523,471.40,471.40,471.40,471.40,1,CPA2025X
20250228,0802,468.50,468.50,468.50,468.50,3,CPA2025X
20250228,1259,466.55,466.55,466.55,466.55,0,CPA2025X
20250228,1303,466.95,466.95,466.95,466.95,1,CPA2025X
20250302,1802,471.90,471.90,471.90,471.90,1,CPA2025X
20250303,1155,474.65,474.65,474.65,474.65,1,CPA2025X
20250303,1259,473.10,473.10,473.10,473.10,0,CPA2025X
20250304,1259,468.25,468.25,468.25,468.25,0,CPA2025X
20250305,1259,491.50,491.50,491.50,491.50,0,CPA2025X
20250306,1259,492.40,492.40,492.40,492.40,0,CPA2025X
20250306,1334,492.70,492.70,492.70,492.70,2,CPA2025X
20250307,1204,483.00,483.00,483.00,483.00,1,CPA2025X
20250307,1259,483.80,483.80,483.80,483.80,0,CPA2025X
20250307,1604,484.40,484.40,484.40,484.40,3,CPA2025X
20250307,1611,484.15,484.15,484.15,484.15,1,CPA2025X
20250309,1800,482.20,482.20,482.20,482.20,1,CPA2025X
20250310,1259,479.60,479.60,479.60,479.60,0,CPA2025X
20250311,1259,489.40,489.40,489.40,489.40,0,CPA2025X
20250311,1837,492.90,492.90,492.90,492.90,2,CPA2025X
20250312,1259,497.80,497.80,497.80,497.80,0,CPA2025X
20250313,1259,505.35,505.35,505.35,505.35,0,CPA2025X
20250313,1803,505.25,505.25,505.25,505.25,5,CPA2025X
20250314,0802,506.70,506.70,506.70,506.70,2,CPA2025X
20250314,1259,502.70,502.70,502.70,502.70,0,CPA2025X
20250317,1259,509.30,509.30,509.30,509.30,0,CPA2025X
20250317,1319,510.45,510.45,510.45,510.45,1,CPA2025X
20250317,1327,510.15,510.15,510.15,510.15,1,CPA2025X
20250317,1558,511.25,511.25,511.25,511.25,1,CPA2025X
20250317,1654,511.60,511.60,511.60,511.60,3,CPA2025X
20250318,1259,515.15,515.15,515.15,515.15,0,CPA2025X
20250318,1658,513.75,513.85,513.75,513.85,4,CPA2025X
20250319,1014,521.00,521.20,521.00,521.05,9,CPA2025X
20250319,1259,523.10,523.10,523.10,523.10,0,CPA2025X
20250320,1259,524.30,524.30,524.30,524.30,0,CPA2025X
20250320,1439,523.45,523.45,523.45,523.45,2,CPA2025X
20250321,0556,517.10,517.10,517.10,517.10,1,CPA2025X
20250321,1025,518.80,518.80,518.80,518.80,3,CPA2025X
20250321,1259,524.35,524.35,524.35,524.35,0,CPA2025X
20250324,1026,524.85,524.85,524.85,524.85,1,CPA2025X
20250324,1259,522.15,522.15,522.15,522.15,0,CPA2025X
20250325,1259,533.80,533.80,533.80,533.80,0,CPA2025X
20250325,2117,541.60,541.60,541.60,541.60,1,CPA2025X
20250326,1259,534.25,534.25,534.25,534.25,0,CPA2025X
20250326,2116,530.40,530.40,530.40,530.40,2,CPA2025X
20250327,1259,521.90,521.90,521.90,521.90,0,CPA2025X
20250328,1158,523.90,523.90,523.90,523.90,1,CPA2025X
20250328,1259,523.35,523.35,523.35,523.35,0,CPA2025X
20250331,1259,514.60,514.60,514.60,514.60,0,CPA2025X
20250401,1259,515.30,515.30,515.30,515.30,0,CPA2025X
20250402,1259,515.65,515.65,515.65,515.65,0,CPA2025X
20250402,1640,512.90,512.90,512.90,512.90,1,CPA2025X
20250403,1259,494.75,494.75,494.75,494.75,0,CPA2025X
20250404,1259,452.10,452.10,452.10,452.10,0,CPA2025X
20250406,1802,430.00,430.00,428.00,428.00,5,CPA2025X
20250406,2317,452.15,452.15,452.15,452.15,1,CPA2025X
20250407,0154,447.30,447.30,447.30,447.30,1,CPA2025X
20250407,0737,454.30,454.95,454.30,454.95,2,CPA2025X
20250407,0842,430.50,430.50,430.50,430.50,1,CPA2025X
20250407,1013,453.75,453.75,453.75,453.75,1,CPA2025X
20250407,1259,431.80,431.80,431.80,431.80,0,CPA2025X
20250407,1302,436.35,436.35,436.35,436.35,1,CPA2025X
20250408,0245,444.90,444.90,444.90,444.90,1,CPA2025X
20250408,0703,437.10,437.10,437.10,437.10,1,CPA2025X
20250408,1041,434.00,434.00,434.00,434.00,1,CPA2025X
20250408,1045,434.00,434.00,434.00,434.00,2,CPA2025X
20250408,1259,427.85,427.85,427.85,427.85,0,CPA2025X
20250409,0328,434.25,434.25,434.25,434.25,1,CPA2025X
20250409,1259,432.75,432.75,432.75,432.75,0,CPA2025X
20250409,1321,445.05,445.05,445.05,445.05,1,CPA2025X
20250409,1333,452.30,452.30,452.30,452.30,1,CPA2025X
20250409,1336,454.05,454.05,454.05,454.05,1,CPA2025X
20250409,1533,458.95,458.95,458.95,458.95,1,CPA2025X
20250409,1537,456.35,456.35,456.35,456.35,1,CPA2025X
20250409,1858,456.00,456.00,456.00,456.00,1,CPA2025X
20250409,1915,454.35,454.35,454.35,454.35,1,CPA2025X
20250410,0324,449.30,449.30,449.30,449.30,1,CPA2025X
20250410,1227,444.75,444.75,444.75,444.75,1,CPA2025X
20250410,1259,446.95,446.95,446.95,446.95,0,CPA2025X
20250411,0805,459.45,459.45,459.45,459.45,1,CPA2025X
20250411,1259,465.65,465.65,465.65,465.65,0,CPA2025X
20250413,2257,466.60,466.60,466.60,466.60,1,CPA2025X
20250414,0824,471.20,471.20,471.20,471.20,1,CPA2025X
20250414,0953,470.20,470.20,470.20,470.20,1,CPA2025X
20250414,1216,473.20,473.20,473.20,473.20,2,CPA2025X
20250414,1259,476.70,476.70,476.70,476.70,0,CPA2025X
20250415,1042,476.95,476.95,476.95,476.95,1,CPA2025X
20250415,1259,476.75,476.75,476.75,476.75,0,CPA2025X
20250416,1259,482.50,482.50,482.50,482.50,0,CPA2025X
20250417,0234,472.40,472.40,472.40,472.40,1,CPA2025X
20250417,1259,487.55,487.55,487.55,487.55,0,CPA2025X
20250417,1408,485.35,485.35,485.35,485.35,1,CPA2025X
20250421,1259,486.80,486.80,486.55,486.55,1,CPA2025X
20250421,1359,484.55,484.55,484.55,484.55,1,CPA2025X
20250421,1614,486.40,486.40,486.40,486.40,3,CPA2025X
20250421,1615,486.40,486.40,486.40,486.40,1,CPA2025X
20250421,1814,487.55,487.55,487.55,487.55,1,CPA2025X
20250422,0422,487.05,487.05,487.05,487.05,1,CPA2025X
20250422,1015,494.65,494.65,494.65,494.65,1,CPA2025X
20250422,1259,501.15,501.15,501.15,501.15,0,CPA2025X
20250423,0952,499.45,499.45,499.45,499.45,1,CPA2025X
20250423,1152,497.60,497.60,497.60,497.60,1,CPA2025X
20250423,1259,498.05,498.05,498.05,498.05,0,CPA2025X
20250424,1259,499.90,499.90,499.90,499.90,0,CPA2025X
20250424,1932,503.10,503.10,503.10,503.10,3,CPA2025X
20250425,1154,498.20,498.20,498.20,498.20,1,CPA2025X
20250425,1226,499.30,499.30,499.30,499.30,4,CPA2025X
20250425,1259,498.30,498.30,498.30,498.30,0,CPA2025X
20250428,1259,497.50,497.50,497.50,497.50,0,CPA2025X
20250429,1259,496.00,496.00,496.00,496.00,0,CPA2025X
20250429,1301,495.80,495.80,495.80,495.80,2,CPA2025X
20250429,1324,495.45,495.45,495.45,495.45,5,CPA2025X
20250430,0330,479.55,479.55,479.55,479.55,1,CPA2025X
20250430,1042,469.35,470.35,469.35,470.35,12,CPA2025X
20250430,1043,470.50,470.50,470.50,470.50,1,CPA2025X
20250430,1259,469.70,469.70,469.70,469.70,0,CPA2025X
20250430,1645,470.60,470.60,470.60,470.60,1,CPA2025X
20250501,1259,472.00,472.00,472.00,472.00,0,CPA2025X
20250501,1446,474.00,474.00,474.00,474.00,1,CPA2025X
20250501,2204,476.20,476.20,476.20,476.20,1,CPA2025X
20250502,0501,475.75,475.75,475.75,475.75,1,CPA2025X
20250502,1259,476.75,476.75,476.75,476.75,0,CPA2025X
20250505,1259,479.60,479.60,479.60,479.60,0,CPA2025X
20250505,1337,479.05,479.05,479.05,479.05,1,CPA2025X
20250505,1536,480.65,480.65,480.65,480.65,2,CPA2025X
20250506,1133,488.40,488.40,488.40,488.40,1,CPA2025X
20250506,1135,488.40,488.40,488.40,488.40,2,CPA2025X
20250506,1136,488.40,488.40,488.35,488.35,5,CPA2025X
20250506,1259,487.30,487.30,487.30,487.30,0,CPA2025X
20250507,0638,476.45,476.45,476.45,476.45,1,CPA2025X
20250507,1259,475.90,475.90,475.90,475.90,0,CPA2025X
20250508,0453,469.30,469.30,469.30,469.30,1,CPA2025X
20250508,1021,472.70,472.70,472.70,472.70,1,CPA2025X
20250508,1259,470.20,470.20,470.20,470.20,0,CPA2025X
20250508,2225,462.85,462.85,462.85,462.85,2,CPA2025X
20250509,0401,469.40,469.40,469.40,469.40,2,CPA2025X
20250509,1259,475.10,475.10,475.10,475.10,0,CPA2025X
20250509,1441,475.00,475.00,475.00,475.00,1,CPA2025X
20250512,0323,475.90,475.90,475.90,475.90,1,CPA2025X
20250512,1259,471.95,471.95,471.95,471.95,0,CPA2025X
20250512,1801,473.10,473.10,473.10,473.10,2,CPA2025X
20250513,1126,482.00,482.15,482.00,482.15,3,CPA2025X
20250513,1259,482.15,482.15,482.15,482.15,0,CPA2025X
20250514,1259,475.05,475.05,475.05,475.05,0,CPA2025X
20250515,1259,478.20,478.20,478.20,478.20,0,CPA2025X
20250516,1259,469.50,469.50,469.50,469.50,0,CPA2025X
20250519,1259,477.40,477.40,477.40,477.40,0,CPA2025X
20250519,1556,476.40,476.40,476.40,476.40,2,CPA2025X
20250520,1103,474.90,474.90,474.90,474.90,2,CPA2025X
20250520,1127,474.90,474.90,474.90,474.90,7,CPA2025X
20250520,1207,473.90,473.90,473.90,473.90,1,CPA2025X
20250520,1259,475.75,475.75,475.75,475.75,0,CPA2025X
20250521,1008,478.10,478.10,478.10,478.10,3,CPA2025X
20250521,1009,478.10,478.10,478.10,478.10,2,CPA2025X
20250521,1222,478.30,478.30,478.30,478.30,2,CPA2025X
20250521,1259,477.40,477.40,477.40,477.40,0,CPA2025X
20250522,0103,483.05,483.05,483.05,483.05,2,CPA2025X
20250522,0953,474.50,474.50,474.50,474.50,2,CPA2025X
20250522,1259,478.15,478.15,478.15,478.15,0,CPA2025X
20250523,1130,488.00,488.00,488.00,488.00,1,CPA2025X
20250523,1141,488.60,488.60,488.60,488.60,7,CPA2025X
20250523,1211,490.00,490.00,490.00,490.00,1,CPA2025X
20250523,1216,491.00,491.00,491.00,491.00,1,CPA2025X
20250523,1247,493.35,493.35,493.35,493.35,1,CPA2025X
20250523,1259,493.65,493.65,493.65,493.65,0,CPA2025X
20250526,1944,492.65,492.65,492.65,492.65,1,CPA2025X
20250526,2117,491.75,491.75,491.75,491.75,2,CPA2025X
20250526,2344,489.70,489.70,489.70,489.70,1,CPA2025X
20250527,0918,489.55,489.55,489.55,489.55,1,CPA2025X
20250527,1016,488.55,488.55,488.55,488.55,1,CPA2025X
20250527,1259,484.15,484.15,484.15,484.15,0,CPA2025X
20250527,1514,484.30,484.35,484.30,484.35,2,CPA2025X
20250527,1615,484.65,484.65,484.65,484.65,3,CPA2025X
20250528,0313,484.70,484.70,484.70,484.70,2,CPA2025X
20250528,0721,483.30,483.30,483.30,483.30,2,CPA2025X
20250528,0839,481.40,481.40,481.40,481.40,1,CPA2025X
20250528,0848,481.25,481.25,481.25,481.25,1,CPA2025X
20250528,1128,478.55,478.55,478.55,478.55,4,CPA2025X
20250528,1132,477.75,477.75,477.75,477.75,1,CPA2025X
20250528,1259,477.95,477.95,477.95,477.95,0,CPA2025X
20250528,1941,476.30,476.30,476.30,476.30,1,CPA2025X
20250529,1259,478.05,478.05,478.05,478.05,0,CPA2025X
20250529,2054,475.95,475.95,475.95,475.95,1,CPA2025X
20250530,1259,478.15,478.15,478.15,478.15,0,CPA2025X
20250530,1410,479.20,479.30,479.20,479.30,3,CPA2025X
20250530,1413,479.30,479.30,479.30,479.30,1,CPA2025X
20250602,0646,496.40,496.40,496.40,496.40,1,CPA2025X
20250602,1259,495.90,496.20,495.90,496.00,20,CPA2025X
20250602,1657,496.10,496.10,496.10,496.10,7,CPA2025X
20250603,0930,493.85,493.85,493.85,493.85,1,CPA2025X
20250603,1131,494.50,494.50,494.50,494.50,1,CPA2025X
20250603,1259,493.75,494.00,493.75,493.85,21,CPA2025X
20250604,0932,497.15,497.15,497.15,497.15,2,CPA2025X
20250604,0949,497.40,497.40,497.40,497.40,1,CPA2025X
20250604,1259,498.85,498.85,498.85,498.85,0,CPA2025X
20250605,1116,507.30,507.30,507.30,507.30,2,CPA2025X
20250605,1139,504.40,504.40,504.40,504.40,2,CPA2025X
20250605,1259,503.45,503.50,503.20,503.30,19,CPA2025X
20250606,1259,495.40,495.40,495.25,495.25,2,CPA2025X
20250609,0830,498.80,498.80,498.80,498.80,1,CPA2025X
20250609,1259,503.00,503.05,502.75,503.05,4,CPA2025X
20250610,1126,502.00,502.00,502.00,502.00,2,CPA2025X
20250610,1259,500.15,500.15,500.15,500.15,0,CPA2025X
20250611,1259,491.50,491.50,491.50,491.50,0,CPA2025X
20250611,1334,491.15,491.15,491.15,491.15,2,CPA2025X
20250611,1629,490.20,490.20,490.20,490.20,1,CPA2025X
20250612,0952,492.40,492.50,492.40,492.50,2,CPA2025X
20250612,1207,493.50,493.50,493.50,493.50,1,CPA2025X
20250612,1259,493.75,493.95,493.35,493.75,18,CPA2025X
20250613,0843,485.45,485.45,485.45,485.45,1,CPA2025X
20250613,1259,491.85,492.10,491.50,491.80,17,CPA2025X
20250616,1259,494.35,494.35,494.35,494.35,0,CPA2025X
20250616,1631,492.60,492.60,492.60,492.60,2,CPA2025X
20250617,1141,491.50,491.50,491.50,491.50,3,CPA2025X
20250617,1259,491.30,491.30,491.30,491.30,0,CPA2025X
20250617,1408,490.25,490.25,490.25,490.25,6,CPA2025X
20250618,0834,494.85,494.85,494.85,494.85,1,CPA2025X
20250618,1259,495.45,495.45,495.45,495.45,0,CPA2025X
20250620,1259,493.05,493.05,493.05,493.05,0,CPA2025X
20250623,1123,494.45,494.45,494.45,494.45,1,CPA2025X
20250623,1259,494.90,494.90,494.90,494.90,0,CPA2025X
20250624,1129,497.60,497.60,497.60,497.60,12,CPA2025X
20250624,1131,497.35,497.35,497.35,497.35,11,CPA2025X
20250624,1133,496.60,496.60,496.60,496.60,1,CPA2025X
20250624,1259,497.20,497.20,497.20,497.20,0,CPA2025X
20250625,1002,499.55,499.55,499.55,499.55,2,CPA2025X
20250625,1153,500.15,500.15,500.15,500.15,2,CPA2025X
20250625,1159,500.30,500.30,500.30,500.30,2,CPA2025X
20250625,1259,501.85,501.85,501.85,501.85,0,CPA2025X
20250625,2252,505.60,505.60,505.60,505.60,1,CPA2025X
20250626,1259,516.80,516.80,516.80,516.80,0,CPA2025X
20250627,0802,511.45,511.45,511.45,511.45,1,CPA2025X
20250627,1259,517.05,517.05,517.00,517.00,1,CPA2025X
20250630,1031,514.25,514.25,514.25,514.25,1,CPA2025X
20250630,1259,513.00,513.15,512.95,512.95,7,CPA2025X
20250701,1259,514.60,514.60,514.60,514.60,0,CPA2025X
20250702,0925,519.45,520.15,519.15,520.15,7,CPA2025X
20250702,0926,520.35,520.45,520.35,520.45,2,CPA2025X
20250702,0946,520.70,520.70,520.70,520.70,1,CPA2025X
20250702,0947,520.50,520.50,519.90,519.90,6,CPA2025X
20250702,1259,524.55,524.55,524.35,524.35,1,CPA2025X
20250703,1148,518.40,518.40,518.40,518.40,1,CPA2025X
20250703,1149,518.45,518.60,518.45,518.60,7,CPA2025X
20250703,1150,518.60,518.60,518.60,518.60,7,CPA2025X
20250703,1151,519.25,519.25,519.25,519.25,14,CPA2025X
20250703,1259,518.95,518.95,518.95,518.95,1,CPA2025X
20250704,0640,510.50,510.50,510.50,510.50,2,CPA2025X
20250707,1259,507.45,507.45,507.35,507.35,1,CPA2025X
20250708,1259,573.25,573.25,573.25,573.25,0,CPA2025X
20250708,1300,563.10,563.10,557.30,557.40,4,CPA2025X
20250708,1304,563.05,563.70,559.35,560.30,25,CPA2025X
20250708,1315,557.30,557.30,557.20,557.20,10,CPA2025X
20250708,1410,559.60,560.75,559.60,560.75,2,CPA2025X
20250708,1411,560.95,560.95,560.75,560.75,2,CPA2025X
20250708,1417,556.30,556.30,556.30,556.30,1,CPA2025X
20250708,1808,554.40,554.40,554.40,554.40,4,CPA2025X
20250709,1012,555.95,555.95,555.85,555.85,2,CPA2025X
20250709,1030,556.65,556.85,556.65,556.85,6,CPA2025X
20250709,1259,553.60,553.60,552.90,552.90,2,CPA2025X
20250710,0312,566.95,566.95,566.95,566.95,2,CPA2025X
20250710,1000,564.10,564.10,564.00,564.00,2,CPA2025X
20250710,1259,563.60,563.70,563.60,563.70,1,CPA2025X
20250711,1147,562.00,562.00,562.00,562.00,2,CPA2025X
20250711,1152,563.10,563.10,563.10,563.10,1,CPA2025X
20250711,1259,565.15,565.15,565.15,565.15,0,CPA2025X
20250714,1002,554.25,554.25,554.25,554.25,1,CPA2025X
20250714,1042,557.65,557.65,557.65,557.65,1,CPA2025X
20250714,1259,559.95,559.95,559.75,559.75,1,CPA2025X
20250715,1132,556.80,556.80,556.80,556.80,7,CPA2025X
20250715,1259,562.50,562.50,562.50,562.50,0,CPA2025X
20250716,1259,557.15,557.15,557.15,557.15,0,CPA2025X
20250716,1300,556.95,556.95,556.90,556.90,2,CPA2025X
20250717,0350,554.00,554.00,554.00,554.00,1,CPA2025X
20250717,1101,554.80,554.80,554.80,554.80,2,CPA2025X
20250717,1259,555.85,555.85,555.85,555.85,0,CPA2025X
20250718,1259,564.95,564.95,564.95,564.95,0,CPA2025X
20250721,1259,568.30,568.30,568.30,568.30,0,CPA2025X
20250722,0505,572.10,572.10,572.10,572.10,1,CPA2025X
20250722,0534,570.20,570.20,570.15,570.15,2,CPA2025X
20250722,1131,574.00,574.00,574.00,574.00,13,CPA2025X
20250722,1132,574.10,574.10,574.10,574.10,4,CPA2025X
20250722,1133,574.10,574.10,574.10,574.10,3,CPA2025X
20250722,1136,574.50,574.50,574.50,574.50,6,CPA2025X
20250722,1259,576.65,576.65,576.65,576.65,0,CPA2025X
20250722,1458,577.50,577.50,577.50,577.50,1,CPA2025X
20250722,1652,579.90,579.95,579.90,579.95,3,CPA2025X
20250723,0431,581.20,581.20,581.20,581.20,1,CPA2025X
20250723,0501,585.00,585.00,585.00,585.00,10,CPA2025X
20250723,0921,590.40,590.40,590.40,590.40,1,CPA2025X
20250723,0924,591.00,591.00,591.00,591.00,1,CPA2025X
20250723,0952,593.40,593.40,593.40,593.40,1,CPA2025X
20250723,1217,586.25,586.25,586.25,586.25,1,CPA2025X
20250723,1259,586.25,586.25,586.25,586.25,0,CPA2025X
20250723,1502,587.50,587.50,587.50,587.50,2,CPA2025X
20250723,1503,587.75,587.95,587.75,587.95,8,CPA2025X
20250723,1649,588.90,588.90,588.90,588.90,2,CPA2025X
20250723,1802,588.80,588.90,588.80,588.90,2,CPA2025X
20250723,2248,590.60,590.60,590.60,590.60,1,CPA2025X
20250724,0117,591.85,591.85,591.85,591.85,1,CPA2025X
20250724,0125,593.50,593.50,593.50,593.50,1,CPA2025X
20250724,0142,593.60,593.60,593.60,593.60,2,CPA2025X
20250724,0218,595.90,595.90,595.90,595.90,1,CPA2025X
20250724,0233,596.30,596.30,596.25,596.25,2,CPA2025X
20250724,0337,595.30,595.30,595.30,595.30,1,CPA2025X
20250724,0834,589.70,589.70,589.70,589.70,2,CPA2025X
20250724,0940,586.40,586.40,586.40,586.40,1,CPA2025X
20250724,1149,584.85,584.90,584.85,584.90,2,CPA2025X
20250724,1259,584.80,584.85,584.80,584.85,1,CPA2025X
20250724,1507,588.00,588.00,588.00,588.00,1,CPA2025X
20250725,0442,587.60,587.60,587.60,587.60,2,CPA2025X
20250725,0446,587.05,587.05,587.05,587.05,1,CPA2025X
20250725,0503,585.75,585.75,585.75,585.75,2,CPA2025X
20250725,0641,584.15,584.15,584.15,584.15,1,CPA2025X
20250725,0928,582.25,582.25,582.25,582.25,1,CPA2025X
20250725,1001,585.25,585.25,585.25,585.25,1,CPA2025X
20250725,1022,584.20,584.20,584.20,584.20,1,CPA2025X
20250725,1105,581.40,581.40,581.40,581.40,1,CPA2025X
20250725,1119,581.15,581.15,581.15,581.15,1,CPA2025X
20250725,1243,581.75,581.75,581.75,581.75,1,CPA2025X
20250725,1259,583.00,583.00,583.00,583.00,0,CPA2025X
20250725,1300,583.25,583.25,583.25,583.25,2,CPA2025X
20250725,1301,583.65,583.70,583.65,583.70,4,CPA2025X
20250725,1515,584.40,584.45,584.40,584.45,3,CPA2025X
20250725,1516,584.50,584.50,584.50,584.50,2,CPA2025X
20250728,0342,582.05,582.05,582.05,582.05,2,CPA2025X
20250728,0343,581.85,581.85,581.85,581.85,2,CPA2025X
20250728,0352,581.15,581.15,581.15,581.15,2,CPA2025X
20250728,0356,581.60,581.60,581.60,581.60,2,CPA2025X
20250728,0436,583.15,583.15,583.15,583.15,2,CPA2025X
20250728,0806,583.40,583.40,583.40,583.40,1,CPA2025X
20250728,0852,580.60,580.60,580.60,580.60,1,CPA2025X
20250728,0901,582.15,582.15,582.15,582.15,1,CPA2025X
20250728,0919,580.30,580.30,580.30,580.30,1,CPA2025X
20250728,1024,569.80,569.80,569.80,569.80,1,CPA2025X
20250728,1026,555.90,559.00,555.90,559.00,2,CPA2025X
20250728,1028,563.95,563.95,563.95,563.95,1,CPA2025X
20250728,1259,566.05,566.05,566.05,566.05,0,CPA2025X
20250728,1301,565.00,565.00,565.00,565.00,2,CPA2025X
20250729,1219,566.00,566.00,566.00,566.00,1,CPA2025X
20250729,1259,567.20,567.20,567.20,567.20,0,CPA2025X
20250729,1320,566.35,566.35,566.35,566.35,1,CPA2025X
20250730,1211,561.70,561.75,561.70,561.75,7,CPA2025X
20250730,1215,562.35,562.45,562.35,562.45,12,CPA2025X
20250730,1259,563.15,563.15,563.15,563.15,0,CPA2025X
20250730,1333,562.75,562.75,562.75,562.75,1,CPA2025X
20250730,1401,558.20,558.20,558.20,558.20,1,CPA2025X
20250730,1402,520.00,520.00,520.00,520.00,10,CPA2025X
20250730,1404,480.00,480.00,480.00,480.00,1,CPA2025X
20250730,1405,496.95,496.95,496.95,496.95,1,CPA2025X
20250730,1454,470.00,470.00,470.00,470.00,25,CPA2025X
20250730,1459,470.40,470.40,468.70,468.70,2,CPA2025X
20250730,1633,463.55,463.65,463.55,463.65,10,CPA2025X
20250730,1655,467.70,468.80,467.70,468.80,7,CPA2025X
20250730,1805,470.40,470.40,470.40,470.40,1,CPA2025X
20250730,1807,468.50,468.60,468.50,468.60,4,CPA2025X
20250730,2145,454.60,454.60,454.60,454.60,1,CPA2025X
20250730,2338,448.90,448.90,448.85,448.85,3,CPA2025X
20250731,0238,441.95,442.00,441.95,442.00,18,CPA2025X
20250731,0307,441.30,441.30,441.30,441.30,2,CPA2025X
20250731,0427,444.00,444.00,444.00,444.00,2,CPA2025X
20250731,0524,443.85,443.85,443.85,443.85,1,CPA2025X
20250731,0629,441.20,441.50,441.20,441.50,8,CPA2025X
20250731,0630,440.75,440.90,440.75,440.90,4,CPA2025X
20250731,0939,442.35,442.35,442.35,442.35,1,CPA2025X
20250731,0955,442.25,442.25,442.25,442.25,1,CPA2025X
20250731,1024,441.20,441.20,441.20,441.20,1,CPA2025X
20250731,1038,440.00,440.00,440.00,440.00,1,CPA2025X
20250731,1039,439.85,439.85,439.85,439.85,1,CPA2025X
20250731,1041,440.30,440.30,440.30,440.30,4,CPA2025X
20250731,1050,441.20,441.20,441.20,441.20,12,CPA2025X
20250731,1051,441.00,441.00,441.00,441.00,2,CPA2025X
20250731,1052,441.15,441.35,441.15,441.35,23,CPA2025X
20250731,1108,443.00,443.00,443.00,443.00,3,CPA2025X
20250731,1109,443.00,443.00,443.00,443.00,1,CPA2025X
20250731,1148,441.50,441.50,441.50,441.50,2,CPA2025X
20250731,1159,442.65,442.65,442.65,442.65,3,CPA2025X
20250731,1203,442.10,442.10,442.10,442.10,1,CPA2025X
20250731,1211,442.50,442.50,442.50,442.50,2,CPA2025X
20250731,1217,442.30,442.30,442.30,442.30,3,CPA2025X
20250731,1248,441.65,441.65,441.65,441.65,3,CPA2025X
20250731,1259,440.40,440.40,440.20,440.20,1,CPA2025X
20250731,1300,440.45,440.50,440.45,440.50,3,CPA2025X
20250731,1335,442.35,442.35,442.35,442.35,3,CPA2025X
20250731,1440,445.80,445.80,445.80,445.80,1,CPA2025X
20250731,1542,447.65,447.65,447.65,447.65,1,CPA2025X
20250731,1639,448.40,448.45,448.40,448.45,9,CPA2025X
20250731,2015,448.20,448.20,448.20,448.20,6,CPA2025X
20250801,0906,445.25,445.25,445.25,445.25,1,CPA2025X
20250801,1242,445.95,445.95,445.95,445.95,1,CPA2025X
20250801,1259,447.30,447.75,447.30,447.75,1,CPA2025X
20250801,1314,445.65,445.65,445.65,445.65,1,CPA2025X
20250803,1945,449.55,449.55,449.55,449.55,1,CPA2025X
20250804,1155,447.75,447.75,447.75,447.75,2,CPA2025X
20250804,1259,448.00,448.00,447.90,447.90,1,CPA2025X
20250805,0925,444.75,444.75,444.75,444.75,2,CPA2025X
20250805,1013,443.25,443.25,443.25,443.25,1,CPA2025X
20250805,1259,442.55,442.55,442.55,442.55,0,CPA2025X
20250805,2157,443.90,443.90,443.90,443.90,2,CPA2025X
20250806,0425,445.00,445.00,445.00,445.00,1,CPA2025X
20250806,0854,446.15,446.15,446.15,446.15,1,CPA2025X
20250806,1259,445.45,445.45,445.45,445.45,0,CPA2025X
20250806,1423,445.40,445.40,445.40,445.40,1,CPA2025X
20250806,1439,445.40,445.40,445.40,445.40,1,CPA2025X
20250807,1259,444.05,444.05,444.05,444.05,0,CPA2025X
20250807,1641,445.80,445.80,445.80,445.80,2,CPA2025X
