Date,Time,Open,High,Low,Close,TradeVolume,Contract
20240918,1259,445.70,445.70,445.70,445.70,0,CPA2029H
20240919,1259,450.20,450.20,450.20,450.20,0,CPA2029H
20240920,1259,450.20,450.20,450.20,450.20,0,CPA2029H
20240923,1259,450.90,450.90,450.90,450.90,0,CPA2029H
20240924,1259,463.55,463.55,463.55,463.55,0,CPA2029H
20240925,1259,463.20,463.20,463.20,463.20,0,CPA2029H
20240926,1259,463.05,463.05,463.05,463.05,0,CPA2029H
20240927,1259,461.30,461.30,461.30,461.30,0,CPA2029H
20240930,1259,454.60,454.60,454.60,454.60,0,CPA2029H
20241001,1259,460.90,460.90,460.90,460.90,0,CPA2029H
20241002,1259,466.95,466.95,466.95,466.95,0,CPA2029H
20241003,1259,459.05,459.05,459.05,459.05,0,CPA2029H
20241004,1259,463.00,463.00,463.00,463.00,0,CPA2029H
20241007,1259,462.95,462.95,462.95,462.95,0,CPA2029H
20241008,1259,453.90,453.90,453.90,453.90,0,CPA2029H
20241009,1259,447.70,447.70,447.70,447.70,0,CPA2029H
20241010,1259,450.00,450.00,450.00,450.00,0,CPA2029H
20241011,1259,455.95,455.95,455.95,455.95,0,CPA2029H
20241014,1259,450.05,450.05,450.05,450.05,0,CPA2029H
20241015,1259,449.90,449.90,449.90,449.90,0,CPA2029H
20241016,1259,452.05,452.05,452.05,452.05,0,CPA2029H
20241021,1259,453.80,453.80,453.80,453.80,0,CPA2029H
20241022,1259,455.80,455.80,455.80,455.80,0,CPA2029H
20241023,1259,452.65,452.65,452.65,452.65,0,CPA2029H
20241024,1259,453.60,453.60,453.60,453.60,0,CPA2029H
20241025,1259,454.30,454.30,454.30,454.30,0,CPA2029H
20241028,1259,451.95,451.95,451.95,451.95,0,CPA2029H
20241029,1259,451.15,451.15,451.15,451.15,0,CPA2029H
20241030,1259,450.05,450.05,450.05,450.05,0,CPA2029H
20241031,1259,449.80,449.80,449.80,449.80,0,CPA2029H
20241101,1259,453.20,453.20,453.20,453.20,0,CPA2029H
20241104,1259,458.20,458.20,458.20,458.20,0,CPA2029H
20241105,1259,462.60,462.60,462.60,462.60,0,CPA2029H
20241106,1259,442.10,442.10,442.10,442.10,0,CPA2029H
20241107,1259,459.00,459.00,459.00,459.00,0,CPA2029H
20241108,1259,448.00,448.00,448.00,448.00,0,CPA2029H
20241111,1259,441.00,441.00,441.00,441.00,0,CPA2029H
20241112,1259,436.30,436.30,436.30,436.30,0,CPA2029H
20241113,1259,432.55,432.55,432.55,432.55,0,CPA2029H
20241118,1259,434.30,434.30,434.30,434.30,0,CPA2029H
20241119,1259,435.60,435.60,435.60,435.60,0,CPA2029H
20241120,1259,435.80,435.80,435.80,435.80,0,CPA2029H
20241121,1259,433.70,433.70,433.70,433.70,0,CPA2029H
20241122,1259,430.60,430.60,430.60,430.60,0,CPA2029H
20241125,1259,433.50,433.50,433.50,433.50,0,CPA2029H
20241126,1259,430.00,430.00,430.00,430.00,0,CPA2029H
20241127,1259,431.85,431.85,431.85,431.85,0,CPA2029H
20241129,1259,432.00,432.00,432.00,432.00,0,CPA2029H
20241202,1259,431.70,431.70,431.70,431.70,0,CPA2029H
20241203,1259,443.15,443.15,443.15,443.15,0,CPA2029H
20241204,1259,442.90,442.90,442.90,442.90,0,CPA2029H
20241205,1259,449.20,449.20,449.20,449.20,0,CPA2029H
20241206,1259,448.90,448.90,448.90,448.90,0,CPA2029H
20241209,1259,456.45,456.45,456.45,456.45,0,CPA2029H
20241210,1259,455.70,455.70,455.70,455.70,0,CPA2029H
20241211,1259,453.95,453.95,453.95,453.95,0,CPA2029H
20241212,1259,452.25,452.25,452.25,452.25,0,CPA2029H
20241213,1259,447.75,447.75,447.75,447.75,0,CPA2029H
20241216,1259,447.50,447.50,447.50,447.50,0,CPA2029H
20241217,1259,444.75,444.75,444.75,444.75,0,CPA2029H
20241218,1259,446.00,446.00,446.00,446.00,0,CPA2029H
20241219,1259,438.60,438.60,438.60,438.60,0,CPA2029H
20241220,1259,440.35,440.35,440.35,440.35,0,CPA2029H
20241223,1259,439.05,439.05,439.05,439.05,0,CPA2029H
20241224,1159,440.85,440.85,440.85,440.85,0,CPA2029H
20241226,1259,442.85,442.85,442.85,442.85,0,CPA2029H
20241227,1259,441.75,441.75,441.75,441.75,0,CPA2029H
20241230,1259,437.75,437.75,437.75,437.75,0,CPA2029H
20241231,1259,430.30,430.30,430.30,430.30,0,CPA2029H
20250102,1259,430.55,430.55,430.55,430.55,0,CPA2029H
20250103,1259,434.55,434.55,434.55,434.55,0,CPA2029H
20250106,1259,442.15,442.15,442.15,442.15,0,CPA2029H
20250107,1259,446.45,446.45,446.45,446.45,0,CPA2029H
20250108,1259,450.95,450.95,450.95,450.95,0,CPA2029H
20250109,1259,454.60,454.60,454.60,454.60,0,CPA2029H
20250110,1259,452.60,452.60,452.60,452.60,0,CPA2029H
20250113,1259,457.25,457.25,457.25,457.25,0,CPA2029H
20250114,1259,459.75,459.75,459.75,459.75,0,CPA2029H
20250115,1259,463.40,463.40,463.40,463.40,0,CPA2029H
20250116,1259,469.00,469.00,469.00,469.00,0,CPA2029H
20250117,1259,462.30,462.30,462.30,462.30,0,CPA2029H
20250121,1259,461.15,461.15,461.15,461.15,0,CPA2029H
20250122,1259,458.35,458.35,458.35,458.35,0,CPA2029H
20250123,1259,460.55,460.55,460.55,460.55,0,CPA2029H
20250124,1259,461.70,461.70,461.70,461.70,0,CPA2029H
20250127,1259,454.20,454.20,454.20,454.20,0,CPA2029H
20250128,1259,454.55,454.55,454.55,454.55,0,CPA2029H
20250129,1259,457.80,457.80,457.80,457.80,0,CPA2029H
20250130,1259,462.25,462.25,462.25,462.25,0,CPA2029H
20250131,1259,459.30,459.30,459.30,459.30,0,CPA2029H
20250203,1259,461.20,461.20,461.20,461.20,0,CPA2029H
20250204,1259,465.75,465.75,465.75,465.75,0,CPA2029H
20250205,1259,474.00,474.00,474.00,474.00,0,CPA2029H
20250206,1259,476.80,476.80,476.80,476.80,0,CPA2029H
20250207,1259,489.35,489.35,489.35,489.35,0,CPA2029H
20250210,1259,499.75,499.75,499.75,499.75,0,CPA2029H
20250211,1259,489.70,489.70,489.70,489.70,0,CPA2029H
20250212,1259,500.70,500.70,500.70,500.70,0,CPA2029H
20250213,1259,508.30,508.30,508.30,508.30,0,CPA2029H
20250214,1259,497.30,497.30,497.30,497.30,0,CPA2029H
20250218,1259,492.10,492.10,492.10,492.10,0,CPA2029H
20250219,1259,489.00,489.00,489.00,489.00,0,CPA2029H
20250220,1259,493.80,493.80,493.80,493.80,0,CPA2029H
20250221,1259,489.60,489.60,489.60,489.60,0,CPA2029H
20250224,1259,484.60,484.60,484.60,484.60,0,CPA2029H
20250225,1259,481.15,481.15,481.15,481.15,0,CPA2029H
20250226,1259,487.20,487.20,487.20,487.20,0,CPA2029H
20250227,1259,490.30,490.30,490.30,490.30,0,CPA2029H
20250228,1259,483.85,483.85,483.85,483.85,0,CPA2029H
20250303,1259,491.35,491.35,491.35,491.35,0,CPA2029H
20250304,1259,486.90,486.90,486.90,486.90,0,CPA2029H
20250305,1259,510.85,510.85,510.85,510.85,0,CPA2029H
20250306,1259,512.30,512.30,512.30,512.30,0,CPA2029H
20250307,1259,504.20,504.20,504.20,504.20,0,CPA2029H
20250310,1259,501.30,501.30,501.30,501.30,0,CPA2029H
20250311,1259,511.65,511.65,511.65,511.65,0,CPA2029H
20250312,1259,520.55,520.55,520.55,520.55,0,CPA2029H
20250313,1259,528.60,528.60,528.60,528.60,0,CPA2029H
20250314,1259,525.90,525.90,525.90,525.90,0,CPA2029H
20250317,1259,532.60,532.60,532.60,532.60,0,CPA2029H
20250318,1259,539.15,539.15,539.15,539.15,0,CPA2029H
20250319,1259,546.60,546.60,546.60,546.60,0,CPA2029H
20250320,1259,548.20,548.20,548.20,548.20,0,CPA2029H
20250321,1259,548.80,548.80,548.80,548.80,0,CPA2029H
20250324,1259,546.45,546.45,546.45,546.45,0,CPA2029H
20250325,1259,557.55,557.55,557.55,557.55,0,CPA2029H
20250326,1259,551.55,551.55,551.55,551.55,0,CPA2029H
20250327,1259,539.30,539.30,539.30,539.30,0,CPA2029H
20250328,1259,545.65,545.65,545.65,545.65,0,CPA2029H
20250331,1259,537.85,537.85,537.85,537.85,0,CPA2029H
20250401,1259,538.95,538.95,538.95,538.95,0,CPA2029H
20250402,1259,539.35,539.35,539.35,539.35,0,CPA2029H
20250403,1259,520.00,520.00,520.00,520.00,0,CPA2029H
20250404,1259,481.15,481.15,481.15,481.15,0,CPA2029H
20250407,1259,461.45,461.45,461.45,461.45,0,CPA2029H
20250408,1259,458.15,458.15,458.15,458.15,0,CPA2029H
20250409,1259,462.85,462.85,462.85,462.85,0,CPA2029H
20250410,1259,476.55,476.55,476.55,476.55,0,CPA2029H
20250411,1259,495.10,495.10,495.10,495.10,0,CPA2029H
20250414,1259,506.90,506.90,506.90,506.90,0,CPA2029H
20250415,1259,506.45,506.45,506.45,506.45,0,CPA2029H
20250416,1259,512.05,512.05,512.05,512.05,0,CPA2029H
20250417,1259,516.75,516.75,516.75,516.75,0,CPA2029H
20250421,1259,515.85,515.85,515.85,515.85,0,CPA2029H
20250422,1259,529.70,529.70,529.70,529.70,0,CPA2029H
20250423,1259,527.00,527.00,527.00,527.00,0,CPA2029H
20250424,1259,528.80,528.80,528.80,528.80,0,CPA2029H
20250425,1259,527.25,527.25,527.25,527.25,0,CPA2029H
20250428,1259,525.85,525.85,525.85,525.85,0,CPA2029H
20250429,1259,527.10,527.10,527.10,527.10,0,CPA2029H
20250430,1259,507.25,507.25,507.25,507.25,0,CPA2029H
20250501,1259,509.75,509.75,509.75,509.75,0,CPA2029H
20250502,1259,516.05,516.05,516.05,516.05,0,CPA2029H
20250505,1259,519.85,519.85,519.85,519.85,0,CPA2029H
20250506,1259,527.80,527.80,527.80,527.80,0,CPA2029H
20250507,1259,517.45,517.45,517.45,517.45,0,CPA2029H
20250508,1259,511.75,511.75,511.75,511.75,0,CPA2029H
20250509,1259,516.75,516.75,516.75,516.75,0,CPA2029H
20250512,1259,514.00,514.00,514.00,514.00,0,CPA2029H
20250513,1259,523.90,523.90,523.90,523.90,0,CPA2029H
20250514,1259,517.20,517.20,517.20,517.20,0,CPA2029H
20250515,1259,519.40,519.40,519.40,519.40,0,CPA2029H
20250516,1259,510.70,510.70,510.70,510.70,0,CPA2029H
20250519,1259,518.30,518.30,518.30,518.30,0,CPA2029H
20250520,1259,516.70,516.70,516.70,516.70,0,CPA2029H
20250521,1259,517.55,517.55,517.55,517.55,0,CPA2029H
20250522,1259,518.05,518.05,518.05,518.05,0,CPA2029H
20250523,1259,533.95,533.95,533.95,533.95,0,CPA2029H
20250527,1259,525.25,525.25,525.25,525.25,0,CPA2029H
20250528,1259,520.20,520.20,520.20,520.20,0,CPA2029H
20250529,1259,520.75,520.75,520.75,520.75,0,CPA2029H
20250530,1259,520.15,520.15,520.15,520.15,0,CPA2029H
20250602,1259,537.90,537.90,537.90,537.90,0,CPA2029H
20250603,1259,536.05,536.05,536.05,536.05,0,CPA2029H
20250604,1259,540.55,540.55,540.55,540.55,0,CPA2029H
20250605,1259,545.05,545.05,545.05,545.05,0,CPA2029H
20250606,1259,537.55,537.55,537.55,537.55,0,CPA2029H
20250609,1259,544.75,544.75,544.75,544.75,0,CPA2029H
20250610,1259,541.45,541.45,541.45,541.45,0,CPA2029H
20250611,1259,533.80,533.80,533.80,533.80,0,CPA2029H
20250612,1259,535.85,535.85,535.85,535.85,0,CPA2029H
20250613,1259,534.20,534.20,534.20,534.20,0,CPA2029H
20250616,1259,537.00,537.00,537.00,537.00,0,CPA2029H
20250617,1259,533.80,533.80,533.80,533.80,0,CPA2029H
20250618,1259,537.75,537.75,537.75,537.75,0,CPA2029H
20250620,1259,535.40,535.40,535.40,535.40,0,CPA2029H
20250623,1259,536.75,536.75,536.75,536.75,0,CPA2029H
20250624,1259,539.75,539.75,539.75,539.75,0,CPA2029H
20250625,1259,544.65,544.65,544.65,544.65,0,CPA2029H
20250626,1259,559.20,559.20,559.20,559.20,0,CPA2029H
20250627,1259,559.95,559.95,559.95,559.95,0,CPA2029H
20250630,1259,557.55,557.55,557.55,557.55,0,CPA2029H
20250701,1259,560.75,560.75,560.75,560.75,0,CPA2029H
20250702,1259,570.15,570.15,570.15,570.15,0,CPA2029H
20250703,1259,564.85,564.85,564.85,564.85,0,CPA2029H
20250707,1259,553.30,553.30,553.30,553.30,0,CPA2029H
20250708,1259,619.20,619.20,619.20,619.20,0,CPA2029H
20250709,1259,590.75,590.75,590.75,590.75,0,CPA2029H
20250710,1259,602.50,602.50,602.50,602.50,0,CPA2029H
20250711,1259,604.20,604.20,604.20,604.20,0,CPA2029H
20250714,1259,599.15,599.15,599.15,599.15,0,CPA2029H
20250715,1259,601.70,601.70,601.70,601.70,0,CPA2029H
20250716,1259,597.55,597.55,597.55,597.55,0,CPA2029H
20250717,1259,596.45,596.45,596.45,596.45,0,CPA2029H
20250718,1259,605.50,605.50,605.50,605.50,0,CPA2029H
20250721,1259,608.40,608.40,608.40,608.40,0,CPA2029H
20250722,1259,616.40,616.40,616.40,616.40,0,CPA2029H
20250723,1259,625.40,625.40,625.40,625.40,0,CPA2029H
20250724,1259,625.10,625.10,625.10,625.10,0,CPA2029H
20250725,1259,623.15,623.15,623.15,623.15,0,CPA2029H
20250728,1259,621.95,621.95,621.95,621.95,0,CPA2029H
20250729,1259,606.50,606.50,606.50,606.50,0,CPA2029H
20250730,1259,602.80,602.80,602.80,602.80,0,CPA2029H
20250731,1259,487.25,487.25,487.25,487.25,0,CPA2029H
20250801,1259,494.40,494.40,494.40,494.40,0,CPA2029H
20250804,1259,494.10,494.10,494.10,494.10,0,CPA2029H
20250805,1259,489.70,489.70,489.70,489.70,0,CPA2029H
20250806,1259,493.15,493.15,493.15,493.15,0,CPA2029H
20250807,1259,492.95,492.95,492.95,492.95,0,CPA2029H
