Date,Time,Open,High,Low,Close,TradeVolume,Contract
20230322,1259,406.45,406.45,406.45,406.45,0,CPA2027N
20230323,1259,412.80,412.80,412.80,412.80,0,CPA2027N
20230324,1259,410.45,410.45,410.45,410.45,0,CPA2027N
20230327,1259,411.70,411.70,411.70,411.70,0,CPA2027N
20230328,1259,412.00,412.00,412.00,412.00,0,CPA2027N
20230329,1259,411.00,411.00,411.00,411.00,0,CPA2027N
20230330,1259,412.00,412.00,412.00,412.00,0,CPA2027N
20230331,1259,412.15,412.15,412.15,412.15,0,CPA2027N
20230403,1259,407.95,407.95,407.95,407.95,0,CPA2027N
20230404,1259,400.65,400.65,400.65,400.65,0,CPA2027N
20230405,1259,400.95,400.95,400.95,400.95,0,CPA2027N
20230406,1259,403.90,403.90,403.90,403.90,0,CPA2027N
20230410,1259,401.20,401.20,401.20,401.20,0,CPA2027N
20230411,1259,404.85,404.85,404.85,404.85,0,CPA2027N
20230412,1259,409.20,409.20,409.20,409.20,0,CPA2027N
20230413,1259,412.55,412.55,412.55,412.55,0,CPA2027N
20230419,1259,410.25,410.25,410.25,410.25,0,CPA2027N
20230420,1259,405.95,405.95,405.95,405.95,0,CPA2027N
20230421,1259,402.30,402.30,402.30,402.30,0,CPA2027N
20230424,1259,400.65,400.65,400.65,400.65,0,CPA2027N
20230425,1259,390.60,390.60,390.60,390.60,0,CPA2027N
20230426,1259,389.95,389.95,389.95,389.95,0,CPA2027N
20230427,1259,391.90,391.90,391.90,391.90,0,CPA2027N
20230428,1259,393.55,393.55,393.55,393.55,0,CPA2027N
20230501,1259,398.15,398.15,398.15,398.15,0,CPA2027N
20230502,1259,391.60,391.60,391.60,391.60,0,CPA2027N
20230503,1259,390.10,390.10,390.10,390.10,0,CPA2027N
20230504,1259,392.75,392.75,392.75,392.75,0,CPA2027N
20230505,1259,394.60,394.60,394.60,394.60,0,CPA2027N
20230508,1259,399.75,399.75,399.75,399.75,0,CPA2027N
20230509,1259,397.45,397.45,397.45,397.45,0,CPA2027N
20230510,1259,392.45,392.45,392.45,392.45,0,CPA2027N
20230511,1259,379.05,379.05,379.05,379.05,0,CPA2027N
20230512,1259,380.55,380.55,380.55,380.55,0,CPA2027N
20230515,1259,383.10,383.10,383.10,383.10,0,CPA2027N
20230516,1259,375.65,375.65,375.65,375.65,0,CPA2027N
20230517,1259,384.20,384.20,384.20,384.20,0,CPA2027N
20230518,1259,379.25,379.25,379.25,379.25,0,CPA2027N
20230519,1259,382.90,382.90,382.90,382.90,0,CPA2027N
20230522,1259,379.40,379.40,379.40,379.40,0,CPA2027N
20230523,1259,376.70,376.70,376.70,376.70,0,CPA2027N
20230524,1259,368.35,368.35,368.35,368.35,0,CPA2027N
20230525,1259,370.50,370.50,370.50,370.50,0,CPA2027N
20230526,1259,378.80,378.80,378.80,378.80,0,CPA2027N
20230530,1259,377.85,377.85,377.85,377.85,0,CPA2027N
20230531,1259,375.55,375.55,375.55,375.55,0,CPA2027N
20230601,1259,382.10,382.10,382.10,382.10,0,CPA2027N
20230602,1259,383.45,383.45,383.45,383.45,0,CPA2027N
20230605,1259,386.40,386.40,386.40,386.40,0,CPA2027N
20230606,1259,385.40,385.40,385.40,385.40,0,CPA2027N
20230607,1259,382.05,382.05,382.05,382.05,0,CPA2027N
20230608,1259,386.45,386.45,386.45,386.45,0,CPA2027N
20230609,1259,386.80,386.80,386.80,386.80,0,CPA2027N
20230612,1259,384.15,384.15,384.15,384.15,0,CPA2027N
20230613,1259,389.70,389.70,389.70,389.70,0,CPA2027N
20230614,1259,392.00,392.00,392.00,392.00,0,CPA2027N
20230615,1259,394.60,394.60,394.60,394.60,0,CPA2027N
20230616,1259,395.60,395.60,395.60,395.60,0,CPA2027N
20230620,1259,393.20,393.20,393.20,393.20,0,CPA2027N
20230621,1259,394.30,394.30,394.30,394.30,0,CPA2027N
20230622,1259,394.80,394.80,394.80,394.80,0,CPA2027N
20230623,1259,387.30,387.30,387.30,387.30,0,CPA2027N
20230626,1259,386.15,386.15,386.15,386.15,0,CPA2027N
20230627,1259,383.95,383.95,383.95,383.95,0,CPA2027N
20230628,1259,380.50,380.50,380.50,380.50,0,CPA2027N
20230629,1259,376.00,376.00,376.00,376.00,0,CPA2027N
20230630,1259,382.65,382.65,382.65,382.65,0,CPA2027N
20230703,1259,385.80,385.80,385.80,385.80,0,CPA2027N
20230705,1259,384.30,384.30,384.30,384.30,0,CPA2027N
20230706,1259,383.25,383.25,383.25,383.25,0,CPA2027N
20230707,1259,387.40,387.40,387.40,387.40,0,CPA2027N
20230710,1259,388.15,388.15,388.15,388.15,0,CPA2027N
20230711,1259,386.95,386.95,386.95,386.95,0,CPA2027N
20230712,1259,394.50,394.50,394.50,394.50,0,CPA2027N
20230713,1259,402.00,402.00,402.00,402.00,0,CPA2027N
20230714,1259,401.70,401.70,401.70,401.70,0,CPA2027N
20230717,1259,393.40,393.40,393.40,393.40,0,CPA2027N
20230718,1259,392.30,392.30,392.30,392.30,0,CPA2027N
20230719,1259,390.25,390.25,390.25,390.25,0,CPA2027N
20230720,1259,393.05,393.05,393.05,393.05,0,CPA2027N
20230721,1259,392.40,392.40,392.40,392.40,0,CPA2027N
20230724,1259,395.95,395.95,395.95,395.95,0,CPA2027N
20230725,1259,401.20,401.20,401.20,401.20,0,CPA2027N
20230726,1259,399.80,399.80,399.80,399.80,0,CPA2027N
20230727,1259,398.05,398.05,398.05,398.05,0,CPA2027N
20230728,1259,402.65,402.65,402.65,402.65,0,CPA2027N
20230731,1259,409.50,409.50,409.50,409.50,0,CPA2027N
20230801,1259,401.15,401.15,401.15,401.15,0,CPA2027N
20230802,1259,395.85,395.85,395.85,395.85,0,CPA2027N
20230803,1259,402.10,402.10,402.10,402.10,0,CPA2027N
20230804,1259,399.20,399.20,399.20,399.20,0,CPA2027N
20230807,1259,396.95,396.95,396.95,396.95,0,CPA2027N
20230808,1259,390.20,390.20,390.20,390.20,0,CPA2027N
20230809,1259,390.95,390.95,390.95,390.95,0,CPA2027N
20230810,1259,390.10,390.10,390.10,390.10,0,CPA2027N
20230811,1259,387.00,387.00,387.00,387.00,0,CPA2027N
20230814,1259,386.35,386.35,386.35,386.35,0,CPA2027N
20230815,1259,383.55,383.55,383.55,383.55,0,CPA2027N
20230816,1259,382.15,382.15,382.15,382.15,0,CPA2027N
20230817,1259,384.90,384.90,384.90,384.90,0,CPA2027N
20230818,1259,384.85,384.85,384.85,384.85,0,CPA2027N
20230821,1259,386.55,386.55,386.55,386.55,0,CPA2027N
20230822,1259,389.90,389.90,389.90,389.90,0,CPA2027N
20230823,1259,394.30,394.30,394.30,394.30,0,CPA2027N
20230824,1259,390.80,390.80,390.80,390.80,0,CPA2027N
20230825,1259,389.75,389.75,389.75,389.75,0,CPA2027N
20230828,1259,390.90,390.90,390.90,390.90,0,CPA2027N
20230829,1259,395.75,395.75,395.75,395.75,0,CPA2027N
20230830,1259,396.25,396.25,396.25,396.25,0,CPA2027N
20230831,1259,394.35,394.35,394.35,394.35,0,CPA2027N
20230901,1259,396.90,396.90,396.90,396.90,0,CPA2027N
20230905,1259,396.20,396.20,396.20,396.20,0,CPA2027N
20230906,1259,391.15,391.15,391.15,391.15,0,CPA2027N
20230907,1259,388.95,388.95,388.95,388.95,0,CPA2027N
20230908,1259,384.80,384.80,384.80,384.80,0,CPA2027N
20230911,1259,393.60,393.60,393.60,393.60,0,CPA2027N
20230912,1259,392.20,392.20,392.20,392.20,0,CPA2027N
20230913,1259,392.05,392.05,392.05,392.05,0,CPA2027N
20230914,1259,392.20,392.20,392.20,392.20,0,CPA2027N
20230915,1259,391.30,391.30,391.30,391.30,0,CPA2027N
20230918,1259,389.85,389.85,389.85,389.85,0,CPA2027N
20230919,1259,386.95,386.95,386.95,386.95,0,CPA2027N
20230920,1259,389.75,389.75,389.75,389.75,0,CPA2027N
20230921,1259,383.25,383.25,383.25,383.25,0,CPA2027N
20230922,1259,384.15,384.15,384.15,384.15,0,CPA2027N
20230925,1259,382.50,382.50,382.50,382.50,0,CPA2027N
20230926,1259,379.95,379.95,379.95,379.95,0,CPA2027N
20230927,1259,378.25,378.25,378.25,378.25,0,CPA2027N
20230928,1259,383.65,383.65,383.65,383.65,0,CPA2027N
20230929,1259,387.45,387.45,387.45,387.45,0,CPA2027N
20231002,1259,378.95,378.95,378.95,378.95,0,CPA2027N
20231003,1259,376.35,376.35,376.35,376.35,0,CPA2027N
20231004,1259,373.20,373.20,373.20,373.20,0,CPA2027N
20231005,1259,369.50,369.50,369.50,369.50,0,CPA2027N
20231006,1259,376.55,376.55,376.55,376.55,0,CPA2027N
20231009,1259,378.75,378.75,378.75,378.75,0,CPA2027N
20231010,1259,376.20,376.20,376.20,376.20,0,CPA2027N
20231011,1259,375.90,375.90,375.90,375.90,0,CPA2027N
20231012,1259,375.85,375.85,375.85,375.85,0,CPA2027N
20231013,1259,373.95,373.95,373.95,373.95,0,CPA2027N
20231016,1259,376.75,376.75,376.75,376.75,0,CPA2027N
20231017,1259,376.80,376.80,376.80,376.80,0,CPA2027N
20231018,1259,376.00,376.00,376.00,376.00,0,CPA2027N
20231019,1259,376.75,376.75,376.75,376.75,0,CPA2027N
20231020,1259,374.80,374.80,374.80,374.80,0,CPA2027N
20231023,1259,374.65,374.65,374.65,374.65,0,CPA2027N
20231024,1259,374.75,374.75,374.75,374.75,0,CPA2027N
20231025,1259,372.95,372.95,372.95,372.95,0,CPA2027N
20231026,1259,374.70,374.70,374.70,374.70,0,CPA2027N
20231027,1259,380.10,380.10,380.10,380.10,0,CPA2027N
20231030,1259,381.35,381.35,381.35,381.35,0,CPA2027N
20231031,1259,380.55,380.55,380.55,380.55,0,CPA2027N
20231101,1259,381.75,381.75,381.75,381.75,0,CPA2027N
20231102,1259,384.25,384.25,384.25,384.25,0,CPA2027N
20231103,1259,385.00,385.00,385.00,385.00,0,CPA2027N
20231106,1259,389.05,389.05,389.05,389.05,0,CPA2027N
20231107,1259,387.15,387.15,387.15,387.15,0,CPA2027N
20231108,1259,383.70,383.70,383.70,383.70,0,CPA2027N
20231109,1259,383.80,383.80,383.80,383.80,0,CPA2027N
20231110,1259,381.00,381.00,381.00,381.00,0,CPA2027N
20231113,1259,386.80,386.80,386.80,386.80,0,CPA2027N
20231114,1259,388.90,388.90,388.90,388.90,0,CPA2027N
20231115,1259,392.35,392.35,392.35,392.35,0,CPA2027N
20231116,1259,390.60,390.60,390.60,390.60,0,CPA2027N
20231117,1259,393.90,393.90,393.90,393.90,0,CPA2027N
20231120,1259,400.65,400.65,400.65,400.65,0,CPA2027N
20231121,1259,402.25,402.25,402.25,402.25,0,CPA2027N
20231122,1259,397.15,397.15,397.15,397.15,0,CPA2027N
20231124,1159,400.40,400.40,400.40,400.40,0,CPA2027N
20231127,1259,397.70,397.70,397.70,397.70,0,CPA2027N
20231128,1259,400.55,400.55,400.55,400.55,0,CPA2027N
20231129,1259,399.10,399.10,399.10,399.10,0,CPA2027N
20231130,1259,401.05,401.05,401.05,401.05,0,CPA2027N
20231201,1259,407.60,407.60,407.60,407.60,0,CPA2027N
20231204,1259,400.25,400.25,400.25,400.25,0,CPA2027N
20231205,1259,394.30,394.30,394.30,394.30,0,CPA2027N
20231206,1259,389.80,389.80,389.80,389.80,0,CPA2027N
20231207,1259,395.50,395.50,395.50,395.50,0,CPA2027N
20231208,1259,397.00,397.00,397.00,397.00,0,CPA2027N
20231211,1259,392.60,392.60,392.60,392.60,0,CPA2027N
20231212,1259,391.60,391.60,391.60,391.60,0,CPA2027N
20231213,1259,390.65,390.65,390.65,390.65,0,CPA2027N
20231214,1259,399.50,399.50,399.50,399.50,0,CPA2027N
20231215,1259,398.50,398.50,398.50,398.50,0,CPA2027N
20231218,1259,395.15,395.15,395.15,395.15,0,CPA2027N
20231219,1259,398.60,398.60,398.60,398.60,0,CPA2027N
20231220,1259,399.20,399.20,399.20,399.20,0,CPA2027N
20231221,1259,400.60,400.60,400.60,400.60,0,CPA2027N
20231222,1259,399.40,399.40,399.40,399.40,0,CPA2027N
20231226,1259,399.90,399.90,399.90,399.90,0,CPA2027N
20231227,1259,404.80,404.80,404.80,404.80,0,CPA2027N
20231228,1259,401.40,401.40,401.40,401.40,0,CPA2027N
20231229,1259,398.30,398.30,398.30,398.30,0,CPA2027N
20240102,1259,397.35,397.35,397.35,397.35,0,CPA2027N
20240103,1259,395.25,395.25,395.25,395.25,0,CPA2027N
20240104,1259,393.30,393.30,393.30,393.30,0,CPA2027N
20240105,1259,390.95,390.95,390.95,390.95,0,CPA2027N
20240108,1259,392.50,392.50,392.50,392.50,0,CPA2027N
20240109,1259,388.45,388.45,388.45,388.45,0,CPA2027N
20240110,1259,389.75,389.75,389.75,389.75,0,CPA2027N
20240111,1259,387.95,387.95,387.95,387.95,0,CPA2027N
20240112,1259,385.10,385.10,385.10,385.10,0,CPA2027N
20240116,1259,387.25,387.25,387.25,387.25,0,CPA2027N
20240117,1259,383.85,383.85,383.85,383.85,0,CPA2027N
20240118,1259,385.30,385.30,385.30,385.30,0,CPA2027N
20240119,1259,389.00,389.00,389.00,389.00,0,CPA2027N
20240122,1259,387.30,387.30,387.30,387.30,0,CPA2027N
20240123,1259,389.50,389.50,389.50,389.50,0,CPA2027N
20240124,1259,397.85,397.85,397.85,397.85,0,CPA2027N
20240125,1259,397.35,397.35,397.35,397.35,0,CPA2027N
20240126,1259,396.10,396.10,396.10,396.10,0,CPA2027N
20240129,1259,398.50,398.50,398.50,398.50,0,CPA2027N
20240130,1259,400.10,400.10,400.10,400.10,0,CPA2027N
20240131,1259,399.55,399.55,399.55,399.55,0,CPA2027N
20240201,1259,395.25,395.25,395.25,395.25,0,CPA2027N
20240202,1259,393.40,393.40,393.40,393.40,0,CPA2027N
20240205,1259,389.55,389.55,389.55,389.55,0,CPA2027N
20240206,1259,390.25,390.25,390.25,390.25,0,CPA2027N
20240207,1259,386.50,386.50,386.50,386.50,0,CPA2027N
20240208,1259,382.60,382.60,382.60,382.60,0,CPA2027N
20240209,1259,380.30,380.30,380.30,380.30,0,CPA2027N
20240212,1259,383.85,383.85,383.85,383.85,0,CPA2027N
20240213,1259,382.25,382.25,382.25,382.25,0,CPA2027N
20240214,1259,379.90,379.90,379.90,379.90,0,CPA2027N
20240215,1259,384.25,384.25,384.25,384.25,0,CPA2027N
20240216,1259,392.05,392.05,392.05,392.05,0,CPA2027N
20240220,1259,394.00,394.00,394.00,394.00,0,CPA2027N
20240221,1259,395.20,395.20,395.20,395.20,0,CPA2027N
20240222,1259,398.35,398.35,398.35,398.35,0,CPA2027N
20240223,1259,397.55,397.55,397.55,397.55,0,CPA2027N
20240226,1259,390.45,390.45,390.45,390.45,0,CPA2027N
20240227,1259,392.65,392.65,392.65,392.65,0,CPA2027N
20240228,1259,390.95,390.95,390.95,390.95,0,CPA2027N
20240229,1259,391.35,391.35,391.35,391.35,0,CPA2027N
20240301,1259,393.05,393.05,393.05,393.05,0,CPA2027N
20240304,1259,392.95,392.95,392.95,392.95,0,CPA2027N
20240305,1259,392.10,392.10,392.10,392.10,0,CPA2027N
20240306,1259,394.65,394.65,394.65,394.65,0,CPA2027N
20240307,1259,399.45,399.45,399.45,399.45,0,CPA2027N
20240308,1259,396.40,396.40,396.40,396.40,0,CPA2027N
20240311,1259,399.80,399.80,399.80,399.80,0,CPA2027N
20240312,1259,400.15,400.15,400.15,400.15,0,CPA2027N
20240313,1259,411.15,411.15,411.15,411.15,0,CPA2027N
20240314,1259,411.10,411.10,411.10,411.10,0,CPA2027N
20240315,1259,419.40,419.40,419.40,419.40,0,CPA2027N
20240318,1259,420.00,420.00,420.00,420.00,0,CPA2027N
20240319,1259,415.35,415.35,415.35,415.35,0,CPA2027N
20240320,1259,413.45,413.45,413.45,413.45,0,CPA2027N
20240321,1259,415.60,415.60,415.60,415.60,0,CPA2027N
20240322,1259,410.80,410.80,410.80,410.80,0,CPA2027N
20240325,1259,412.30,412.30,412.30,412.30,0,CPA2027N
20240326,1259,411.80,411.80,411.80,411.80,0,CPA2027N
20240327,1259,411.30,411.30,411.30,411.30,0,CPA2027N
20240328,1259,412.65,412.65,412.65,412.65,0,CPA2027N
20240401,1259,416.90,416.90,416.90,416.90,0,CPA2027N
20240402,1259,419.40,419.40,419.40,419.40,0,CPA2027N
20240403,1259,432.15,432.15,432.15,432.15,0,CPA2027N
20240404,1259,437.40,437.40,437.40,437.40,0,CPA2027N
20240405,1259,436.25,436.25,436.25,436.25,0,CPA2027N
20240408,1259,439.25,439.25,439.25,439.25,0,CPA2027N
20240409,1259,439.95,439.95,439.95,439.95,0,CPA2027N
20240410,1259,438.95,438.95,438.95,438.95,0,CPA2027N
20240411,1259,437.75,437.75,437.75,437.75,0,CPA2027N
20240412,1259,438.25,438.25,438.25,438.25,0,CPA2027N
20240415,1259,445.80,445.80,445.80,445.80,0,CPA2027N
20240416,1259,438.65,438.65,438.65,438.65,0,CPA2027N
20240417,1259,439.85,439.85,439.85,439.85,0,CPA2027N
20240418,1259,450.40,450.40,450.40,450.40,0,CPA2027N
20240419,1259,455.75,455.75,455.75,455.75,0,CPA2027N
20240422,1259,453.85,453.85,453.85,453.85,0,CPA2027N
20240423,1259,449.10,449.10,449.10,449.10,0,CPA2027N
20240424,1259,451.15,451.15,451.15,451.15,0,CPA2027N
20240425,1259,456.55,456.55,456.55,456.55,0,CPA2027N
20240426,1259,461.15,461.15,461.15,461.15,0,CPA2027N
20240429,1259,469.60,469.60,469.60,469.60,0,CPA2027N
20240430,1259,459.35,459.35,459.35,459.35,0,CPA2027N
20240501,1259,456.65,456.65,456.65,456.65,0,CPA2027N
20240502,1259,451.20,451.20,451.20,451.20,0,CPA2027N
20240503,1259,458.10,458.10,458.10,458.10,0,CPA2027N
20240506,1259,463.50,463.50,463.50,463.50,0,CPA2027N
20240507,1259,463.20,463.20,463.20,463.20,0,CPA2027N
20240508,1259,457.65,457.65,457.65,457.65,0,CPA2027N
20240509,1259,459.55,459.55,459.55,459.55,0,CPA2027N
20240510,1259,460.80,460.80,460.80,460.80,0,CPA2027N
20240513,1259,467.15,467.15,467.15,467.15,0,CPA2027N
20240514,1259,459.95,459.95,459.95,459.95,0,CPA2027N
20240515,1259,468.05,468.05,468.05,468.05,0,CPA2027N
20240516,1259,472.70,472.70,472.70,472.70,0,CPA2027N
20240517,1259,486.45,486.45,486.45,486.45,0,CPA2027N
20240520,1259,494.35,494.35,494.35,494.35,0,CPA2027N
20240521,1259,494.45,494.45,494.45,494.45,0,CPA2027N
20240522,1259,475.60,475.60,475.60,475.60,0,CPA2027N
20240523,1259,473.55,473.55,473.55,473.55,0,CPA2027N
20240524,1259,471.90,471.90,471.90,471.90,0,CPA2027N
20240528,1259,482.60,482.60,482.60,482.60,0,CPA2027N
20240529,1259,479.05,479.05,479.05,479.05,0,CPA2027N
20240530,1259,465.85,465.85,465.85,465.85,0,CPA2027N
20240531,1259,463.55,463.55,463.55,463.55,0,CPA2027N
20240603,1259,468.35,468.35,468.35,468.35,0,CPA2027N
20240604,1259,455.75,455.75,455.75,455.75,0,CPA2027N
20240605,1259,457.95,457.95,457.95,457.95,0,CPA2027N
20240606,1259,466.10,466.10,466.10,466.10,0,CPA2027N
20240607,1259,451.35,451.35,451.35,451.35,0,CPA2027N
20240610,1259,457.10,457.10,457.10,457.10,0,CPA2027N
20240611,1259,451.15,451.15,451.15,451.15,0,CPA2027N
20240612,1259,457.45,457.45,457.45,457.45,0,CPA2027N
20240613,1259,450.90,450.90,450.90,450.90,0,CPA2027N
20240614,1259,450.30,450.30,450.30,450.30,0,CPA2027N
20240617,1259,446.65,446.65,446.65,446.65,0,CPA2027N
20240618,1259,449.35,449.35,449.35,449.35,0,CPA2027N
20240620,1259,455.55,455.55,455.55,455.55,0,CPA2027N
20240621,1259,447.75,447.75,447.75,447.75,0,CPA2027N
20240624,1259,446.70,446.70,446.70,446.70,0,CPA2027N
20240625,1259,443.20,443.20,443.20,443.20,0,CPA2027N
20240626,1259,443.35,443.35,443.35,443.35,0,CPA2027N
20240627,1259,442.35,442.35,442.35,442.35,0,CPA2027N
20240628,1259,446.20,446.20,446.20,446.20,0,CPA2027N
20240701,1259,448.70,448.70,448.70,448.70,0,CPA2027N
20240702,1259,448.05,448.05,448.05,448.05,0,CPA2027N
20240703,1259,457.95,457.95,457.95,457.95,0,CPA2027N
20240705,1259,464.70,464.70,464.70,464.70,0,CPA2027N
20240708,1259,463.45,463.45,463.45,463.45,0,CPA2027N
20240709,1259,460.15,460.15,460.15,460.15,0,CPA2027N
20240710,1259,461.00,461.00,461.00,461.00,0,CPA2027N
20240711,1259,457.90,457.90,457.90,457.90,0,CPA2027N
20240712,1259,463.65,463.65,463.65,463.65,0,CPA2027N
20240715,1259,459.85,459.85,459.85,459.85,0,CPA2027N
20240716,1259,453.70,453.70,453.70,453.70,0,CPA2027N
20240717,1259,451.70,451.70,451.70,451.70,0,CPA2027N
20240718,1259,440.80,440.80,440.80,440.80,0,CPA2027N
20240719,1259,438.70,438.70,438.70,438.70,0,CPA2027N
20240722,1259,435.20,435.20,435.20,435.20,0,CPA2027N
20240723,1259,430.75,430.75,430.75,430.75,0,CPA2027N
20240724,1259,427.50,427.50,427.50,427.50,0,CPA2027N
20240725,1259,429.00,429.00,429.00,429.00,0,CPA2027N
20240726,1259,430.30,430.30,430.30,430.30,0,CPA2027N
20240729,1259,426.75,426.75,426.75,426.75,0,CPA2027N
20240730,1259,427.10,427.10,427.10,427.10,0,CPA2027N
20240731,1259,435.70,435.70,435.70,435.70,0,CPA2027N
20240801,1259,427.80,427.80,427.80,427.80,0,CPA2027N
20240802,1259,429.65,429.65,429.65,429.65,0,CPA2027N
20240805,1259,418.90,418.90,418.90,418.90,0,CPA2027N
20240806,1259,421.40,421.40,421.40,421.40,0,CPA2027N
20240807,1259,416.50,416.50,416.50,416.50,0,CPA2027N
20240808,1259,416.45,416.45,416.45,416.45,0,CPA2027N
20240809,1259,419.15,419.15,419.15,419.15,0,CPA2027N
20240812,1259,426.15,426.15,426.15,426.15,0,CPA2027N
20240813,1259,424.20,424.20,424.20,424.20,0,CPA2027N
20240814,1259,423.00,423.00,423.00,423.00,0,CPA2027N
20240815,1259,431.20,431.20,431.20,431.20,0,CPA2027N
20240816,1259,433.00,433.00,433.00,433.00,0,CPA2027N
20240819,1259,436.50,436.50,436.50,436.50,0,CPA2027N
20240820,1259,434.50,434.50,434.50,434.50,0,CPA2027N
20240821,1259,436.00,436.00,436.00,436.00,0,CPA2027N
20240822,1259,433.00,433.00,433.00,433.00,0,CPA2027N
20240823,1259,438.25,438.25,438.25,438.25,0,CPA2027N
20240826,1259,442.40,442.40,442.40,442.40,0,CPA2027N
20240827,1259,444.95,444.95,444.95,444.95,0,CPA2027N
20240828,1259,437.65,437.65,437.65,437.65,0,CPA2027N
20240829,1259,438.60,438.60,438.60,438.60,0,CPA2027N
20240830,1259,437.35,437.35,437.35,437.35,0,CPA2027N
20240903,1259,424.75,424.75,424.75,424.75,0,CPA2027N
20240904,1259,423.80,423.80,423.80,423.80,0,CPA2027N
20240905,1259,429.90,429.90,429.90,429.90,0,CPA2027N
20240906,1259,424.85,424.85,424.85,424.85,0,CPA2027N
20240909,1259,431.75,431.75,431.75,431.75,0,CPA2027N
20240910,1259,426.70,426.70,426.70,426.70,0,CPA2027N
20240911,1259,430.65,430.65,430.65,430.65,0,CPA2027N
20240912,1259,435.45,435.45,435.45,435.45,0,CPA2027N
20240913,1259,438.50,438.50,438.50,438.50,0,CPA2027N
20240916,1259,442.70,442.70,442.70,442.70,0,CPA2027N
20240917,1259,443.35,443.35,443.35,443.35,0,CPA2027N
20240918,1259,444.85,444.85,444.85,444.85,0,CPA2027N
20240919,1259,449.35,449.35,449.35,449.35,0,CPA2027N
20240920,1259,449.35,449.35,449.35,449.35,0,CPA2027N
20240923,1259,450.05,450.05,450.05,450.05,0,CPA2027N
20240924,1259,462.70,462.70,462.70,462.70,0,CPA2027N
20240925,1259,462.65,462.65,462.65,462.65,0,CPA2027N
20240926,1259,464.00,464.00,464.00,464.00,0,CPA2027N
20240927,1259,462.25,462.25,462.25,462.25,0,CPA2027N
20240930,1259,455.55,455.55,455.55,455.55,0,CPA2027N
20241001,1259,461.85,461.85,461.85,461.85,0,CPA2027N
20241002,1259,467.90,467.90,467.90,467.90,0,CPA2027N
20241003,1259,460.00,460.00,460.00,460.00,0,CPA2027N
20241004,1259,463.95,463.95,463.95,463.95,0,CPA2027N
20241007,1259,463.90,463.90,463.90,463.90,0,CPA2027N
20241008,1259,454.85,454.85,454.85,454.85,0,CPA2027N
20241009,1259,448.65,448.65,448.65,448.65,0,CPA2027N
20241010,1259,450.95,450.95,450.95,450.95,0,CPA2027N
20241011,1259,456.90,456.90,456.90,456.90,0,CPA2027N
20241014,1259,451.00,451.00,451.00,451.00,0,CPA2027N
20241015,1259,450.85,450.85,450.85,450.85,0,CPA2027N
20241016,1259,453.00,453.00,453.00,453.00,0,CPA2027N
20241017,1259,450.90,450.90,450.90,450.90,0,CPA2027N
20241018,1259,456.95,456.95,456.95,456.95,0,CPA2027N
20241021,1259,454.75,454.75,454.75,454.75,0,CPA2027N
20241022,1259,456.75,456.75,456.75,456.75,0,CPA2027N
20241023,1259,453.60,453.60,453.60,453.60,0,CPA2027N
20241024,1259,454.55,454.55,454.55,454.55,0,CPA2027N
20241025,1259,455.25,455.25,455.25,455.25,0,CPA2027N
20241028,1259,452.90,452.90,452.90,452.90,0,CPA2027N
20241029,1259,452.10,452.10,452.10,452.10,0,CPA2027N
20241030,1259,451.00,451.00,451.00,451.00,0,CPA2027N
20241031,1259,450.75,450.75,450.75,450.75,0,CPA2027N
20241101,1259,454.15,454.15,454.15,454.15,0,CPA2027N
20241104,1259,459.15,459.15,459.15,459.15,0,CPA2027N
20241105,1259,463.55,463.55,463.55,463.55,0,CPA2027N
20241106,1259,443.05,443.05,443.05,443.05,0,CPA2027N
20241107,1259,459.95,459.95,459.95,459.95,0,CPA2027N
20241108,1259,448.95,448.95,448.95,448.95,0,CPA2027N
20241111,1259,441.95,441.95,441.95,441.95,0,CPA2027N
20241112,1259,437.25,437.25,437.25,437.25,0,CPA2027N
20241113,1259,433.50,433.50,433.50,433.50,0,CPA2027N
20241114,1259,433.35,433.35,433.35,433.35,0,CPA2027N
20241115,1259,429.85,429.85,429.85,429.85,0,CPA2027N
20241118,1259,435.25,435.25,435.25,435.25,0,CPA2027N
20241119,1259,436.55,436.55,436.55,436.55,0,CPA2027N
20241120,1259,436.75,436.75,436.75,436.75,0,CPA2027N
20241121,1259,434.65,434.65,434.65,434.65,0,CPA2027N
20241122,1259,431.55,431.55,431.55,431.55,0,CPA2027N
20241125,1259,434.45,434.45,434.45,434.45,0,CPA2027N
20241126,1259,430.95,430.95,430.95,430.95,0,CPA2027N
20241127,1259,432.80,432.80,432.80,432.80,0,CPA2027N
20241129,1259,432.95,432.95,432.95,432.95,0,CPA2027N
20241202,1259,432.65,432.65,432.65,432.65,0,CPA2027N
20241203,1259,441.85,441.85,441.85,441.85,0,CPA2027N
20241204,1259,441.60,441.60,441.60,441.60,0,CPA2027N
20241205,1259,445.70,445.70,445.70,445.70,0,CPA2027N
20241206,1259,445.40,445.40,445.40,445.40,0,CPA2027N
20241209,1259,452.95,452.95,452.95,452.95,0,CPA2027N
20241210,1259,452.20,452.20,452.20,452.20,0,CPA2027N
20241211,1259,450.45,450.45,450.45,450.45,0,CPA2027N
20241212,1259,448.75,448.75,448.75,448.75,0,CPA2027N
20241213,1259,444.25,444.25,444.25,444.25,0,CPA2027N
20241216,1259,444.00,444.00,444.00,444.00,0,CPA2027N
20241217,1259,441.25,441.25,441.25,441.25,0,CPA2027N
20241218,1259,442.50,442.50,442.50,442.50,0,CPA2027N
20241219,1259,435.10,435.10,435.10,435.10,0,CPA2027N
20241220,1259,436.85,436.85,436.85,436.85,0,CPA2027N
20241223,1259,435.55,435.55,435.55,435.55,0,CPA2027N
20241224,1159,437.35,437.35,437.35,437.35,0,CPA2027N
20241226,1259,439.35,439.35,439.35,439.35,0,CPA2027N
20241227,1259,438.25,438.25,438.25,438.25,0,CPA2027N
20241230,1259,434.25,434.25,434.25,434.25,0,CPA2027N
20241231,1259,426.80,426.80,426.80,426.80,0,CPA2027N
20250102,1259,427.05,427.05,427.05,427.05,0,CPA2027N
20250103,1259,431.05,431.05,431.05,431.05,0,CPA2027N
20250106,1259,438.65,438.65,438.65,438.65,0,CPA2027N
20250107,1259,442.95,442.95,442.95,442.95,0,CPA2027N
20250108,1259,447.45,447.45,447.45,447.45,0,CPA2027N
20250109,1259,451.10,451.10,451.10,451.10,0,CPA2027N
20250110,1259,449.10,449.10,449.10,449.10,0,CPA2027N
20250113,1259,453.75,453.75,453.75,453.75,0,CPA2027N
20250114,1259,456.25,456.25,456.25,456.25,0,CPA2027N
20250115,1259,459.90,459.90,459.90,459.90,0,CPA2027N
20250116,1259,465.50,465.50,465.50,465.50,0,CPA2027N
20250117,1259,458.80,458.80,458.80,458.80,0,CPA2027N
20250121,1259,457.65,457.65,457.65,457.65,0,CPA2027N
20250122,1259,454.85,454.85,454.85,454.85,0,CPA2027N
20250123,1259,457.05,457.05,457.05,457.05,0,CPA2027N
20250124,1259,458.20,458.20,458.20,458.20,0,CPA2027N
20250127,1259,450.70,450.70,450.70,450.70,0,CPA2027N
20250128,1259,451.05,451.05,451.05,451.05,0,CPA2027N
20250129,1259,454.30,454.30,454.30,454.30,0,CPA2027N
20250130,1259,458.75,458.75,458.75,458.75,0,CPA2027N
20250131,1259,455.80,455.80,455.80,455.80,0,CPA2027N
20250203,1259,457.70,457.70,457.70,457.70,0,CPA2027N
20250204,1259,462.25,462.25,462.25,462.25,0,CPA2027N
20250205,1259,470.50,470.50,470.50,470.50,0,CPA2027N
20250206,1259,473.30,473.30,473.30,473.30,0,CPA2027N
20250207,1259,485.85,485.85,485.85,485.85,0,CPA2027N
20250210,1259,496.25,496.25,496.25,496.25,0,CPA2027N
20250211,1259,486.20,486.20,486.20,486.20,0,CPA2027N
20250212,1259,497.20,497.20,497.20,497.20,0,CPA2027N
20250213,1259,504.80,504.80,504.80,504.80,0,CPA2027N
20250214,1259,493.80,493.80,493.80,493.80,0,CPA2027N
20250218,1259,488.60,488.60,488.60,488.60,0,CPA2027N
20250219,1259,485.50,485.50,485.50,485.50,0,CPA2027N
20250220,1259,490.30,490.30,490.30,490.30,0,CPA2027N
20250221,1259,486.10,486.10,486.10,486.10,0,CPA2027N
20250224,1259,481.10,481.10,481.10,481.10,0,CPA2027N
20250225,1259,477.65,477.65,477.65,477.65,0,CPA2027N
20250226,1259,483.70,483.70,483.70,483.70,0,CPA2027N
20250227,1259,486.80,486.80,486.80,486.80,0,CPA2027N
20250228,1259,480.35,480.35,480.35,480.35,0,CPA2027N
20250303,1259,487.85,487.85,487.85,487.85,0,CPA2027N
20250304,1259,483.40,483.40,483.40,483.40,0,CPA2027N
20250305,1259,507.35,507.35,507.35,507.35,0,CPA2027N
20250306,1259,508.45,508.45,508.45,508.45,0,CPA2027N
20250307,1259,500.35,500.35,500.35,500.35,0,CPA2027N
20250310,1259,497.45,497.45,497.45,497.45,0,CPA2027N
20250311,1259,507.75,507.75,507.75,507.75,0,CPA2027N
20250312,1259,516.65,516.65,516.65,516.65,0,CPA2027N
20250313,1259,524.70,524.70,524.70,524.70,0,CPA2027N
20250314,1259,522.00,522.00,522.00,522.00,0,CPA2027N
20250317,1259,528.70,528.70,528.70,528.70,0,CPA2027N
20250318,1259,535.25,535.25,535.25,535.25,0,CPA2027N
20250319,1259,542.70,542.70,542.70,542.70,0,CPA2027N
20250320,1259,544.30,544.30,544.30,544.30,0,CPA2027N
20250321,1259,544.90,544.90,544.90,544.90,0,CPA2027N
20250324,1259,542.55,542.55,542.55,542.55,0,CPA2027N
20250325,1259,553.65,553.65,553.65,553.65,0,CPA2027N
20250326,1259,547.60,547.60,547.60,547.60,0,CPA2027N
20250327,1259,535.35,535.35,535.35,535.35,0,CPA2027N
20250328,1259,536.35,536.35,536.35,536.35,0,CPA2027N
20250331,1259,528.55,528.55,528.55,528.55,0,CPA2027N
20250401,1259,529.65,529.65,529.65,529.65,0,CPA2027N
20250402,1259,530.05,530.05,530.05,530.05,0,CPA2027N
20250403,1259,510.70,510.70,510.70,510.70,0,CPA2027N
20250404,1259,471.85,471.85,471.85,471.85,0,CPA2027N
20250407,1259,452.15,452.15,452.15,452.15,0,CPA2027N
20250408,1259,448.85,448.85,448.85,448.85,0,CPA2027N
20250409,1259,453.55,453.55,453.55,453.55,0,CPA2027N
20250410,1259,467.25,467.25,467.25,467.25,0,CPA2027N
20250411,1259,485.80,485.80,485.80,485.80,0,CPA2027N
20250414,1259,497.60,497.60,497.60,497.60,0,CPA2027N
20250415,1259,497.15,497.15,497.15,497.15,0,CPA2027N
20250416,1259,502.75,502.75,502.75,502.75,0,CPA2027N
20250417,1259,507.45,507.45,507.45,507.45,0,CPA2027N
20250421,1259,506.55,506.55,506.55,506.55,0,CPA2027N
20250422,1259,520.40,520.40,520.40,520.40,0,CPA2027N
20250423,1259,517.70,517.70,517.70,517.70,0,CPA2027N
20250424,1259,519.50,519.50,519.50,519.50,0,CPA2027N
20250425,1259,517.95,517.95,517.95,517.95,0,CPA2027N
20250428,1259,516.50,516.50,516.50,516.50,0,CPA2027N
20250429,1259,515.30,515.30,515.30,515.30,0,CPA2027N
20250430,1259,490.55,490.55,490.55,490.55,0,CPA2027N
20250501,1259,493.05,493.05,493.05,493.05,0,CPA2027N
20250502,1259,499.35,499.35,499.35,499.35,0,CPA2027N
20250505,1259,503.15,503.15,503.15,503.15,0,CPA2027N
20250506,1259,511.10,511.10,511.10,511.10,0,CPA2027N
20250507,1259,500.75,500.75,500.75,500.75,0,CPA2027N
20250508,1259,495.05,495.05,495.05,495.05,0,CPA2027N
20250509,1259,500.05,500.05,500.05,500.05,0,CPA2027N
20250512,1259,497.30,497.30,497.30,497.30,0,CPA2027N
20250513,1259,507.20,507.20,507.20,507.20,0,CPA2027N
20250514,1259,500.50,500.50,500.50,500.50,0,CPA2027N
20250515,1259,502.70,502.70,502.70,502.70,0,CPA2027N
20250516,1259,494.00,494.00,494.00,494.00,0,CPA2027N
20250519,1259,501.60,501.60,501.60,501.60,0,CPA2027N
20250520,1259,500.00,500.00,500.00,500.00,0,CPA2027N
20250521,1259,500.85,500.85,500.85,500.85,0,CPA2027N
20250522,1259,501.35,501.35,501.35,501.35,0,CPA2027N
20250523,1259,517.25,517.25,517.25,517.25,0,CPA2027N
20250527,1259,508.55,508.55,508.55,508.55,0,CPA2027N
20250528,1259,503.50,503.50,503.50,503.50,0,CPA2027N
20250529,1259,504.05,504.05,504.05,504.05,0,CPA2027N
20250530,1259,503.45,503.45,503.45,503.45,0,CPA2027N
20250602,1259,521.20,521.20,521.20,521.20,0,CPA2027N
20250603,1259,519.35,519.35,519.35,519.35,0,CPA2027N
20250604,1259,523.85,523.85,523.85,523.85,0,CPA2027N
20250605,1259,528.35,528.35,528.35,528.35,0,CPA2027N
20250606,1259,520.85,520.85,520.85,520.85,0,CPA2027N
20250609,1259,528.05,528.05,528.05,528.05,0,CPA2027N
20250610,1259,524.75,524.75,524.75,524.75,0,CPA2027N
20250611,1259,517.10,517.10,517.10,517.10,0,CPA2027N
20250612,1259,519.15,519.15,519.15,519.15,0,CPA2027N
20250613,1259,517.50,517.50,517.50,517.50,0,CPA2027N
20250616,1259,520.30,520.30,520.30,520.30,0,CPA2027N
20250617,1259,517.10,517.10,517.10,517.10,0,CPA2027N
20250618,1259,521.05,521.05,521.05,521.05,0,CPA2027N
20250620,1259,518.70,518.70,518.70,518.70,0,CPA2027N
20250623,1259,520.05,520.05,520.05,520.05,0,CPA2027N
20250624,1259,523.05,523.05,523.05,523.05,0,CPA2027N
20250625,1259,527.95,527.95,527.95,527.95,0,CPA2027N
20250626,1259,542.50,542.50,542.50,542.50,0,CPA2027N
20250627,1259,542.80,542.80,542.80,542.80,0,CPA2027N
20250630,1259,538.35,538.35,538.35,538.35,0,CPA2027N
20250701,1259,540.55,540.55,540.55,540.55,0,CPA2027N
20250702,1259,550.80,550.80,550.80,550.80,0,CPA2027N
20250703,1259,545.65,545.65,545.65,545.65,0,CPA2027N
20250707,1259,534.15,534.15,534.15,534.15,0,CPA2027N
20250708,1259,600.05,600.05,600.05,600.05,0,CPA2027N
20250709,1259,571.60,571.60,571.60,571.60,0,CPA2027N
20250710,1259,583.35,583.35,583.35,583.35,0,CPA2027N
20250711,1259,585.05,585.05,585.05,585.05,0,CPA2027N
20250714,1259,580.00,580.00,580.00,580.00,0,CPA2027N
20250715,1259,582.55,582.55,582.55,582.55,0,CPA2027N
20250716,1259,576.95,576.95,576.95,576.95,0,CPA2027N
20250717,1259,575.45,575.45,575.45,575.45,0,CPA2027N
20250718,1259,584.50,584.50,584.50,584.50,0,CPA2027N
20250721,1259,587.40,587.40,587.40,587.40,0,CPA2027N
20250722,1259,595.40,595.40,595.40,595.40,0,CPA2027N
20250723,1259,604.40,604.40,604.40,604.40,0,CPA2027N
20250724,1259,604.10,604.10,604.10,604.10,0,CPA2027N
20250725,1259,602.15,602.15,602.15,602.15,0,CPA2027N
20250728,1057,588.20,588.20,588.20,588.20,1,CPA2027N
20250728,1058,587.95,587.95,587.95,587.95,1,CPA2027N
20250728,1059,587.30,587.30,587.30,587.30,1,CPA2027N
20250728,1100,587.00,587.00,587.00,587.00,1,CPA2027N
20250728,1103,586.25,586.25,586.25,586.25,1,CPA2027N
20250728,1105,585.65,585.65,585.65,585.65,1,CPA2027N
20250728,1107,585.30,585.30,585.30,585.30,1,CPA2027N
20250728,1108,585.05,585.05,585.05,585.05,1,CPA2027N
20250728,1109,584.60,584.75,584.60,584.75,2,CPA2027N
20250728,1142,584.75,584.75,584.75,584.75,1,CPA2027N
20250728,1143,585.05,585.15,585.05,585.15,2,CPA2027N
20250728,1144,585.00,585.00,585.00,585.00,1,CPA2027N
20250728,1145,585.20,585.55,585.20,585.55,2,CPA2027N
20250728,1146,585.50,585.50,585.40,585.40,2,CPA2027N
20250728,1147,585.95,585.95,585.65,585.65,2,CPA2027N
20250728,1259,585.35,585.35,585.35,585.35,0,CPA2027N
20250729,1259,586.95,586.95,586.95,586.95,0,CPA2027N
20250730,1259,582.60,582.60,582.60,582.60,0,CPA2027N
20250730,1515,491.00,491.00,491.00,491.00,4,CPA2027N
20250730,1516,491.00,491.00,491.00,491.00,16,CPA2027N
20250731,0905,469.45,469.50,469.45,469.50,5,CPA2027N
20250731,0906,469.50,469.50,469.50,469.50,5,CPA2027N
20250731,0907,469.50,469.50,469.50,469.50,10,CPA2027N
20250731,1059,468.45,468.50,468.45,468.50,10,CPA2027N
20250731,1259,467.05,467.05,467.05,467.05,0,CPA2027N
20250801,1259,474.20,474.20,474.20,474.20,0,CPA2027N
20250804,1259,473.90,473.90,473.90,473.90,0,CPA2027N
20250805,1259,469.40,469.40,469.40,469.40,0,CPA2027N
20250806,1259,472.75,472.75,472.75,472.75,0,CPA2027N
20250807,1259,472.55,472.55,472.55,472.55,0,CPA2027N
