Date,Time,Open,High,Low,Close,TradeVolume,Contract
20220720,1259,355.65,355.65,355.65,355.65,0,CPA2026Z
20220721,1259,352.45,352.45,352.45,352.45,0,CPA2026Z
20220722,1259,359.20,359.20,359.20,359.20,0,CPA2026Z
20220725,1259,361.10,361.10,361.10,361.10,0,CPA2026Z
20220726,1259,363.70,363.70,363.70,363.70,0,CPA2026Z
20220727,1259,367.70,367.70,367.70,367.70,0,CPA2026Z
20220728,1259,372.50,372.50,372.50,372.50,0,CPA2026Z
20220729,1259,381.20,381.20,381.20,381.20,0,CPA2026Z
20220801,1259,378.60,378.60,378.60,378.60,0,CPA2026Z
20220802,1259,375.90,375.90,375.90,375.90,0,CPA2026Z
20220803,1259,371.10,371.10,371.10,371.10,0,CPA2026Z
20220804,1259,373.05,373.05,373.05,373.05,0,CPA2026Z
20220805,1259,380.30,380.30,380.30,380.30,0,CPA2026Z
20220808,1259,383.15,383.15,383.15,383.15,0,CPA2026Z
20220809,1259,383.15,383.15,383.15,383.15,0,CPA2026Z
20220810,1259,388.85,388.85,388.85,388.85,0,CPA2026Z
20220811,1259,391.95,391.95,391.95,391.95,0,CPA2026Z
20220812,1259,386.80,386.80,386.80,386.80,0,CPA2026Z
20220815,1259,381.95,381.95,381.95,381.95,0,CPA2026Z
20220816,1259,382.15,382.15,382.15,382.15,0,CPA2026Z
20220822,1259,382.45,382.45,382.45,382.45,0,CPA2026Z
20220823,1259,385.85,385.85,385.85,385.85,0,CPA2026Z
20220824,1259,382.45,382.45,382.45,382.45,0,CPA2026Z
20220825,1259,385.35,385.35,385.35,385.35,0,CPA2026Z
20220826,1259,386.40,386.40,386.40,386.40,0,CPA2026Z
20220829,1259,378.20,378.20,378.20,378.20,0,CPA2026Z
20220830,1259,373.05,373.05,373.05,373.05,0,CPA2026Z
20220831,1259,369.00,369.00,369.00,369.00,0,CPA2026Z
20220901,1259,358.25,358.25,358.25,358.25,0,CPA2026Z
20220902,1259,358.55,358.55,358.55,358.55,0,CPA2026Z
20220906,1259,362.75,362.75,362.75,362.75,0,CPA2026Z
20220907,1259,359.70,359.70,359.70,359.70,0,CPA2026Z
20220908,1259,367.85,367.85,367.85,367.85,0,CPA2026Z
20220909,1259,371.85,371.85,371.85,371.85,0,CPA2026Z
20220912,1259,375.25,375.25,375.25,375.25,0,CPA2026Z
20220913,1259,370.90,370.90,370.90,370.90,0,CPA2026Z
20220914,1259,366.35,366.35,366.35,366.35,0,CPA2026Z
20220915,1259,362.15,362.15,362.15,362.15,0,CPA2026Z
20220916,1259,362.60,362.60,362.60,362.60,0,CPA2026Z
20220919,1259,363.70,363.70,363.70,363.70,0,CPA2026Z
20220920,1259,363.50,363.50,363.50,363.50,0,CPA2026Z
20220921,1259,360.45,360.45,360.45,360.45,0,CPA2026Z
20220922,1259,361.50,361.50,361.50,361.50,0,CPA2026Z
20220923,1259,349.25,349.25,349.25,349.25,0,CPA2026Z
20220926,1259,344.05,344.05,344.05,344.05,0,CPA2026Z
20220927,1259,343.25,343.25,343.25,343.25,0,CPA2026Z
20220928,1259,348.05,348.05,348.05,348.05,0,CPA2026Z
20220929,1259,352.85,352.85,352.85,352.85,0,CPA2026Z
20220930,1259,351.30,351.30,351.30,351.30,0,CPA2026Z
20221003,1259,352.00,352.00,352.00,352.00,0,CPA2026Z
20221004,1259,359.85,359.85,359.85,359.85,0,CPA2026Z
20221005,1259,362.40,362.40,362.40,362.40,0,CPA2026Z
20221006,1259,357.00,357.00,357.00,357.00,0,CPA2026Z
20221007,1259,351.85,351.85,351.85,351.85,0,CPA2026Z
20221010,1259,356.45,356.45,356.45,356.45,0,CPA2026Z
20221011,1259,360.20,360.20,360.20,360.20,0,CPA2026Z
20221012,1259,356.15,356.15,356.15,356.15,0,CPA2026Z
20221013,1259,356.70,356.70,356.70,356.70,0,CPA2026Z
20221014,1259,353.95,353.95,353.95,353.95,0,CPA2026Z
20221017,1259,354.50,354.50,354.50,354.50,0,CPA2026Z
20221018,1259,351.00,351.00,351.00,351.00,0,CPA2026Z
20221019,1259,347.60,347.60,347.60,347.60,0,CPA2026Z
20221020,1259,355.95,355.95,355.95,355.95,0,CPA2026Z
20221021,1259,360.60,360.60,360.60,360.60,0,CPA2026Z
20221024,1259,357.15,357.15,357.15,357.15,0,CPA2026Z
20221025,1259,354.05,354.05,354.05,354.05,0,CPA2026Z
20221026,1259,366.80,366.80,366.80,366.80,0,CPA2026Z
20221027,1259,364.85,364.85,364.85,364.85,0,CPA2026Z
20221028,1259,356.25,356.25,356.25,356.25,0,CPA2026Z
20221031,1259,350.80,350.80,350.80,350.80,0,CPA2026Z
20221101,1259,357.35,357.35,357.35,357.35,0,CPA2026Z
20221102,1259,357.80,357.80,357.80,357.80,0,CPA2026Z
20221103,1259,354.85,354.85,354.85,354.85,0,CPA2026Z
20221104,1259,379.60,379.60,379.60,379.60,0,CPA2026Z
20221107,1259,373.35,373.35,373.35,373.35,0,CPA2026Z
20221108,1259,380.70,380.70,380.70,380.70,0,CPA2026Z
20221109,1259,381.55,381.55,381.55,381.55,0,CPA2026Z
20221110,1259,383.95,383.95,383.95,383.95,0,CPA2026Z
20221111,1259,399.25,399.25,399.25,399.25,0,CPA2026Z
20221114,1259,393.05,393.05,393.05,393.05,0,CPA2026Z
20221115,1259,393.10,393.10,393.10,393.10,0,CPA2026Z
20221116,1259,388.65,388.65,388.65,388.65,0,CPA2026Z
20221117,1259,382.85,382.85,382.85,382.85,0,CPA2026Z
20221118,1259,377.90,377.90,377.90,377.90,0,CPA2026Z
20221121,1259,371.35,371.35,371.35,371.35,0,CPA2026Z
20221122,1259,374.70,374.70,374.70,374.70,0,CPA2026Z
20221123,1259,374.80,374.80,374.80,374.80,0,CPA2026Z
20221125,1159,375.95,375.95,375.95,375.95,0,CPA2026Z
20221128,1259,373.40,373.40,373.40,373.40,0,CPA2026Z
20221129,1259,376.10,376.10,376.10,376.10,0,CPA2026Z
20221130,1259,385.05,385.05,385.05,385.05,0,CPA2026Z
20221201,1259,393.45,393.45,393.45,393.45,0,CPA2026Z
20221202,1259,396.35,396.35,396.35,396.35,0,CPA2026Z
20221205,1259,392.40,392.40,392.40,392.40,0,CPA2026Z
20221206,1259,394.90,394.90,394.90,394.90,0,CPA2026Z
20221207,1259,389.10,389.10,389.10,389.10,0,CPA2026Z
20221208,1259,390.10,390.10,390.10,390.10,0,CPA2026Z
20221209,1259,391.45,391.45,391.45,391.45,0,CPA2026Z
20221212,1259,384.85,384.85,384.85,384.85,0,CPA2026Z
20221213,1259,387.80,387.80,387.80,387.80,0,CPA2026Z
20221214,1259,391.40,391.40,391.40,391.40,0,CPA2026Z
20221215,1259,381.30,381.30,381.30,381.30,0,CPA2026Z
20221216,1259,381.20,381.20,381.20,381.20,0,CPA2026Z
20221219,1259,382.75,382.75,382.75,382.75,0,CPA2026Z
20221220,1259,384.00,384.00,384.00,384.00,0,CPA2026Z
20221221,1259,384.30,384.30,384.30,384.30,0,CPA2026Z
20221222,1259,379.75,379.75,379.75,379.75,0,CPA2026Z
20221223,1259,384.70,384.70,384.70,384.70,0,CPA2026Z
20221227,1259,389.05,389.05,389.05,389.05,0,CPA2026Z
20221228,1259,389.45,389.45,389.45,389.45,0,CPA2026Z
20221229,1259,386.75,386.75,386.75,386.75,0,CPA2026Z
20221230,1259,384.65,384.65,384.65,384.65,0,CPA2026Z
20230103,1259,381.95,381.95,381.95,381.95,0,CPA2026Z
20230104,1259,379.70,379.70,379.70,379.70,0,CPA2026Z
20230105,1259,386.55,386.55,386.55,386.55,0,CPA2026Z
20230106,1259,394.55,394.55,394.55,394.55,0,CPA2026Z
20230109,1259,406.40,406.40,406.40,406.40,0,CPA2026Z
20230110,1259,411.30,411.30,411.30,411.30,0,CPA2026Z
20230111,1259,419.80,419.80,419.80,419.80,0,CPA2026Z
20230112,1259,423.45,423.45,423.45,423.45,0,CPA2026Z
20230113,1259,425.40,425.40,425.40,425.40,0,CPA2026Z
20230117,1259,425.85,425.85,425.85,425.85,0,CPA2026Z
20230118,1259,426.60,426.60,426.60,426.60,0,CPA2026Z
20230119,1259,426.15,426.15,426.15,426.15,0,CPA2026Z
20230120,1259,428.00,428.00,428.00,428.00,0,CPA2026Z
20230123,1259,430.25,430.25,430.25,430.25,0,CPA2026Z
20230124,1259,429.15,429.15,429.15,429.15,0,CPA2026Z
20230125,1259,429.25,429.25,429.25,429.25,0,CPA2026Z
20230126,1259,430.45,430.45,430.45,430.45,0,CPA2026Z
20230127,1259,426.20,426.20,426.20,426.20,0,CPA2026Z
20230130,1259,424.80,424.80,424.80,424.80,0,CPA2026Z
20230131,1259,426.80,426.80,426.80,426.80,0,CPA2026Z
20230201,1259,416.40,416.40,416.40,416.40,0,CPA2026Z
20230202,1259,415.45,415.45,415.45,415.45,0,CPA2026Z
20230203,1259,412.40,412.40,412.40,412.40,0,CPA2026Z
20230206,1259,411.25,411.25,411.25,411.25,0,CPA2026Z
20230207,1259,412.75,412.75,412.75,412.75,0,CPA2026Z
20230208,1259,406.75,406.75,406.75,406.75,0,CPA2026Z
20230209,1259,412.50,412.50,412.50,412.50,0,CPA2026Z
20230210,1259,406.25,406.25,406.25,406.25,0,CPA2026Z
20230213,1259,410.70,410.70,410.70,410.70,0,CPA2026Z
20230214,1259,412.25,412.25,412.25,412.25,0,CPA2026Z
20230215,1259,404.95,404.95,404.95,404.95,0,CPA2026Z
20230216,1259,414.50,414.50,414.50,414.50,0,CPA2026Z
20230217,1259,413.30,413.30,413.30,413.30,0,CPA2026Z
20230221,1259,422.25,422.25,422.25,422.25,0,CPA2026Z
20230222,1259,419.75,419.75,419.75,419.75,0,CPA2026Z
20230223,1259,407.90,407.90,407.90,407.90,0,CPA2026Z
20230224,1259,399.10,399.10,399.10,399.10,0,CPA2026Z
20230227,1259,404.55,404.55,404.55,404.55,0,CPA2026Z
20230228,1259,412.25,412.25,412.25,412.25,0,CPA2026Z
20230301,1259,417.95,417.95,417.95,417.95,0,CPA2026Z
20230302,1259,411.25,411.25,411.25,411.25,0,CPA2026Z
20230303,1259,410.55,410.55,410.55,410.55,0,CPA2026Z
20230306,1259,413.10,413.10,413.10,413.10,0,CPA2026Z
20230307,1259,402.25,402.25,402.25,402.25,0,CPA2026Z
20230308,1259,407.00,407.00,407.00,407.00,0,CPA2026Z
20230309,1259,407.75,407.75,407.75,407.75,0,CPA2026Z
20230310,1259,408.05,408.05,408.05,408.05,0,CPA2026Z
20230313,1259,410.35,410.35,410.35,410.35,0,CPA2026Z
20230314,1259,405.95,405.95,405.95,405.95,0,CPA2026Z
20230315,1259,391.25,391.25,391.25,391.25,0,CPA2026Z
20230316,1259,392.60,392.60,392.60,392.60,0,CPA2026Z
20230317,1259,394.70,394.70,394.70,394.70,0,CPA2026Z
20230320,1259,400.35,400.35,400.35,400.35,0,CPA2026Z
20230321,1259,403.85,403.85,403.85,403.85,0,CPA2026Z
20230322,1259,407.20,407.20,407.20,407.20,0,CPA2026Z
20230323,1259,413.55,413.55,413.55,413.55,0,CPA2026Z
20230324,1259,411.20,411.20,411.20,411.20,0,CPA2026Z
20230327,1259,412.45,412.45,412.45,412.45,0,CPA2026Z
20230328,1259,412.75,412.75,412.75,412.75,0,CPA2026Z
20230329,1254,414.00,414.00,414.00,414.00,1,CPA2026Z
20230329,1259,411.75,411.75,411.75,411.75,0,CPA2026Z
20230330,1259,412.75,412.75,412.75,412.75,0,CPA2026Z
20230331,1259,412.90,412.90,412.90,412.90,0,CPA2026Z
20230403,1259,408.70,408.70,408.70,408.70,0,CPA2026Z
20230404,1259,401.40,401.40,401.40,401.40,0,CPA2026Z
20230405,1259,401.70,401.70,401.70,401.70,0,CPA2026Z
20230406,1259,404.65,404.65,404.65,404.65,0,CPA2026Z
20230410,1259,401.95,401.95,401.95,401.95,0,CPA2026Z
20230411,1259,405.60,405.60,405.60,405.60,0,CPA2026Z
20230412,1259,409.95,409.95,409.95,409.95,0,CPA2026Z
20230413,1259,413.30,413.30,413.30,413.30,0,CPA2026Z
20230414,1259,412.30,412.30,412.30,412.30,0,CPA2026Z
20230417,1259,409.55,409.55,409.55,409.55,0,CPA2026Z
20230418,1259,412.40,412.40,412.40,412.40,0,CPA2026Z
20230419,1259,411.00,411.00,411.00,411.00,0,CPA2026Z
20230420,1259,406.70,406.70,406.70,406.70,0,CPA2026Z
20230421,1259,403.05,403.05,403.05,403.05,0,CPA2026Z
20230424,1259,401.40,401.40,401.40,401.40,0,CPA2026Z
20230425,1259,391.35,391.35,391.35,391.35,0,CPA2026Z
20230426,1259,390.70,390.70,390.70,390.70,0,CPA2026Z
20230427,1259,392.65,392.65,392.65,392.65,0,CPA2026Z
20230428,1259,394.30,394.30,394.30,394.30,0,CPA2026Z
20230501,1259,398.90,398.90,398.90,398.90,0,CPA2026Z
20230502,1259,392.35,392.35,392.35,392.35,0,CPA2026Z
20230503,1259,390.85,390.85,390.85,390.85,0,CPA2026Z
20230504,1259,393.50,393.50,393.50,393.50,0,CPA2026Z
20230505,1259,395.35,395.35,395.35,395.35,0,CPA2026Z
20230508,1259,400.50,400.50,400.50,400.50,0,CPA2026Z
20230509,1259,398.20,398.20,398.20,398.20,0,CPA2026Z
20230510,1259,393.20,393.20,393.20,393.20,0,CPA2026Z
20230511,1259,379.80,379.80,379.80,379.80,0,CPA2026Z
20230512,1259,381.30,381.30,381.30,381.30,0,CPA2026Z
20230515,1259,383.85,383.85,383.85,383.85,0,CPA2026Z
20230516,1259,376.40,376.40,376.40,376.40,0,CPA2026Z
20230517,1259,384.95,384.95,384.95,384.95,0,CPA2026Z
20230518,1259,380.00,380.00,380.00,380.00,0,CPA2026Z
20230519,1259,383.65,383.65,383.65,383.65,0,CPA2026Z
20230522,1259,380.15,380.15,380.15,380.15,0,CPA2026Z
20230523,1259,377.45,377.45,377.45,377.45,0,CPA2026Z
20230524,1259,369.10,369.10,369.10,369.10,0,CPA2026Z
20230525,1259,371.25,371.25,371.25,371.25,0,CPA2026Z
20230526,1259,379.55,379.55,379.55,379.55,0,CPA2026Z
20230530,1259,378.60,378.60,378.60,378.60,0,CPA2026Z
20230531,1259,376.30,376.30,376.30,376.30,0,CPA2026Z
20230601,1259,382.85,382.85,382.85,382.85,0,CPA2026Z
20230602,1259,384.20,384.20,384.20,384.20,0,CPA2026Z
20230605,1259,387.15,387.15,387.15,387.15,0,CPA2026Z
20230606,1259,386.15,386.15,386.15,386.15,0,CPA2026Z
20230607,1259,382.80,382.80,382.80,382.80,0,CPA2026Z
20230608,1259,387.20,387.20,387.20,387.20,0,CPA2026Z
20230609,1259,387.55,387.55,387.55,387.55,0,CPA2026Z
20230612,1259,384.90,384.90,384.90,384.90,0,CPA2026Z
20230613,1259,390.45,390.45,390.45,390.45,0,CPA2026Z
20230614,1259,392.75,392.75,392.75,392.75,0,CPA2026Z
20230615,1259,395.35,395.35,395.35,395.35,0,CPA2026Z
20230616,1259,396.35,396.35,396.35,396.35,0,CPA2026Z
20230620,1259,393.95,393.95,393.95,393.95,0,CPA2026Z
20230621,1259,395.05,395.05,395.05,395.05,0,CPA2026Z
20230622,1259,395.55,395.55,395.55,395.55,0,CPA2026Z
20230623,1259,388.05,388.05,388.05,388.05,0,CPA2026Z
20230626,1259,386.90,386.90,386.90,386.90,0,CPA2026Z
20230627,1259,384.70,384.70,384.70,384.70,0,CPA2026Z
20230628,1259,381.25,381.25,381.25,381.25,0,CPA2026Z
20230629,1259,376.75,376.75,376.75,376.75,0,CPA2026Z
20230630,1259,383.40,383.40,383.40,383.40,0,CPA2026Z
20230703,1259,386.55,386.55,386.55,386.55,0,CPA2026Z
20230705,1259,385.05,385.05,385.05,385.05,0,CPA2026Z
20230706,1259,384.00,384.00,384.00,384.00,0,CPA2026Z
20230707,1259,388.15,388.15,388.15,388.15,0,CPA2026Z
20230710,1259,388.90,388.90,388.90,388.90,0,CPA2026Z
20230711,1259,387.70,387.70,387.70,387.70,0,CPA2026Z
20230712,1259,395.25,395.25,395.25,395.25,0,CPA2026Z
20230713,1259,402.75,402.75,402.75,402.75,0,CPA2026Z
20230714,1259,402.45,402.45,402.45,402.45,0,CPA2026Z
20230717,1259,394.15,394.15,394.15,394.15,0,CPA2026Z
20230718,1259,393.05,393.05,393.05,393.05,0,CPA2026Z
20230719,1259,391.00,391.00,391.00,391.00,0,CPA2026Z
20230720,1259,393.80,393.80,393.80,393.80,0,CPA2026Z
20230721,1259,393.15,393.15,393.15,393.15,0,CPA2026Z
20230724,1259,396.70,396.70,396.70,396.70,0,CPA2026Z
20230725,1259,401.95,401.95,401.95,401.95,0,CPA2026Z
20230726,1259,400.55,400.55,400.55,400.55,0,CPA2026Z
20230727,1259,398.80,398.80,398.80,398.80,0,CPA2026Z
20230728,1259,403.40,403.40,403.40,403.40,0,CPA2026Z
20230731,1259,410.25,410.25,410.25,410.25,0,CPA2026Z
20230801,1259,401.90,401.90,401.90,401.90,0,CPA2026Z
20230802,1259,396.60,396.60,396.60,396.60,0,CPA2026Z
20230803,1259,402.85,402.85,402.85,402.85,0,CPA2026Z
20230804,1259,399.95,399.95,399.95,399.95,0,CPA2026Z
20230807,1259,397.70,397.70,397.70,397.70,0,CPA2026Z
20230808,1259,390.95,390.95,390.95,390.95,0,CPA2026Z
20230809,1259,391.70,391.70,391.70,391.70,0,CPA2026Z
20230810,1259,390.85,390.85,390.85,390.85,0,CPA2026Z
20230811,1259,387.75,387.75,387.75,387.75,0,CPA2026Z
20230814,1259,387.10,387.10,387.10,387.10,0,CPA2026Z
20230815,1259,384.30,384.30,384.30,384.30,0,CPA2026Z
20230816,1259,382.90,382.90,382.90,382.90,0,CPA2026Z
20230817,1259,385.65,385.65,385.65,385.65,0,CPA2026Z
20230818,1259,385.60,385.60,385.60,385.60,0,CPA2026Z
20230821,1259,387.30,387.30,387.30,387.30,0,CPA2026Z
20230822,1259,390.65,390.65,390.65,390.65,0,CPA2026Z
20230823,1259,395.05,395.05,395.05,395.05,0,CPA2026Z
20230824,1259,391.55,391.55,391.55,391.55,0,CPA2026Z
20230825,1259,390.50,390.50,390.50,390.50,0,CPA2026Z
20230828,1259,391.65,391.65,391.65,391.65,0,CPA2026Z
20230829,1259,396.50,396.50,396.50,396.50,0,CPA2026Z
20230830,1259,397.00,397.00,397.00,397.00,0,CPA2026Z
20230831,1259,395.10,395.10,395.10,395.10,0,CPA2026Z
20230901,1259,397.65,397.65,397.65,397.65,0,CPA2026Z
20230905,1259,396.95,396.95,396.95,396.95,0,CPA2026Z
20230906,1259,391.90,391.90,391.90,391.90,0,CPA2026Z
20230907,1259,389.70,389.70,389.70,389.70,0,CPA2026Z
20230908,1259,385.55,385.55,385.55,385.55,0,CPA2026Z
20230911,1259,394.35,394.35,394.35,394.35,0,CPA2026Z
20230912,1259,392.95,392.95,392.95,392.95,0,CPA2026Z
20230913,1259,392.80,392.80,392.80,392.80,0,CPA2026Z
20230914,1259,392.95,392.95,392.95,392.95,0,CPA2026Z
20230915,1259,392.05,392.05,392.05,392.05,0,CPA2026Z
20230918,1259,390.60,390.60,390.60,390.60,0,CPA2026Z
20230919,1259,387.70,387.70,387.70,387.70,0,CPA2026Z
20230920,1259,390.50,390.50,390.50,390.50,0,CPA2026Z
20230921,1259,384.00,384.00,384.00,384.00,0,CPA2026Z
20230922,1259,384.90,384.90,384.90,384.90,0,CPA2026Z
20230925,1259,383.25,383.25,383.25,383.25,0,CPA2026Z
20230926,1259,380.70,380.70,380.70,380.70,0,CPA2026Z
20230927,1259,379.00,379.00,379.00,379.00,0,CPA2026Z
20230928,1259,384.40,384.40,384.40,384.40,0,CPA2026Z
20230929,1259,388.20,388.20,388.20,388.20,0,CPA2026Z
20231002,1259,379.70,379.70,379.70,379.70,0,CPA2026Z
20231003,1259,377.10,377.10,377.10,377.10,0,CPA2026Z
20231004,1259,373.95,373.95,373.95,373.95,0,CPA2026Z
20231005,1259,370.25,370.25,370.25,370.25,0,CPA2026Z
20231006,1259,377.30,377.30,377.30,377.30,0,CPA2026Z
20231009,1259,379.50,379.50,379.50,379.50,0,CPA2026Z
20231010,1259,376.95,376.95,376.95,376.95,0,CPA2026Z
20231011,1259,376.65,376.65,376.65,376.65,0,CPA2026Z
20231012,1259,376.60,376.60,376.60,376.60,0,CPA2026Z
20231013,1259,374.70,374.70,374.70,374.70,0,CPA2026Z
20231016,1259,377.50,377.50,377.50,377.50,0,CPA2026Z
20231017,1259,377.55,377.55,377.55,377.55,0,CPA2026Z
20231018,1259,376.75,376.75,376.75,376.75,0,CPA2026Z
20231019,1259,377.50,377.50,377.50,377.50,0,CPA2026Z
20231020,1259,375.55,375.55,375.55,375.55,0,CPA2026Z
20231023,1259,375.40,375.40,375.40,375.40,0,CPA2026Z
20231024,1259,375.50,375.50,375.50,375.50,0,CPA2026Z
20231025,1259,373.70,373.70,373.70,373.70,0,CPA2026Z
20231026,1259,375.45,375.45,375.45,375.45,0,CPA2026Z
20231027,0820,375.40,375.40,375.40,375.40,1,CPA2026Z
20231027,1259,380.85,380.85,380.85,380.85,0,CPA2026Z
20231030,1259,382.10,382.10,382.10,382.10,0,CPA2026Z
20231031,1259,381.30,381.30,381.30,381.30,0,CPA2026Z
20231101,1259,382.50,382.50,382.50,382.50,0,CPA2026Z
20231102,1259,385.00,385.00,385.00,385.00,0,CPA2026Z
20231103,1259,385.75,385.75,385.75,385.75,0,CPA2026Z
20231106,1259,389.80,389.80,389.80,389.80,0,CPA2026Z
20231107,1259,387.90,387.90,387.90,387.90,0,CPA2026Z
20231108,1259,384.45,384.45,384.45,384.45,0,CPA2026Z
20231109,1259,384.55,384.55,384.55,384.55,0,CPA2026Z
20231110,1259,381.75,381.75,381.75,381.75,0,CPA2026Z
20231113,1259,387.55,387.55,387.55,387.55,0,CPA2026Z
20231114,1259,389.65,389.65,389.65,389.65,0,CPA2026Z
20231115,1259,393.10,393.10,393.10,393.10,0,CPA2026Z
20231116,1259,391.35,391.35,391.35,391.35,0,CPA2026Z
20231117,1259,394.65,394.65,394.65,394.65,0,CPA2026Z
20231120,1259,401.40,401.40,401.40,401.40,0,CPA2026Z
20231121,1259,403.00,403.00,403.00,403.00,0,CPA2026Z
20231122,1259,397.90,397.90,397.90,397.90,0,CPA2026Z
20231124,1159,401.15,401.15,401.15,401.15,0,CPA2026Z
20231127,1259,398.45,398.45,398.45,398.45,0,CPA2026Z
20231128,1259,401.30,401.30,401.30,401.30,0,CPA2026Z
20231129,1259,399.85,399.85,399.85,399.85,0,CPA2026Z
20231130,1259,401.80,401.80,401.80,401.80,0,CPA2026Z
20231201,1259,408.35,408.35,408.35,408.35,0,CPA2026Z
20231204,1259,401.00,401.00,401.00,401.00,0,CPA2026Z
20231205,1259,395.05,395.05,395.05,395.05,0,CPA2026Z
20231206,1259,390.55,390.55,390.55,390.55,0,CPA2026Z
20231207,1259,396.25,396.25,396.25,396.25,0,CPA2026Z
20231208,1259,397.75,397.75,397.75,397.75,0,CPA2026Z
20231211,1259,393.35,393.35,393.35,393.35,0,CPA2026Z
20231212,1259,392.35,392.35,392.35,392.35,0,CPA2026Z
20231213,1259,391.40,391.40,391.40,391.40,0,CPA2026Z
20231214,1259,400.25,400.25,400.25,400.25,0,CPA2026Z
20231215,1259,399.25,399.25,399.25,399.25,0,CPA2026Z
20231218,1259,395.90,395.90,395.90,395.90,0,CPA2026Z
20231219,1259,399.35,399.35,399.35,399.35,0,CPA2026Z
20231220,1259,399.95,399.95,399.95,399.95,0,CPA2026Z
20231221,1259,401.35,401.35,401.35,401.35,0,CPA2026Z
20231222,1259,400.15,400.15,400.15,400.15,0,CPA2026Z
20231226,1259,400.65,400.65,400.65,400.65,0,CPA2026Z
20231227,1259,405.55,405.55,405.55,405.55,0,CPA2026Z
20231228,1259,402.15,402.15,402.15,402.15,0,CPA2026Z
20231229,1259,399.05,399.05,399.05,399.05,0,CPA2026Z
20240102,1259,398.10,398.10,398.10,398.10,0,CPA2026Z
20240103,1259,396.00,396.00,396.00,396.00,0,CPA2026Z
20240104,1259,394.05,394.05,394.05,394.05,0,CPA2026Z
20240105,1259,391.70,391.70,391.70,391.70,0,CPA2026Z
20240108,1259,393.25,393.25,393.25,393.25,0,CPA2026Z
20240109,1259,389.20,389.20,389.20,389.20,0,CPA2026Z
20240110,1259,390.50,390.50,390.50,390.50,0,CPA2026Z
20240111,1259,388.70,388.70,388.70,388.70,0,CPA2026Z
20240112,1259,385.85,385.85,385.85,385.85,0,CPA2026Z
20240116,1259,388.00,388.00,388.00,388.00,0,CPA2026Z
20240117,1259,384.60,384.60,384.60,384.60,0,CPA2026Z
20240118,1259,386.05,386.05,386.05,386.05,0,CPA2026Z
20240119,1259,389.75,389.75,389.75,389.75,0,CPA2026Z
20240122,1259,388.05,388.05,388.05,388.05,0,CPA2026Z
20240123,1259,390.25,390.25,390.25,390.25,0,CPA2026Z
20240124,1259,398.60,398.60,398.60,398.60,0,CPA2026Z
20240125,1259,398.10,398.10,398.10,398.10,0,CPA2026Z
20240126,1259,396.85,396.85,396.85,396.85,0,CPA2026Z
20240129,1259,399.25,399.25,399.25,399.25,0,CPA2026Z
20240130,1259,400.85,400.85,400.85,400.85,0,CPA2026Z
20240131,1259,400.30,400.30,400.30,400.30,0,CPA2026Z
20240201,1259,396.00,396.00,396.00,396.00,0,CPA2026Z
20240202,1259,394.15,394.15,394.15,394.15,0,CPA2026Z
20240205,1259,390.30,390.30,390.30,390.30,0,CPA2026Z
20240206,1259,391.00,391.00,391.00,391.00,0,CPA2026Z
20240207,1259,387.25,387.25,387.25,387.25,0,CPA2026Z
20240208,1259,383.35,383.35,383.35,383.35,0,CPA2026Z
20240209,1259,381.05,381.05,381.05,381.05,0,CPA2026Z
20240212,1259,384.60,384.60,384.60,384.60,0,CPA2026Z
20240213,1259,383.00,383.00,383.00,383.00,0,CPA2026Z
20240214,1259,380.65,380.65,380.65,380.65,0,CPA2026Z
20240215,1259,385.00,385.00,385.00,385.00,0,CPA2026Z
20240216,1259,392.80,392.80,392.80,392.80,0,CPA2026Z
20240220,1259,394.75,394.75,394.75,394.75,0,CPA2026Z
20240221,1259,395.95,395.95,395.95,395.95,0,CPA2026Z
20240222,1259,399.10,399.10,399.10,399.10,0,CPA2026Z
20240223,1259,398.30,398.30,398.30,398.30,0,CPA2026Z
20240226,1259,391.20,391.20,391.20,391.20,0,CPA2026Z
20240227,1259,393.40,393.40,393.40,393.40,0,CPA2026Z
20240228,1259,391.70,391.70,391.70,391.70,0,CPA2026Z
20240229,1259,392.10,392.10,392.10,392.10,0,CPA2026Z
20240301,1259,393.80,393.80,393.80,393.80,0,CPA2026Z
20240304,1259,393.70,393.70,393.70,393.70,0,CPA2026Z
20240305,1259,392.85,392.85,392.85,392.85,0,CPA2026Z
20240306,1259,395.40,395.40,395.40,395.40,0,CPA2026Z
20240307,1259,400.20,400.20,400.20,400.20,0,CPA2026Z
20240308,1259,397.15,397.15,397.15,397.15,0,CPA2026Z
20240311,1259,400.55,400.55,400.55,400.55,0,CPA2026Z
20240312,1259,400.90,400.90,400.90,400.90,0,CPA2026Z
20240313,1259,411.90,411.90,411.90,411.90,0,CPA2026Z
20240314,1259,411.85,411.85,411.85,411.85,0,CPA2026Z
20240315,1259,420.15,420.15,420.15,420.15,0,CPA2026Z
20240318,1259,420.75,420.75,420.75,420.75,0,CPA2026Z
20240319,1259,416.10,416.10,416.10,416.10,0,CPA2026Z
20240320,1259,414.20,414.20,414.20,414.20,0,CPA2026Z
20240321,1259,416.35,416.35,416.35,416.35,0,CPA2026Z
20240322,1259,411.55,411.55,411.55,411.55,0,CPA2026Z
20240325,1259,413.05,413.05,413.05,413.05,0,CPA2026Z
20240326,1259,412.55,412.55,412.55,412.55,0,CPA2026Z
20240327,1259,412.05,412.05,412.05,412.05,0,CPA2026Z
20240328,1259,413.40,413.40,413.40,413.40,0,CPA2026Z
20240401,1259,417.65,417.65,417.65,417.65,0,CPA2026Z
20240402,1259,420.15,420.15,420.15,420.15,0,CPA2026Z
20240403,1259,432.90,432.90,432.90,432.90,0,CPA2026Z
20240404,1259,438.15,438.15,438.15,438.15,0,CPA2026Z
20240405,1259,437.00,437.00,437.00,437.00,0,CPA2026Z
20240408,1259,440.00,440.00,440.00,440.00,0,CPA2026Z
20240409,1259,440.70,440.70,440.70,440.70,0,CPA2026Z
20240410,1259,439.70,439.70,439.70,439.70,0,CPA2026Z
20240411,1259,438.50,438.50,438.50,438.50,0,CPA2026Z
20240412,1259,439.00,439.00,439.00,439.00,0,CPA2026Z
20240415,1259,446.55,446.55,446.55,446.55,0,CPA2026Z
20240416,1259,439.40,439.40,439.40,439.40,0,CPA2026Z
20240417,1259,440.60,440.60,440.60,440.60,0,CPA2026Z
20240418,1259,451.15,451.15,451.15,451.15,0,CPA2026Z
20240419,1259,456.50,456.50,456.50,456.50,0,CPA2026Z
20240422,1259,454.60,454.60,454.60,454.60,0,CPA2026Z
20240423,1259,449.85,449.85,449.85,449.85,0,CPA2026Z
20240424,1259,451.90,451.90,451.90,451.90,0,CPA2026Z
20240425,1259,457.30,457.30,457.30,457.30,0,CPA2026Z
20240426,1259,461.90,461.90,461.90,461.90,0,CPA2026Z
20240429,1259,470.35,470.35,470.35,470.35,0,CPA2026Z
20240430,1259,460.10,460.10,460.10,460.10,0,CPA2026Z
20240501,1259,457.40,457.40,457.40,457.40,0,CPA2026Z
20240502,1259,451.95,451.95,451.95,451.95,0,CPA2026Z
20240503,1259,458.85,458.85,458.85,458.85,0,CPA2026Z
20240506,1259,464.25,464.25,464.25,464.25,0,CPA2026Z
20240507,1259,463.95,463.95,463.95,463.95,0,CPA2026Z
20240508,1259,458.40,458.40,458.40,458.40,0,CPA2026Z
20240509,1259,460.30,460.30,460.30,460.30,0,CPA2026Z
20240510,1259,461.55,461.55,461.55,461.55,0,CPA2026Z
20240513,1259,467.90,467.90,467.90,467.90,0,CPA2026Z
20240514,1259,460.70,460.70,460.70,460.70,0,CPA2026Z
20240515,1259,468.80,468.80,468.80,468.80,0,CPA2026Z
20240516,1259,473.45,473.45,473.45,473.45,0,CPA2026Z
20240517,0455,481.00,481.00,481.00,481.00,1,CPA2026Z
20240517,0721,481.00,481.00,481.00,481.00,4,CPA2026Z
20240517,1259,487.20,487.20,487.20,487.20,0,CPA2026Z
20240520,1259,495.20,495.20,495.20,495.20,0,CPA2026Z
20240520,1527,502.20,502.20,502.20,502.20,1,CPA2026Z
20240521,0824,497.00,497.00,497.00,497.00,1,CPA2026Z
20240521,1259,495.35,495.35,495.35,495.35,0,CPA2026Z
20240522,1259,476.50,476.50,476.50,476.50,0,CPA2026Z
20240523,1259,474.45,474.45,474.45,474.45,0,CPA2026Z
20240524,1259,472.80,472.80,472.80,472.80,0,CPA2026Z
20240528,1259,483.50,483.50,483.50,483.50,0,CPA2026Z
20240529,1259,479.95,479.95,479.95,479.95,0,CPA2026Z
20240530,1259,466.75,466.75,466.75,466.75,0,CPA2026Z
20240531,1259,464.45,464.45,464.45,464.45,0,CPA2026Z
20240603,1259,469.25,469.25,469.25,469.25,0,CPA2026Z
20240604,1259,456.65,456.65,456.65,456.65,0,CPA2026Z
20240605,1259,458.85,458.85,458.85,458.85,0,CPA2026Z
20240606,1259,467.00,467.00,467.00,467.00,0,CPA2026Z
20240607,1259,452.25,452.25,452.25,452.25,0,CPA2026Z
20240610,1259,458.00,458.00,458.00,458.00,0,CPA2026Z
20240611,1259,452.05,452.05,452.05,452.05,0,CPA2026Z
20240612,1259,458.35,458.35,458.35,458.35,0,CPA2026Z
20240613,1259,451.80,451.80,451.80,451.80,0,CPA2026Z
20240614,1259,451.20,451.20,451.20,451.20,0,CPA2026Z
20240617,1259,447.55,447.55,447.55,447.55,0,CPA2026Z
20240618,1259,450.25,450.25,450.25,450.25,0,CPA2026Z
20240620,1259,456.45,456.45,456.45,456.45,0,CPA2026Z
20240621,1259,448.65,448.65,448.65,448.65,0,CPA2026Z
20240624,1259,447.60,447.60,447.60,447.60,0,CPA2026Z
20240625,1259,444.10,444.10,444.10,444.10,0,CPA2026Z
20240626,1259,444.25,444.25,444.25,444.25,0,CPA2026Z
20240627,1259,443.25,443.25,443.25,443.25,0,CPA2026Z
20240628,1259,447.10,447.10,447.10,447.10,0,CPA2026Z
20240701,1259,449.60,449.60,449.60,449.60,0,CPA2026Z
20240702,1259,448.95,448.95,448.95,448.95,0,CPA2026Z
20240703,1259,458.85,458.85,458.85,458.85,0,CPA2026Z
20240705,1259,465.60,465.60,465.60,465.60,0,CPA2026Z
20240708,1259,464.35,464.35,464.35,464.35,0,CPA2026Z
20240709,1259,461.05,461.05,461.05,461.05,0,CPA2026Z
20240710,1259,461.90,461.90,461.90,461.90,0,CPA2026Z
20240711,1259,458.80,458.80,458.80,458.80,0,CPA2026Z
20240712,1259,464.55,464.55,464.55,464.55,0,CPA2026Z
20240715,1259,460.75,460.75,460.75,460.75,0,CPA2026Z
20240716,1259,454.60,454.60,454.60,454.60,0,CPA2026Z
20240717,1200,452.50,452.50,452.50,452.50,1,CPA2026Z
20240717,1259,452.60,452.60,452.60,452.60,0,CPA2026Z
20240718,1020,443.00,443.00,443.00,443.00,1,CPA2026Z
20240718,1259,441.70,441.70,441.70,441.70,0,CPA2026Z
20240719,1259,439.60,439.60,439.60,439.60,0,CPA2026Z
20240722,1259,436.10,436.10,436.10,436.10,0,CPA2026Z
20240723,1259,431.65,431.65,431.65,431.65,0,CPA2026Z
20240724,1259,428.40,428.40,428.40,428.40,0,CPA2026Z
20240725,1259,429.90,429.90,429.90,429.90,0,CPA2026Z
20240726,1259,431.20,431.20,431.20,431.20,0,CPA2026Z
20240729,1259,427.65,427.65,427.65,427.65,0,CPA2026Z
20240730,1259,428.00,428.00,428.00,428.00,0,CPA2026Z
20240731,1259,436.60,436.60,436.60,436.60,0,CPA2026Z
20240801,1259,428.70,428.70,428.70,428.70,0,CPA2026Z
20240801,1306,430.35,430.35,430.35,430.35,1,CPA2026Z
20240802,1259,430.55,430.55,430.55,430.55,0,CPA2026Z
20240805,1259,419.80,419.80,419.80,419.80,0,CPA2026Z
20240806,1259,422.30,422.30,422.30,422.30,0,CPA2026Z
20240807,0958,418.00,418.00,418.00,418.00,1,CPA2026Z
20240807,1140,418.50,418.50,418.50,418.50,1,CPA2026Z
20240807,1238,418.00,418.00,418.00,418.00,1,CPA2026Z
20240807,1259,417.40,417.40,417.40,417.40,0,CPA2026Z
20240807,1411,417.50,417.50,417.50,417.50,1,CPA2026Z
20240807,1648,417.00,417.00,417.00,417.00,1,CPA2026Z
20240808,1259,417.35,417.35,417.35,417.35,0,CPA2026Z
20240809,1259,420.05,420.05,420.05,420.05,0,CPA2026Z
20240812,1259,427.05,427.05,427.05,427.05,0,CPA2026Z
20240813,1259,425.10,425.10,425.10,425.10,0,CPA2026Z
20240814,1259,423.90,423.90,423.90,423.90,0,CPA2026Z
20240815,1259,432.10,432.10,432.10,432.10,0,CPA2026Z
20240816,1259,433.90,433.90,433.90,433.90,0,CPA2026Z
20240819,1259,437.40,437.40,437.40,437.40,0,CPA2026Z
20240820,1259,435.40,435.40,435.40,435.40,0,CPA2026Z
20240821,1259,436.90,436.90,436.90,436.90,0,CPA2026Z
20240822,1259,433.90,433.90,433.90,433.90,0,CPA2026Z
20240823,1259,439.15,439.15,439.15,439.15,0,CPA2026Z
20240826,1259,443.30,443.30,443.30,443.30,0,CPA2026Z
20240827,1259,445.85,445.85,445.85,445.85,0,CPA2026Z
20240828,1259,438.55,438.55,438.55,438.55,0,CPA2026Z
20240829,1259,439.50,439.50,439.50,439.50,0,CPA2026Z
20240830,1259,438.25,438.25,438.25,438.25,0,CPA2026Z
20240903,0535,430.25,430.25,430.25,430.25,1,CPA2026Z
20240903,1259,425.65,425.65,425.65,425.65,0,CPA2026Z
20240904,1259,424.70,424.70,424.70,424.70,0,CPA2026Z
20240905,1259,430.80,430.80,430.80,430.80,0,CPA2026Z
20240906,1259,425.75,425.75,425.75,425.75,0,CPA2026Z
20240909,1259,432.65,432.65,432.65,432.65,0,CPA2026Z
20240910,1259,427.60,427.60,427.60,427.60,0,CPA2026Z
20240911,1259,431.55,431.55,431.55,431.55,0,CPA2026Z
20240912,1259,436.35,436.35,436.35,436.35,0,CPA2026Z
20240913,1259,439.40,439.40,439.40,439.40,0,CPA2026Z
20240916,1259,443.60,443.60,443.60,443.60,0,CPA2026Z
20240917,1259,444.25,444.25,444.25,444.25,0,CPA2026Z
20240918,1259,445.75,445.75,445.75,445.75,0,CPA2026Z
20240919,1259,450.25,450.25,450.25,450.25,0,CPA2026Z
20240920,1259,450.25,450.25,450.25,450.25,0,CPA2026Z
20240923,1259,450.95,450.95,450.95,450.95,0,CPA2026Z
20240924,1259,463.60,463.60,463.60,463.60,0,CPA2026Z
20240924,1422,465.00,465.00,465.00,465.00,1,CPA2026Z
20240925,1259,464.05,464.05,464.05,464.05,0,CPA2026Z
20240926,1155,474.55,474.55,474.55,474.55,1,CPA2026Z
20240926,1259,474.30,474.30,474.30,474.30,0,CPA2026Z
20240927,1259,472.55,472.55,472.55,472.55,0,CPA2026Z
20240930,1259,465.85,465.85,465.85,465.85,0,CPA2026Z
20241001,1259,472.15,472.15,472.15,472.15,0,CPA2026Z
20241002,1259,478.20,478.20,478.20,478.20,0,CPA2026Z
20241003,1259,470.30,470.30,470.30,470.30,0,CPA2026Z
20241004,1259,474.25,474.25,474.25,474.25,0,CPA2026Z
20241007,0854,470.50,470.50,470.50,470.50,1,CPA2026Z
20241007,1259,474.20,474.20,474.20,474.20,0,CPA2026Z
20241008,0306,460.95,460.95,460.95,460.95,1,CPA2026Z
20241008,1259,465.15,465.15,465.15,465.15,0,CPA2026Z
20241009,1259,458.95,458.95,458.95,458.95,0,CPA2026Z
20241010,1259,461.25,461.25,461.25,461.25,0,CPA2026Z
20241011,1233,465.50,465.50,465.50,465.50,1,CPA2026Z
20241011,1259,467.20,467.20,467.20,467.20,0,CPA2026Z
20241014,1259,460.75,460.75,460.75,460.75,0,CPA2026Z
20241015,1259,455.05,455.05,455.05,455.05,0,CPA2026Z
20241016,1259,457.20,457.20,457.20,457.20,0,CPA2026Z
20241017,1259,454.05,454.05,454.05,454.05,0,CPA2026Z
20241018,1259,460.10,460.10,460.10,460.10,0,CPA2026Z
20241021,1026,460.10,460.10,460.10,460.10,1,CPA2026Z
20241021,1259,457.90,457.90,457.90,457.90,0,CPA2026Z
20241022,1259,459.90,459.90,459.90,459.90,0,CPA2026Z
20241023,1259,456.75,456.75,456.75,456.75,0,CPA2026Z
20241024,1259,457.70,457.70,457.70,457.70,0,CPA2026Z
20241025,1259,458.40,458.40,458.40,458.40,0,CPA2026Z
20241028,1259,456.05,456.05,456.05,456.05,0,CPA2026Z
20241029,1259,455.25,455.25,455.25,455.25,0,CPA2026Z
20241030,1259,454.10,454.10,454.10,454.10,0,CPA2026Z
20241031,1259,453.20,453.20,453.20,453.20,0,CPA2026Z
20241101,1259,456.60,456.60,456.60,456.60,0,CPA2026Z
20241104,1259,461.60,461.60,461.60,461.60,0,CPA2026Z
20241105,1259,466.00,466.00,466.00,466.00,0,CPA2026Z
20241106,0802,447.50,447.50,447.50,447.50,1,CPA2026Z
20241106,1259,445.50,445.50,445.50,445.50,0,CPA2026Z
20241106,1541,444.00,444.00,444.00,444.00,1,CPA2026Z
20241107,0812,457.50,457.50,457.50,457.50,1,CPA2026Z
20241107,1259,462.40,462.40,462.40,462.40,0,CPA2026Z
20241108,1259,451.40,451.40,451.40,451.40,0,CPA2026Z
20241111,1223,445.50,445.50,445.50,445.50,1,CPA2026Z
20241111,1259,444.40,444.40,444.40,444.40,0,CPA2026Z
20241112,0026,444.00,444.00,444.00,444.00,1,CPA2026Z
20241112,0034,444.00,444.00,444.00,444.00,2,CPA2026Z
20241112,0035,444.00,444.00,444.00,444.00,3,CPA2026Z
20241112,0100,444.00,444.00,444.00,444.00,3,CPA2026Z
20241112,0118,444.00,444.00,444.00,444.00,1,CPA2026Z
20241112,0203,444.00,444.00,444.00,444.00,2,CPA2026Z
20241112,0207,444.00,444.00,444.00,444.00,1,CPA2026Z
20241112,0209,444.00,444.00,444.00,444.00,2,CPA2026Z
20241112,0210,444.00,444.00,444.00,444.00,1,CPA2026Z
20241112,0227,444.00,444.00,444.00,444.00,2,CPA2026Z
20241112,0234,444.00,444.00,444.00,444.00,1,CPA2026Z
20241112,0241,444.00,444.00,444.00,444.00,1,CPA2026Z
20241112,1259,439.70,439.70,439.70,439.70,0,CPA2026Z
20241113,0937,437.00,437.00,437.00,437.00,1,CPA2026Z
20241113,0951,437.00,437.00,437.00,437.00,1,CPA2026Z
20241113,0952,437.00,437.00,437.00,437.00,3,CPA2026Z
20241113,0953,437.00,437.00,437.00,437.00,3,CPA2026Z
20241113,1000,437.00,437.00,437.00,437.00,1,CPA2026Z
20241113,1003,437.00,437.00,437.00,437.00,1,CPA2026Z
20241113,1006,437.00,437.00,437.00,437.00,1,CPA2026Z
20241113,1007,437.00,437.00,437.00,437.00,1,CPA2026Z
20241113,1019,437.00,437.00,437.00,437.00,1,CPA2026Z
20241113,1025,437.00,437.00,437.00,437.00,1,CPA2026Z
20241113,1250,437.00,437.00,437.00,437.00,3,CPA2026Z
20241113,1251,437.00,437.00,437.00,437.00,1,CPA2026Z
20241113,1259,437.00,437.00,435.95,435.95,2,CPA2026Z
20241114,1259,435.80,435.80,435.80,435.80,0,CPA2026Z
20241115,1259,432.30,432.30,432.30,432.30,0,CPA2026Z
20241118,1259,437.70,437.70,437.70,437.70,0,CPA2026Z
20241119,1259,439.00,439.00,439.00,439.00,0,CPA2026Z
20241120,1259,439.20,439.20,439.20,439.20,0,CPA2026Z
20241121,1259,437.10,437.10,437.10,437.10,0,CPA2026Z
20241122,1259,434.00,434.00,434.00,434.00,0,CPA2026Z
20241125,1259,436.90,436.90,436.90,436.90,0,CPA2026Z
20241126,1259,433.40,433.40,433.40,433.40,0,CPA2026Z
20241127,0937,437.50,437.50,437.50,437.50,1,CPA2026Z
20241127,1259,435.25,435.25,435.25,435.25,0,CPA2026Z
20241129,1259,435.40,435.40,435.40,435.40,0,CPA2026Z
20241202,1259,435.10,435.10,435.10,435.10,0,CPA2026Z
20241203,1259,441.45,441.45,441.45,441.45,0,CPA2026Z
20241204,1259,441.20,441.20,441.20,441.20,0,CPA2026Z
20241205,1259,439.70,439.70,439.70,439.70,0,CPA2026Z
20241206,1259,439.40,439.40,439.40,439.40,0,CPA2026Z
20241209,1259,446.95,446.95,446.95,446.95,0,CPA2026Z
20241210,1259,446.20,446.20,446.20,446.20,0,CPA2026Z
20241210,2124,449.00,449.00,449.00,449.00,1,CPA2026Z
20241211,1259,444.45,444.45,444.45,444.45,0,CPA2026Z
20241212,0216,450.00,450.00,450.00,450.00,1,CPA2026Z
20241212,1259,442.75,442.75,442.75,442.75,0,CPA2026Z
20241213,1259,438.25,438.25,438.25,438.25,0,CPA2026Z
20241216,1259,438.00,438.00,438.00,438.00,0,CPA2026Z
20241217,1259,435.25,435.25,435.25,435.25,0,CPA2026Z
20241218,1259,436.50,436.50,436.50,436.50,0,CPA2026Z
20241219,1259,429.10,429.10,429.10,429.10,0,CPA2026Z
20241220,1259,430.85,430.85,430.85,430.85,0,CPA2026Z
20241223,1259,429.55,429.55,429.55,429.55,0,CPA2026Z
20241224,1159,431.35,431.35,431.35,431.35,0,CPA2026Z
20241226,1259,433.35,433.35,433.35,433.35,0,CPA2026Z
20241227,1259,432.50,432.50,432.50,432.50,0,CPA2026Z
20241230,1220,430.00,430.00,430.00,430.00,10,CPA2026Z
20241230,1259,428.50,428.50,428.50,428.50,0,CPA2026Z
20241231,1259,421.05,421.05,421.05,421.05,0,CPA2026Z
20250102,1259,421.30,421.30,421.30,421.30,0,CPA2026Z
20250103,1259,425.30,425.30,425.30,425.30,0,CPA2026Z
20250106,1259,432.90,432.90,432.90,432.90,0,CPA2026Z
20250106,1528,434.00,434.00,434.00,434.00,1,CPA2026Z
20250107,1259,437.20,437.20,437.20,437.20,0,CPA2026Z
20250108,1259,441.70,441.70,441.70,441.70,0,CPA2026Z
20250109,1259,445.35,445.35,445.35,445.35,0,CPA2026Z
20250110,1259,443.35,443.35,443.35,443.35,0,CPA2026Z
20250113,1259,448.00,448.00,448.00,448.00,0,CPA2026Z
20250114,1259,450.50,450.50,450.50,450.50,0,CPA2026Z
20250115,1259,454.15,454.15,454.15,454.15,0,CPA2026Z
20250116,1259,459.75,459.75,459.75,459.75,0,CPA2026Z
20250117,1259,453.05,453.05,453.05,453.05,0,CPA2026Z
20250121,1259,451.90,451.90,451.90,451.90,0,CPA2026Z
20250122,1259,449.10,449.10,449.10,449.10,0,CPA2026Z
20250123,1259,451.30,451.30,451.30,451.30,0,CPA2026Z
20250124,1259,452.45,452.45,452.45,452.45,0,CPA2026Z
20250127,1259,444.95,444.95,444.95,444.95,0,CPA2026Z
20250128,1259,445.30,445.30,445.30,445.30,0,CPA2026Z
20250129,1259,448.55,448.55,448.55,448.55,0,CPA2026Z
20250130,1259,453.00,453.00,453.00,453.00,0,CPA2026Z
20250131,1259,450.05,450.05,450.05,450.05,0,CPA2026Z
20250203,1259,451.95,451.95,451.95,451.95,0,CPA2026Z
20250204,1259,456.50,456.50,456.50,456.50,0,CPA2026Z
20250205,1259,464.75,464.75,464.75,464.75,0,CPA2026Z
20250206,1259,467.55,467.55,467.55,467.55,0,CPA2026Z
20250207,1259,480.10,480.10,480.10,480.10,0,CPA2026Z
20250210,1259,490.50,490.50,490.50,490.50,0,CPA2026Z
20250211,1259,480.45,480.45,480.45,480.45,0,CPA2026Z
20250212,1259,492.75,492.75,492.75,492.75,0,CPA2026Z
20250213,1259,500.35,500.35,500.35,500.35,0,CPA2026Z
20250214,1259,489.30,489.30,489.30,489.30,0,CPA2026Z
20250218,1259,484.00,484.00,484.00,484.00,0,CPA2026Z
20250219,1259,480.90,480.90,480.90,480.90,0,CPA2026Z
20250220,1259,485.60,485.60,485.60,485.60,0,CPA2026Z
20250221,1259,481.40,481.40,481.40,481.40,0,CPA2026Z
20250224,1259,476.40,476.40,476.40,476.40,0,CPA2026Z
20250225,1259,472.95,472.95,472.95,472.95,0,CPA2026Z
20250226,1259,479.25,479.25,479.25,479.25,0,CPA2026Z
20250227,1259,482.30,482.30,482.30,482.30,0,CPA2026Z
20250228,1259,475.85,475.85,475.85,475.85,0,CPA2026Z
20250303,1259,483.35,483.35,483.35,483.35,0,CPA2026Z
20250304,1259,478.85,478.85,478.85,478.85,0,CPA2026Z
20250305,0950,502.00,502.00,502.00,502.00,5,CPA2026Z
20250305,1104,504.00,504.00,504.00,504.00,1,CPA2026Z
20250305,1259,502.75,502.75,502.75,502.75,0,CPA2026Z
20250305,1343,502.00,502.00,502.00,502.00,10,CPA2026Z
20250306,1152,508.25,508.25,508.25,508.25,1,CPA2026Z
20250306,1259,503.60,503.60,503.60,503.60,0,CPA2026Z
20250307,1259,495.50,495.50,495.50,495.50,0,CPA2026Z
20250310,1259,492.20,492.20,492.20,492.20,0,CPA2026Z
20250311,1259,502.35,502.35,502.35,502.35,0,CPA2026Z
20250311,1528,505.20,505.20,505.20,505.20,1,CPA2026Z
20250312,1259,511.25,511.25,511.25,511.25,0,CPA2026Z
20250313,1259,519.30,519.30,519.30,519.30,0,CPA2026Z
20250314,1259,516.60,516.60,516.60,516.60,0,CPA2026Z
20250317,1259,523.30,523.30,523.30,523.30,0,CPA2026Z
20250318,1153,525.95,525.95,525.95,525.95,2,CPA2026Z
20250318,1259,529.85,529.85,529.85,529.85,0,CPA2026Z
20250319,1218,538.00,538.00,538.00,538.00,1,CPA2026Z
20250319,1220,537.50,537.50,537.30,537.30,7,CPA2026Z
20250319,1221,537.30,537.30,537.15,537.15,6,CPA2026Z
20250319,1222,537.15,537.15,537.05,537.05,4,CPA2026Z
20250319,1223,537.05,537.05,537.05,537.05,7,CPA2026Z
20250319,1227,537.00,537.00,537.00,537.00,1,CPA2026Z
20250319,1228,536.95,536.95,536.95,536.95,3,CPA2026Z
20250319,1231,536.95,536.95,536.95,536.95,4,CPA2026Z
20250319,1233,536.55,536.55,536.50,536.50,7,CPA2026Z
20250319,1238,536.05,536.05,536.05,536.05,2,CPA2026Z
20250319,1239,536.05,536.05,536.05,536.05,1,CPA2026Z
20250319,1241,536.15,536.15,536.15,536.15,1,CPA2026Z
20250319,1243,536.20,536.20,536.20,536.20,1,CPA2026Z
20250319,1245,536.30,536.30,536.30,536.30,1,CPA2026Z
20250319,1253,536.90,536.90,536.90,536.90,4,CPA2026Z
20250319,1254,536.90,536.90,536.90,536.90,4,CPA2026Z
20250319,1255,536.90,536.90,536.90,536.90,3,CPA2026Z
20250319,1256,536.90,536.90,536.90,536.90,18,CPA2026Z
20250319,1257,536.90,536.90,536.90,536.90,64,CPA2026Z
20250319,1258,536.90,536.90,536.90,536.90,10,CPA2026Z
20250319,1259,537.30,537.30,537.30,537.30,0,CPA2026Z
20250319,1308,535.90,535.90,535.90,535.90,1,CPA2026Z
20250319,1335,535.90,535.90,535.80,535.80,5,CPA2026Z
20250319,1336,535.70,535.70,535.60,535.60,3,CPA2026Z
20250319,1338,535.40,535.40,535.40,535.40,3,CPA2026Z
20250319,1339,535.30,535.30,535.20,535.20,6,CPA2026Z
20250319,1340,535.20,535.20,535.20,535.20,3,CPA2026Z
20250320,1143,536.20,536.20,536.20,536.20,2,CPA2026Z
20250320,1147,536.20,536.20,536.20,536.20,2,CPA2026Z
20250320,1148,536.20,536.20,536.20,536.20,4,CPA2026Z
20250320,1204,536.20,536.20,536.20,536.20,1,CPA2026Z
20250320,1214,536.20,536.20,536.20,536.20,6,CPA2026Z
20250320,1215,536.20,536.20,536.20,536.20,4,CPA2026Z
20250320,1216,536.20,536.20,536.20,536.20,14,CPA2026Z
20250320,1218,536.20,536.20,536.20,536.20,3,CPA2026Z
20250320,1221,536.20,536.20,536.20,536.20,16,CPA2026Z
20250320,1222,536.20,536.20,536.20,536.20,41,CPA2026Z
20250320,1223,536.20,536.20,536.20,536.20,7,CPA2026Z
20250320,1259,538.75,538.75,538.75,538.75,0,CPA2026Z
20250320,1315,538.80,538.80,538.80,538.80,1,CPA2026Z
20250320,1323,538.80,538.80,538.80,538.80,4,CPA2026Z
20250320,1346,538.80,538.80,538.80,538.80,7,CPA2026Z
20250320,1347,538.80,538.80,538.80,538.80,1,CPA2026Z
20250321,1003,530.65,530.65,530.65,530.65,1,CPA2026Z
20250321,1007,530.40,530.40,530.40,530.40,1,CPA2026Z
20250321,1041,533.30,533.30,533.30,533.30,1,CPA2026Z
20250321,1046,533.60,534.00,533.60,534.00,2,CPA2026Z
20250321,1109,534.00,534.00,534.00,534.00,1,CPA2026Z
20250321,1259,539.10,539.10,539.10,539.10,0,CPA2026Z
20250324,1259,536.75,536.75,536.75,536.75,0,CPA2026Z
20250325,0956,546.50,546.50,546.25,546.25,2,CPA2026Z
20250325,0957,546.25,546.25,546.00,546.00,2,CPA2026Z
20250325,1002,545.80,545.80,545.80,545.80,4,CPA2026Z
20250325,1004,545.60,545.60,545.60,545.60,4,CPA2026Z
20250325,1005,545.60,545.60,545.60,545.60,2,CPA2026Z
20250325,1038,547.00,547.00,547.00,547.00,2,CPA2026Z
20250325,1202,547.00,547.00,547.00,547.00,4,CPA2026Z
20250325,1204,547.10,547.10,547.10,547.10,5,CPA2026Z
20250325,1208,547.10,547.10,547.10,547.10,4,CPA2026Z
20250325,1209,547.10,547.10,546.90,547.10,10,CPA2026Z
20250325,1210,547.10,547.10,547.10,547.10,6,CPA2026Z
20250325,1222,547.15,547.15,547.15,547.15,2,CPA2026Z
20250325,1224,547.40,547.40,547.40,547.40,2,CPA2026Z
20250325,1234,547.40,547.40,547.40,547.40,4,CPA2026Z
20250325,1235,547.40,547.40,547.40,547.40,1,CPA2026Z
20250325,1243,547.50,547.50,547.50,547.50,1,CPA2026Z
20250325,1245,547.50,547.50,547.50,547.50,2,CPA2026Z
20250325,1246,547.50,547.50,547.50,547.50,5,CPA2026Z
20250325,1247,547.50,547.50,547.50,547.50,2,CPA2026Z
20250325,1252,547.50,547.50,547.50,547.50,1,CPA2026Z
20250325,1259,547.50,547.85,547.50,547.85,19,CPA2026Z
20250325,1300,547.50,547.50,547.50,547.50,3,CPA2026Z
20250325,1302,547.55,547.55,547.55,547.55,1,CPA2026Z
20250325,1307,548.75,548.75,548.75,548.75,3,CPA2026Z
20250325,1424,548.05,548.05,548.05,548.05,1,CPA2026Z
20250325,1442,547.80,547.80,547.80,547.80,1,CPA2026Z
20250325,1454,547.85,547.85,547.85,547.85,1,CPA2026Z
20250325,1505,547.95,547.95,547.95,547.95,1,CPA2026Z
20250325,1517,547.80,547.80,547.80,547.80,1,CPA2026Z
20250325,1527,548.40,548.40,548.40,548.40,1,CPA2026Z
20250325,1535,548.75,548.75,548.75,548.75,1,CPA2026Z
20250325,1551,548.10,548.10,548.10,548.10,1,CPA2026Z
20250325,1602,547.75,547.75,547.75,547.75,1,CPA2026Z
20250325,1614,548.25,548.25,548.25,548.25,1,CPA2026Z
20250325,1625,548.30,548.30,548.30,548.30,1,CPA2026Z
20250325,1637,548.65,548.65,548.65,548.65,1,CPA2026Z
20250325,1648,548.85,548.85,548.85,548.85,1,CPA2026Z
20250326,0218,550.05,550.05,550.05,550.05,1,CPA2026Z
20250326,0221,549.75,549.75,549.75,549.75,1,CPA2026Z
20250326,0222,550.30,550.30,550.30,550.30,1,CPA2026Z
20250326,0226,550.50,550.50,550.50,550.50,1,CPA2026Z
20250326,0227,550.50,550.50,550.50,550.50,2,CPA2026Z
20250326,0234,551.00,551.00,551.00,551.00,1,CPA2026Z
20250326,0235,551.00,551.00,551.00,551.00,3,CPA2026Z
20250326,0245,551.60,551.60,551.60,551.60,1,CPA2026Z
20250326,0247,551.60,551.60,551.60,551.60,1,CPA2026Z
20250326,0248,551.30,551.30,551.30,551.30,1,CPA2026Z
20250326,0434,550.45,550.45,550.45,550.45,1,CPA2026Z
20250326,0510,550.45,550.45,550.45,550.45,1,CPA2026Z
20250326,0554,548.35,548.35,548.35,548.35,1,CPA2026Z
20250326,0627,549.60,549.60,549.60,549.60,1,CPA2026Z
20250326,0708,547.60,547.60,547.60,547.60,1,CPA2026Z
20250326,0753,547.35,547.35,547.35,547.35,1,CPA2026Z
20250326,0832,545.65,545.65,545.65,545.65,1,CPA2026Z
20250326,0840,545.20,545.20,545.20,545.20,1,CPA2026Z
20250326,0842,545.50,545.50,545.50,545.50,6,CPA2026Z
20250326,0853,546.00,546.00,546.00,546.00,2,CPA2026Z
20250326,0854,546.00,546.00,545.40,545.40,16,CPA2026Z
20250326,0855,545.40,545.40,545.40,545.40,2,CPA2026Z
20250326,0856,545.40,545.40,545.40,545.40,5,CPA2026Z
20250326,0859,545.40,545.40,545.40,545.40,4,CPA2026Z
20250326,0900,545.40,545.40,545.00,545.00,12,CPA2026Z
20250326,0902,545.00,545.00,545.00,545.00,1,CPA2026Z
20250326,0906,545.25,545.25,544.75,544.75,27,CPA2026Z
20250326,0907,544.75,544.75,544.75,544.75,1,CPA2026Z
20250326,0911,544.00,544.00,543.75,543.75,9,CPA2026Z
20250326,0916,544.75,544.75,544.75,544.75,17,CPA2026Z
20250326,0930,545.80,545.80,545.80,545.80,1,CPA2026Z
20250326,0931,545.80,545.80,545.80,545.80,4,CPA2026Z
20250326,0951,544.00,544.00,544.00,544.00,5,CPA2026Z
20250326,1001,543.20,543.20,543.20,543.20,1,CPA2026Z
20250326,1036,542.20,542.20,542.20,542.20,1,CPA2026Z
20250326,1037,541.80,541.80,541.80,541.80,2,CPA2026Z
20250326,1113,540.85,540.85,540.85,540.85,1,CPA2026Z
20250326,1131,541.80,541.80,541.80,541.80,5,CPA2026Z
20250326,1136,541.80,541.80,541.80,541.80,2,CPA2026Z
20250326,1139,541.80,541.80,541.80,541.80,4,CPA2026Z
20250326,1207,540.85,540.85,540.85,540.85,1,CPA2026Z
20250326,1210,540.50,540.50,540.00,540.00,16,CPA2026Z
20250326,1211,540.00,540.00,540.00,540.00,6,CPA2026Z
20250326,1214,539.65,539.65,539.65,539.65,5,CPA2026Z
20250326,1215,539.65,539.65,539.65,539.65,2,CPA2026Z
20250326,1234,541.75,541.75,541.75,541.75,1,CPA2026Z
20250326,1235,541.75,541.75,541.75,541.75,2,CPA2026Z
20250326,1246,540.50,540.50,540.50,540.50,6,CPA2026Z
20250326,1247,540.00,540.00,539.30,539.30,31,CPA2026Z
20250326,1252,540.55,540.55,540.55,540.55,1,CPA2026Z
20250326,1256,542.30,542.30,542.30,542.30,1,CPA2026Z
20250326,1258,541.65,541.65,540.75,540.75,5,CPA2026Z
20250326,1259,542.55,542.55,541.70,541.70,1,CPA2026Z
20250326,1300,542.90,542.90,542.85,542.85,3,CPA2026Z
20250326,1315,541.60,541.60,541.60,541.60,1,CPA2026Z
20250326,1323,541.20,541.20,541.20,541.20,1,CPA2026Z
20250326,1328,541.10,541.10,541.10,541.10,1,CPA2026Z
20250326,1335,540.50,540.50,540.50,540.50,1,CPA2026Z
20250326,1340,540.65,540.65,540.65,540.65,1,CPA2026Z
20250326,1348,540.05,540.05,540.05,540.05,1,CPA2026Z
20250326,1353,540.05,540.05,540.05,540.05,1,CPA2026Z
20250326,1358,540.25,540.25,540.25,540.25,1,CPA2026Z
20250326,1405,540.70,540.70,540.70,540.70,1,CPA2026Z
20250326,1410,540.30,540.30,540.30,540.30,1,CPA2026Z
20250326,1418,540.50,540.50,540.50,540.50,1,CPA2026Z
20250326,1422,540.45,540.45,540.45,540.45,1,CPA2026Z
20250326,1423,540.25,540.25,540.25,540.25,1,CPA2026Z
20250326,1429,540.25,540.25,540.25,540.25,1,CPA2026Z
20250326,1434,539.70,539.70,539.70,539.70,1,CPA2026Z
20250326,1439,539.60,539.60,539.60,539.60,1,CPA2026Z
20250326,1443,539.50,539.50,539.50,539.50,1,CPA2026Z
20250326,1447,539.50,539.50,539.50,539.50,1,CPA2026Z
20250326,1453,539.20,539.20,539.10,539.10,2,CPA2026Z
20250326,1501,538.75,538.75,538.75,538.75,1,CPA2026Z
20250326,1504,538.75,538.85,538.75,538.85,2,CPA2026Z
20250326,1508,538.75,538.75,538.75,538.75,2,CPA2026Z
20250326,1513,538.80,538.80,538.80,538.80,1,CPA2026Z
20250326,1518,538.85,538.85,538.85,538.85,1,CPA2026Z
20250326,1522,538.75,538.75,538.75,538.75,1,CPA2026Z
20250326,1525,538.45,538.45,538.45,538.45,1,CPA2026Z
20250326,1527,538.20,538.20,538.20,538.20,1,CPA2026Z
20250326,1528,538.15,538.15,538.15,538.15,1,CPA2026Z
20250326,1531,538.15,538.15,538.15,538.15,1,CPA2026Z
20250326,1533,538.20,538.20,538.20,538.20,1,CPA2026Z
20250326,1536,538.40,538.40,538.40,538.40,1,CPA2026Z
20250326,1538,538.40,538.40,538.40,538.40,1,CPA2026Z
20250326,1541,538.35,538.35,538.35,538.35,1,CPA2026Z
20250326,1542,538.40,538.40,538.40,538.40,1,CPA2026Z
20250326,1543,538.70,538.70,538.70,538.70,1,CPA2026Z
20250326,1545,538.55,538.55,538.55,538.55,1,CPA2026Z
20250326,1548,538.70,538.70,538.70,538.70,1,CPA2026Z
20250326,1550,538.65,538.65,538.65,538.65,1,CPA2026Z
20250326,1553,538.65,538.65,538.65,538.65,1,CPA2026Z
20250326,1555,538.75,538.75,538.75,538.75,1,CPA2026Z
20250326,1557,538.50,538.50,538.50,538.50,1,CPA2026Z
20250326,1558,538.40,538.40,538.40,538.40,1,CPA2026Z
20250326,1600,539.00,539.00,539.00,539.00,1,CPA2026Z
20250326,1629,538.40,538.40,538.00,538.00,4,CPA2026Z
20250326,1631,538.30,538.30,537.80,537.80,2,CPA2026Z
20250327,0424,538.00,538.00,538.00,538.00,1,CPA2026Z
20250327,0437,537.30,537.30,537.30,537.30,1,CPA2026Z
20250327,0444,537.25,537.25,537.25,537.25,1,CPA2026Z
20250327,0458,537.95,537.95,537.95,537.95,1,CPA2026Z
20250327,0503,538.25,538.25,538.25,538.25,1,CPA2026Z
20250327,0520,537.15,537.15,537.15,537.15,1,CPA2026Z
20250327,0535,535.70,535.70,535.70,535.70,1,CPA2026Z
20250327,0549,536.05,536.05,536.05,536.05,1,CPA2026Z
20250327,0557,536.35,536.35,536.35,536.35,1,CPA2026Z
20250327,0607,537.00,537.00,537.00,537.00,1,CPA2026Z
20250327,0618,536.90,536.90,536.90,536.90,1,CPA2026Z
20250327,0633,536.50,536.50,536.50,536.50,1,CPA2026Z
20250327,0638,537.05,537.05,537.05,537.05,1,CPA2026Z
20250327,0655,536.75,536.75,536.75,536.75,1,CPA2026Z
20250327,0707,537.15,537.15,537.15,537.15,1,CPA2026Z
20250327,0839,535.70,535.70,535.70,535.70,1,CPA2026Z
20250327,0840,535.85,535.85,535.85,535.85,3,CPA2026Z
20250327,0841,535.85,535.85,535.85,535.85,2,CPA2026Z
20250327,0844,535.85,535.85,535.85,535.85,8,CPA2026Z
20250327,0924,530.00,530.00,530.00,530.00,5,CPA2026Z
20250327,0951,529.80,529.80,528.55,528.55,20,CPA2026Z
20250327,0952,528.85,528.85,528.85,528.85,3,CPA2026Z
20250327,0953,528.85,528.85,528.85,528.85,3,CPA2026Z
20250327,1012,527.65,527.65,527.65,527.65,1,CPA2026Z
20250327,1033,527.85,527.85,527.85,527.85,2,CPA2026Z
20250327,1037,528.00,528.00,528.00,528.00,2,CPA2026Z
20250327,1049,530.00,530.00,530.00,530.00,1,CPA2026Z
20250327,1106,529.25,529.25,529.25,529.25,1,CPA2026Z
20250327,1116,530.45,530.45,530.45,530.45,1,CPA2026Z
20250327,1135,528.85,528.85,528.80,528.80,2,CPA2026Z
20250327,1136,529.55,529.55,529.55,529.55,1,CPA2026Z
20250327,1259,529.10,529.10,529.10,529.10,0,CPA2026Z
20250327,1451,531.55,531.55,531.55,531.55,1,CPA2026Z
20250328,0435,525.40,525.80,525.40,525.80,2,CPA2026Z
20250328,0524,527.70,527.70,527.70,527.70,1,CPA2026Z
20250328,0615,529.00,529.00,529.00,529.00,1,CPA2026Z
20250328,0643,529.55,529.55,529.55,529.55,1,CPA2026Z
20250328,0644,529.35,529.35,529.35,529.35,1,CPA2026Z
20250328,0645,529.30,529.30,529.30,529.30,1,CPA2026Z
20250328,0705,528.80,528.80,528.80,528.80,1,CPA2026Z
20250328,0715,529.15,529.15,529.15,529.15,1,CPA2026Z
20250328,0742,529.75,529.75,529.75,529.75,1,CPA2026Z
20250328,0831,531.20,531.20,531.20,531.20,1,CPA2026Z
20250328,0902,530.65,530.65,530.65,530.65,2,CPA2026Z
20250328,0905,530.65,530.65,530.65,530.65,2,CPA2026Z
20250328,0908,532.00,532.00,532.00,532.00,4,CPA2026Z
20250328,0912,532.80,532.80,532.80,532.80,1,CPA2026Z
20250328,0929,531.95,531.95,531.95,531.95,1,CPA2026Z
20250328,0930,531.95,531.95,531.95,531.95,1,CPA2026Z
20250328,0937,532.25,532.25,532.25,532.25,1,CPA2026Z
20250328,0939,532.50,532.50,532.50,532.50,1,CPA2026Z
20250328,1216,532.00,532.00,532.00,532.00,2,CPA2026Z
20250328,1219,532.00,532.00,532.00,532.00,1,CPA2026Z
20250328,1220,532.00,532.00,532.00,532.00,2,CPA2026Z
20250328,1259,530.75,530.75,530.75,530.75,0,CPA2026Z
20250328,1526,529.30,529.30,529.30,529.30,5,CPA2026Z
20250328,1533,529.10,529.10,529.10,529.10,1,CPA2026Z
20250328,1535,529.10,529.10,529.10,529.10,4,CPA2026Z
20250330,1929,530.80,530.80,530.80,530.80,1,CPA2026Z
20250330,1934,530.80,530.80,530.80,530.80,1,CPA2026Z
20250331,0711,522.50,522.50,522.50,522.50,1,CPA2026Z
20250331,0741,523.25,523.25,523.25,523.25,1,CPA2026Z
20250331,0811,523.65,523.65,523.65,523.65,1,CPA2026Z
20250331,0842,525.65,525.65,525.65,525.65,1,CPA2026Z
20250331,0855,525.20,525.20,525.20,525.20,1,CPA2026Z
20250331,0926,524.20,524.20,524.20,524.20,1,CPA2026Z
20250331,0944,520.30,520.30,520.30,520.30,1,CPA2026Z
20250331,1025,522.95,522.95,522.95,522.95,1,CPA2026Z
20250331,1103,523.80,523.80,523.80,523.80,1,CPA2026Z
20250331,1136,523.60,523.60,523.60,523.60,1,CPA2026Z
20250331,1141,524.05,524.10,524.05,524.10,3,CPA2026Z
20250331,1208,523.90,523.90,523.90,523.90,1,CPA2026Z
20250331,1219,523.00,523.00,523.00,523.00,1,CPA2026Z
20250331,1221,523.00,523.00,523.00,523.00,1,CPA2026Z
20250331,1233,523.00,523.00,523.00,523.00,1,CPA2026Z
20250331,1238,523.00,523.00,523.00,523.00,1,CPA2026Z
20250331,1251,523.00,523.00,523.00,523.00,1,CPA2026Z
20250331,1259,522.95,522.95,522.95,522.95,0,CPA2026Z
20250331,1304,523.90,524.00,523.90,524.00,6,CPA2026Z
20250331,1334,524.50,524.50,524.50,524.50,1,CPA2026Z
20250331,1404,524.65,524.65,524.65,524.65,1,CPA2026Z
20250331,1434,525.10,525.10,525.10,525.10,1,CPA2026Z
20250331,1659,526.60,526.60,526.60,526.60,1,CPA2026Z
20250331,2102,526.05,526.05,526.05,526.05,4,CPA2026Z
20250331,2256,527.75,527.75,527.75,527.75,2,CPA2026Z
20250401,0443,527.10,527.10,527.10,527.10,2,CPA2026Z
20250401,0445,527.10,527.10,527.10,527.10,4,CPA2026Z
20250401,0503,527.00,527.00,527.00,527.00,2,CPA2026Z
20250401,0504,527.00,527.00,527.00,527.00,1,CPA2026Z
20250401,0506,527.00,527.00,527.00,527.00,1,CPA2026Z
20250401,0507,527.00,527.00,527.00,527.00,5,CPA2026Z
20250401,0656,523.00,523.00,523.00,523.00,1,CPA2026Z
20250401,0657,523.15,523.15,523.15,523.15,1,CPA2026Z
20250401,0700,523.10,523.10,523.10,523.10,1,CPA2026Z
20250401,0703,522.80,522.80,522.80,522.80,1,CPA2026Z
20250401,1050,525.15,525.15,525.15,525.15,1,CPA2026Z
20250401,1051,525.20,525.25,525.20,525.25,2,CPA2026Z
20250401,1101,525.40,525.40,525.40,525.40,1,CPA2026Z
20250401,1259,524.05,524.05,524.05,524.05,0,CPA2026Z
20250402,1259,524.45,524.45,524.45,524.45,0,CPA2026Z
20250402,1422,524.70,524.70,524.70,524.70,1,CPA2026Z
20250402,1628,518.40,518.40,516.90,516.90,10,CPA2026Z
20250402,1648,520.50,520.50,520.50,520.50,2,CPA2026Z
20250402,1650,520.50,520.50,520.10,520.10,7,CPA2026Z
20250402,1652,520.10,520.10,520.10,520.10,4,CPA2026Z
20250402,1653,520.10,520.10,520.10,520.10,4,CPA2026Z
20250402,1655,520.10,520.50,520.10,520.50,3,CPA2026Z
20250403,1259,505.00,505.00,505.00,505.00,0,CPA2026Z
20250403,2339,500.70,500.70,500.70,500.70,1,CPA2026Z
20250404,0608,492.40,492.40,492.40,492.40,1,CPA2026Z
20250404,0917,474.85,474.85,474.85,474.85,1,CPA2026Z
20250404,0938,475.00,475.00,475.00,475.00,2,CPA2026Z
20250404,0940,475.00,475.00,475.00,475.00,8,CPA2026Z
20250404,1049,468.60,468.60,468.60,468.60,24,CPA2026Z
20250404,1050,468.60,468.60,468.60,468.60,26,CPA2026Z
20250404,1137,470.00,470.00,470.00,470.00,3,CPA2026Z
20250404,1159,470.00,470.00,470.00,470.00,1,CPA2026Z
20250404,1201,470.00,470.00,470.00,470.00,6,CPA2026Z
20250404,1221,468.20,468.20,468.20,468.20,1,CPA2026Z
20250404,1225,468.15,468.15,468.15,468.15,1,CPA2026Z
20250404,1227,467.45,467.45,466.65,466.65,2,CPA2026Z
20250404,1232,468.60,468.60,468.60,468.60,1,CPA2026Z
20250404,1234,468.45,468.45,468.45,468.45,1,CPA2026Z
20250404,1236,468.70,468.70,468.70,468.70,1,CPA2026Z
20250404,1237,468.90,468.90,468.90,468.90,14,CPA2026Z
20250404,1238,468.90,468.90,468.70,468.70,14,CPA2026Z
20250404,1239,468.70,468.75,468.65,468.75,19,CPA2026Z
20250404,1240,468.75,468.75,468.60,468.75,15,CPA2026Z
20250404,1242,468.10,468.10,468.10,468.10,1,CPA2026Z
20250404,1244,467.40,467.40,467.40,467.40,5,CPA2026Z
20250404,1246,466.90,466.90,466.90,466.90,5,CPA2026Z
20250404,1247,467.00,467.00,467.00,467.00,2,CPA2026Z
20250404,1248,467.00,467.10,467.00,467.10,10,CPA2026Z
20250404,1249,467.30,467.30,467.30,467.30,3,CPA2026Z
20250404,1250,467.20,467.20,467.15,467.15,30,CPA2026Z
20250404,1251,467.10,467.10,467.10,467.10,4,CPA2026Z
20250404,1253,466.05,466.05,466.05,466.05,1,CPA2026Z
20250404,1256,466.85,466.85,466.85,466.85,1,CPA2026Z
20250404,1257,466.10,466.10,466.10,466.10,1,CPA2026Z
20250404,1258,465.35,465.35,465.35,465.35,1,CPA2026Z
20250404,1259,466.55,466.55,465.85,465.85,1,CPA2026Z
20250404,1314,465.50,465.50,465.50,465.50,2,CPA2026Z
20250404,1316,465.85,465.85,465.85,465.85,18,CPA2026Z
20250404,1317,465.85,465.85,465.85,465.85,7,CPA2026Z
20250404,1318,466.00,466.00,466.00,466.00,23,CPA2026Z
20250404,1322,464.80,464.80,464.80,464.80,2,CPA2026Z
20250404,1323,465.55,465.75,465.55,465.75,10,CPA2026Z
20250404,1338,468.50,468.50,468.50,468.50,7,CPA2026Z
20250404,1339,468.50,468.50,468.50,468.50,3,CPA2026Z
20250404,1418,467.00,467.00,467.00,467.00,1,CPA2026Z
20250404,1422,467.00,467.00,467.00,467.00,4,CPA2026Z
20250407,1048,454.25,454.25,454.25,454.25,1,CPA2026Z
20250407,1051,455.35,455.35,455.35,455.35,1,CPA2026Z
20250407,1259,445.95,445.95,445.95,445.95,0,CPA2026Z
20250407,1327,451.70,451.70,451.70,451.70,3,CPA2026Z
20250407,1328,451.70,451.70,451.70,451.70,3,CPA2026Z
20250407,1332,451.70,451.70,451.70,451.70,2,CPA2026Z
20250407,1550,453.35,453.35,453.35,453.35,1,CPA2026Z
20250408,0317,458.80,458.80,458.80,458.80,1,CPA2026Z
20250408,0319,458.80,458.80,458.80,458.80,6,CPA2026Z
20250408,0400,459.05,459.05,459.05,459.05,13,CPA2026Z
20250408,0520,457.30,457.30,457.30,457.30,2,CPA2026Z
20250408,0521,457.30,457.30,457.30,457.30,5,CPA2026Z
20250408,0530,456.60,456.60,456.60,456.60,1,CPA2026Z
20250408,1259,442.60,442.60,442.60,442.60,0,CPA2026Z
20250409,1006,452.25,452.25,452.25,452.25,1,CPA2026Z
20250409,1256,448.95,448.95,448.95,448.95,1,CPA2026Z
20250409,1259,447.30,447.30,447.30,447.30,0,CPA2026Z
20250410,1259,461.05,461.05,461.05,461.05,0,CPA2026Z
20250410,1847,465.60,465.60,465.60,465.60,1,CPA2026Z
20250411,1111,475.15,475.15,475.15,475.15,1,CPA2026Z
20250411,1127,476.05,476.05,476.05,476.05,1,CPA2026Z
20250411,1138,476.95,477.90,476.95,477.90,3,CPA2026Z
20250411,1139,478.25,478.25,478.25,478.25,1,CPA2026Z
20250411,1140,478.70,478.70,478.70,478.70,2,CPA2026Z
20250411,1142,480.50,480.50,480.50,480.50,1,CPA2026Z
20250411,1157,483.15,483.15,483.15,483.15,1,CPA2026Z
20250411,1201,482.90,482.90,482.90,482.90,2,CPA2026Z
20250411,1209,482.85,482.85,482.85,482.85,1,CPA2026Z
20250411,1259,479.60,479.60,479.60,479.60,0,CPA2026Z
20250414,1005,485.65,485.65,485.65,485.65,1,CPA2026Z
20250414,1008,485.65,485.65,485.65,485.65,2,CPA2026Z
20250414,1022,486.40,486.40,486.40,486.40,3,CPA2026Z
20250414,1046,487.20,487.20,487.20,487.20,3,CPA2026Z
20250414,1125,488.00,488.00,488.00,488.00,3,CPA2026Z
20250414,1259,491.35,491.35,491.35,491.35,0,CPA2026Z
20250415,1009,488.80,488.80,488.80,488.80,2,CPA2026Z
20250415,1013,489.45,489.45,489.45,489.45,2,CPA2026Z
20250415,1029,488.40,488.40,488.40,488.40,1,CPA2026Z
20250415,1031,488.60,488.60,488.60,488.60,1,CPA2026Z
20250415,1036,489.00,489.00,489.00,489.00,1,CPA2026Z
20250415,1042,489.40,489.40,489.40,489.40,1,CPA2026Z
20250415,1259,490.90,490.90,490.90,490.90,0,CPA2026Z
20250416,1259,496.45,496.45,496.45,496.45,0,CPA2026Z
20250417,1259,501.15,501.15,501.15,501.15,0,CPA2026Z
20250421,0524,505.00,505.00,505.00,505.00,1,CPA2026Z
20250421,1259,500.25,500.25,500.25,500.25,0,CPA2026Z
20250422,1259,514.10,514.10,514.10,514.10,0,CPA2026Z
20250422,1340,510.00,510.00,510.00,510.00,3,CPA2026Z
20250423,1120,511.20,511.20,511.20,511.20,1,CPA2026Z
20250423,1259,511.40,511.40,511.40,511.40,0,CPA2026Z
20250423,1506,510.40,510.40,510.40,510.40,1,CPA2026Z
20250424,1121,511.00,511.00,511.00,511.00,3,CPA2026Z
20250424,1122,511.00,511.00,511.00,511.00,3,CPA2026Z
20250424,1125,511.00,511.00,511.00,511.00,6,CPA2026Z
20250424,1152,511.10,511.10,511.10,511.10,1,CPA2026Z
20250424,1153,511.00,511.00,511.00,511.00,1,CPA2026Z
20250424,1200,511.00,511.00,511.00,511.00,1,CPA2026Z
20250424,1201,511.00,511.05,511.00,511.00,5,CPA2026Z
20250424,1202,511.00,511.00,511.00,511.00,2,CPA2026Z
20250424,1203,511.05,511.05,511.00,511.00,5,CPA2026Z
20250424,1259,513.15,513.15,513.15,513.15,0,CPA2026Z
20250424,1300,513.60,513.60,513.30,513.30,8,CPA2026Z
20250424,1301,513.30,513.30,513.30,513.30,1,CPA2026Z
20250425,1259,511.70,511.70,511.70,511.70,0,CPA2026Z
20250428,1259,510.35,510.35,510.35,510.35,0,CPA2026Z
20250429,0844,516.10,516.10,516.10,516.10,1,CPA2026Z
20250429,0851,515.50,515.50,515.50,515.50,3,CPA2026Z
20250429,0853,515.50,515.50,515.50,515.50,3,CPA2026Z
20250429,0942,513.50,513.50,513.50,513.50,1,CPA2026Z
20250429,1259,509.05,509.05,509.05,509.05,0,CPA2026Z
20250429,1324,508.70,508.70,508.70,508.70,7,CPA2026Z
20250430,0752,486.50,486.50,486.50,486.50,4,CPA2026Z
20250430,0753,486.50,486.50,486.50,486.50,1,CPA2026Z
20250430,1114,486.00,486.00,486.00,486.00,1,CPA2026Z
20250430,1259,483.50,483.50,483.50,483.50,0,CPA2026Z
20250501,1259,486.00,486.00,486.00,486.00,0,CPA2026Z
20250502,0750,489.10,489.10,489.10,489.10,1,CPA2026Z
20250502,0937,495.00,495.00,495.00,495.00,5,CPA2026Z
20250502,0938,495.00,495.00,495.00,495.00,1,CPA2026Z
20250502,0941,496.50,496.50,496.50,496.50,14,CPA2026Z
20250502,1259,492.30,492.30,492.30,492.30,0,CPA2026Z
20250505,1259,495.65,495.65,495.65,495.65,0,CPA2026Z
20250506,1259,503.65,503.65,503.65,503.65,0,CPA2026Z
20250506,1408,502.20,502.20,502.20,502.20,5,CPA2026Z
20250507,1259,493.30,493.30,493.30,493.30,0,CPA2026Z
20250508,0251,487.95,488.00,487.95,488.00,7,CPA2026Z
20250508,0252,488.00,488.00,488.00,488.00,4,CPA2026Z
20250508,0255,488.00,488.00,488.00,488.00,11,CPA2026Z
20250508,0300,488.00,488.00,488.00,488.00,11,CPA2026Z
20250508,0753,487.25,487.25,487.25,487.25,1,CPA2026Z
20250508,1259,487.60,487.60,487.60,487.60,0,CPA2026Z
20250509,0532,486.10,486.10,486.10,486.10,2,CPA2026Z
20250509,0533,486.25,486.25,486.25,486.25,1,CPA2026Z
20250509,1246,492.00,492.00,492.00,492.00,1,CPA2026Z
20250509,1247,492.00,492.00,492.00,492.00,2,CPA2026Z
20250509,1252,492.50,492.50,492.50,492.50,1,CPA2026Z
20250509,1254,492.50,492.50,492.50,492.50,2,CPA2026Z
20250509,1259,492.50,492.50,492.50,492.50,0,CPA2026Z
20250512,0112,496.40,496.40,496.40,496.40,2,CPA2026Z
20250512,0114,496.50,496.50,496.50,496.50,2,CPA2026Z
20250512,0126,496.25,496.25,496.25,496.25,2,CPA2026Z
20250512,0148,496.75,496.75,496.75,496.75,2,CPA2026Z
20250512,1259,489.50,489.50,489.50,489.50,0,CPA2026Z
20250513,1004,494.85,494.85,494.85,494.85,2,CPA2026Z
20250513,1005,494.85,494.85,494.85,494.85,2,CPA2026Z
20250513,1008,494.85,494.85,494.85,494.85,1,CPA2026Z
20250513,1009,494.85,494.85,494.85,494.85,4,CPA2026Z
20250513,1012,494.85,494.85,494.85,494.85,1,CPA2026Z
20250513,1054,498.90,499.00,498.90,499.00,5,CPA2026Z
20250513,1259,499.70,499.70,499.70,499.70,0,CPA2026Z
20250514,1259,492.90,492.90,492.90,492.90,0,CPA2026Z
20250515,1259,495.00,495.00,495.00,495.00,0,CPA2026Z
20250515,1347,496.00,496.00,496.00,496.00,2,CPA2026Z
20250516,1259,486.40,486.40,486.40,486.40,0,CPA2026Z
20250519,1259,494.15,494.15,494.15,494.15,0,CPA2026Z
20250520,1259,492.45,492.45,492.45,492.45,0,CPA2026Z
20250520,2210,495.15,495.15,495.15,495.15,1,CPA2026Z
20250520,2211,495.05,495.05,495.05,495.05,1,CPA2026Z
20250520,2212,495.05,495.05,495.05,495.05,7,CPA2026Z
20250520,2214,495.20,495.20,495.20,495.20,5,CPA2026Z
20250520,2215,495.10,495.15,495.10,495.15,6,CPA2026Z
20250520,2216,495.15,495.15,495.15,495.15,4,CPA2026Z
20250520,2219,494.70,494.70,494.70,494.70,3,CPA2026Z
20250521,1259,493.35,493.35,493.35,493.35,0,CPA2026Z
20250522,1259,494.00,494.00,494.00,494.00,0,CPA2026Z
20250523,1259,509.90,509.90,509.90,509.90,0,CPA2026Z
20250527,1259,501.20,501.20,501.20,501.20,0,CPA2026Z
20250528,1259,495.95,495.95,495.95,495.95,0,CPA2026Z
20250529,1259,496.60,496.60,496.60,496.60,0,CPA2026Z
20250529,1534,497.00,497.00,497.00,497.00,2,CPA2026Z
20250530,1259,496.00,496.00,496.00,496.00,0,CPA2026Z
20250602,0927,515.00,515.00,515.00,515.00,1,CPA2026Z
20250602,0936,513.65,513.65,513.65,513.65,2,CPA2026Z
20250602,1259,513.65,513.65,513.65,513.65,0,CPA2026Z
20250603,1259,511.75,511.75,511.75,511.75,0,CPA2026Z
20250604,0946,515.30,515.30,515.30,515.30,1,CPA2026Z
20250604,1259,516.30,516.30,516.30,516.30,0,CPA2026Z
20250605,0740,527.00,527.15,527.00,527.15,5,CPA2026Z
20250605,0949,530.25,530.25,530.25,530.25,5,CPA2026Z
20250605,0955,529.35,529.35,529.35,529.35,5,CPA2026Z
20250605,1001,527.25,527.25,527.25,527.25,5,CPA2026Z
20250605,1259,520.80,520.80,520.80,520.80,0,CPA2026Z
20250606,1259,513.30,513.30,513.30,513.30,0,CPA2026Z
20250609,1259,520.65,520.65,520.65,520.65,0,CPA2026Z
20250610,1259,517.35,517.35,517.35,517.35,0,CPA2026Z
20250611,1259,509.60,509.60,509.60,509.60,0,CPA2026Z
20250612,1259,511.30,511.30,511.30,511.30,0,CPA2026Z
20250613,1259,509.60,509.60,509.60,509.60,0,CPA2026Z
20250616,1259,512.40,512.40,512.40,512.40,0,CPA2026Z
20250617,1259,509.30,509.30,509.30,509.30,0,CPA2026Z
20250618,1259,513.35,513.35,513.35,513.35,0,CPA2026Z
20250620,1259,510.85,510.85,510.85,510.85,0,CPA2026Z
20250623,1259,512.25,512.25,512.25,512.25,0,CPA2026Z
20250624,1259,514.95,514.95,514.95,514.95,0,CPA2026Z
20250625,0057,516.60,516.60,515.75,515.75,24,CPA2026Z
20250625,1259,519.80,519.80,519.80,519.80,0,CPA2026Z
20250626,1259,534.35,534.35,534.35,534.35,0,CPA2026Z
20250627,1112,531.80,531.80,531.75,531.75,10,CPA2026Z
20250627,1134,533.80,533.80,533.80,533.80,14,CPA2026Z
20250627,1135,533.80,533.80,533.80,533.80,6,CPA2026Z
20250627,1259,534.60,534.60,534.60,534.60,0,CPA2026Z
20250630,1259,530.15,530.15,530.15,530.15,0,CPA2026Z
20250701,1239,530.90,530.90,530.90,530.90,1,CPA2026Z
20250701,1259,532.25,532.25,532.25,532.25,0,CPA2026Z
20250702,1259,542.65,542.65,542.65,542.65,0,CPA2026Z
20250703,1259,537.25,537.25,537.25,537.25,0,CPA2026Z
20250707,0544,525.55,525.55,525.45,525.45,14,CPA2026Z
20250707,1259,525.75,525.75,525.75,525.75,0,CPA2026Z
20250708,1259,591.75,591.75,591.75,591.75,0,CPA2026Z
20250708,2027,565.80,565.80,565.80,565.80,2,CPA2026Z
20250708,2030,565.80,565.80,565.80,565.80,3,CPA2026Z
20250708,2107,571.10,571.10,571.10,571.10,5,CPA2026Z
20250709,0221,583.60,583.60,583.60,583.60,1,CPA2026Z
20250709,0222,582.75,582.75,582.45,582.45,7,CPA2026Z
20250709,0223,582.10,582.10,582.10,582.10,2,CPA2026Z
20250709,1209,562.45,562.45,562.45,562.45,1,CPA2026Z
20250709,1259,564.05,564.05,564.05,564.05,0,CPA2026Z
20250710,1259,575.80,575.80,575.80,575.80,0,CPA2026Z
20250711,1259,577.55,577.55,577.55,577.55,0,CPA2026Z
20250714,1259,572.55,572.55,572.55,572.55,0,CPA2026Z
20250715,1259,575.10,575.10,575.10,575.10,0,CPA2026Z
20250716,1259,569.75,569.75,569.75,569.75,0,CPA2026Z
20250717,0352,567.20,567.70,567.20,567.70,9,CPA2026Z
20250717,1259,568.45,568.45,568.45,568.45,0,CPA2026Z
20250718,1054,574.80,574.80,574.80,574.80,5,CPA2026Z
20250718,1055,574.20,574.20,574.20,574.20,6,CPA2026Z
20250718,1056,574.40,574.40,574.40,574.40,6,CPA2026Z
20250718,1057,574.40,574.40,574.40,574.40,5,CPA2026Z
20250718,1058,574.60,574.60,574.60,574.60,2,CPA2026Z
20250718,1259,577.25,577.25,577.25,577.25,0,CPA2026Z
20250718,1635,576.25,576.25,576.25,576.25,1,CPA2026Z
20250721,0754,581.70,581.90,581.70,581.90,10,CPA2026Z
20250721,1112,578.25,578.35,578.25,578.35,11,CPA2026Z
20250721,1259,580.35,580.35,580.35,580.35,0,CPA2026Z
20250722,1257,588.65,588.65,588.60,588.60,15,CPA2026Z
20250722,1258,588.25,588.25,588.25,588.25,9,CPA2026Z
20250722,1259,588.45,588.45,588.45,588.45,0,CPA2026Z
20250723,1259,597.40,597.40,597.40,597.40,0,CPA2026Z
20250724,1259,597.05,597.05,597.05,597.05,0,CPA2026Z
20250725,1259,595.00,595.00,595.00,595.00,0,CPA2026Z
20250728,0810,595.70,595.70,595.70,595.70,2,CPA2026Z
20250728,1044,583.50,583.50,583.25,583.25,5,CPA2026Z
20250728,1045,583.15,583.15,583.15,583.15,6,CPA2026Z
20250728,1259,578.20,578.20,578.20,578.20,0,CPA2026Z
20250728,1933,578.20,578.20,578.20,578.20,1,CPA2026Z
20250728,2057,578.30,578.30,578.30,578.30,1,CPA2026Z
20250729,1259,579.90,579.90,579.90,579.90,0,CPA2026Z
20250730,1259,575.45,575.45,575.45,575.45,0,CPA2026Z
20250730,1402,564.05,564.05,511.00,511.00,3,CPA2026Z
20250730,1414,480.05,480.05,480.05,480.05,1,CPA2026Z
20250730,1441,483.20,483.20,483.20,483.20,1,CPA2026Z
20250730,1447,484.70,484.70,484.70,484.70,1,CPA2026Z
20250730,1449,484.75,484.75,484.75,484.75,1,CPA2026Z
20250730,1450,481.95,481.95,481.95,481.95,1,CPA2026Z
20250730,1452,482.75,482.75,482.75,482.75,1,CPA2026Z
20250730,1455,487.00,487.00,487.00,487.00,1,CPA2026Z
20250730,1501,482.75,482.75,481.50,481.50,3,CPA2026Z
20250730,1546,477.40,477.40,477.40,477.40,1,CPA2026Z
20250730,1802,490.10,490.10,490.10,490.10,1,CPA2026Z
20250731,0316,459.50,459.50,459.50,459.50,6,CPA2026Z
20250731,0317,459.50,459.50,459.50,459.50,21,CPA2026Z
20250731,0612,461.00,461.00,461.00,461.00,1,CPA2026Z
20250731,0907,461.75,461.75,461.75,461.75,1,CPA2026Z
20250731,0908,460.85,460.85,460.85,460.85,1,CPA2026Z
20250731,0910,460.70,460.70,460.70,460.70,1,CPA2026Z
20250731,0939,461.10,461.10,461.10,461.10,1,CPA2026Z
20250731,1050,460.15,460.15,460.15,460.15,1,CPA2026Z
20250731,1125,461.50,461.50,461.50,461.50,1,CPA2026Z
20250731,1130,461.05,461.05,460.95,460.95,2,CPA2026Z
20250731,1259,459.25,459.25,459.25,459.25,0,CPA2026Z
20250731,1422,465.00,465.00,465.00,465.00,5,CPA2026Z
20250801,1259,466.30,466.30,466.30,466.30,0,CPA2026Z
20250803,1803,469.80,469.80,469.80,469.80,10,CPA2026Z
20250803,1804,469.45,469.45,469.45,469.45,10,CPA2026Z
20250804,0843,466.85,466.85,466.85,466.85,1,CPA2026Z
20250804,1259,466.05,466.05,466.05,466.05,0,CPA2026Z
20250804,1406,467.35,467.35,467.35,467.35,1,CPA2026Z
20250805,1259,461.55,461.90,461.00,461.40,148,CPA2026Z
20250806,1259,464.55,464.55,464.55,464.55,0,CPA2026Z
20250806,1804,465.35,465.35,465.35,465.35,3,CPA2026Z
20250807,1259,464.15,464.15,464.15,464.15,0,CPA2026Z
20250807,1541,465.80,465.80,465.75,465.75,2,CPA2026Z
20250807,1542,465.75,465.75,465.75,465.75,1,CPA2026Z
