Date,Time,Open,High,Low,Close,TradeVolume,Contract
20230719,1259,391.25,391.25,391.25,391.25,0,CPA2027Z
20230720,1259,394.05,394.05,394.05,394.05,0,CPA2027Z
20230721,1259,393.40,393.40,393.40,393.40,0,CPA2027Z
20230724,1259,396.95,396.95,396.95,396.95,0,CPA2027Z
20230725,1259,402.20,402.20,402.20,402.20,0,CPA2027Z
20230726,1259,400.80,400.80,400.80,400.80,0,CPA2027Z
20230727,1259,399.05,399.05,399.05,399.05,0,CPA2027Z
20230728,1259,403.65,403.65,403.65,403.65,0,CPA2027Z
20230731,1259,410.50,410.50,410.50,410.50,0,CPA2027Z
20230801,1259,402.15,402.15,402.15,402.15,0,CPA2027Z
20230802,1259,396.85,396.85,396.85,396.85,0,CPA2027Z
20230803,1259,403.10,403.10,403.10,403.10,0,CPA2027Z
20230804,1259,400.20,400.20,400.20,400.20,0,CPA2027Z
20230807,1259,397.95,397.95,397.95,397.95,0,CPA2027Z
20230808,1259,391.20,391.20,391.20,391.20,0,CPA2027Z
20230809,1259,391.95,391.95,391.95,391.95,0,CPA2027Z
20230810,1259,391.10,391.10,391.10,391.10,0,CPA2027Z
20230811,1259,388.00,388.00,388.00,388.00,0,CPA2027Z
20230814,1259,387.35,387.35,387.35,387.35,0,CPA2027Z
20230815,1259,384.55,384.55,384.55,384.55,0,CPA2027Z
20230816,1259,383.15,383.15,383.15,383.15,0,CPA2027Z
20230821,1259,387.55,387.55,387.55,387.55,0,CPA2027Z
20230822,1259,390.90,390.90,390.90,390.90,0,CPA2027Z
20230823,1259,395.30,395.30,395.30,395.30,0,CPA2027Z
20230824,1259,391.80,391.80,391.80,391.80,0,CPA2027Z
20230825,1259,390.75,390.75,390.75,390.75,0,CPA2027Z
20230828,1259,391.90,391.90,391.90,391.90,0,CPA2027Z
20230829,1259,396.75,396.75,396.75,396.75,0,CPA2027Z
20230830,1259,397.25,397.25,397.25,397.25,0,CPA2027Z
20230831,1259,395.35,395.35,395.35,395.35,0,CPA2027Z
20230901,1259,397.90,397.90,397.90,397.90,0,CPA2027Z
20230905,1259,397.20,397.20,397.20,397.20,0,CPA2027Z
20230906,1259,392.15,392.15,392.15,392.15,0,CPA2027Z
20230907,1259,389.95,389.95,389.95,389.95,0,CPA2027Z
20230908,1259,385.80,385.80,385.80,385.80,0,CPA2027Z
20230911,1259,394.60,394.60,394.60,394.60,0,CPA2027Z
20230912,1259,393.20,393.20,393.20,393.20,0,CPA2027Z
20230913,1259,393.05,393.05,393.05,393.05,0,CPA2027Z
20230914,1259,393.20,393.20,393.20,393.20,0,CPA2027Z
20230915,1259,392.30,392.30,392.30,392.30,0,CPA2027Z
20230918,1259,390.85,390.85,390.85,390.85,0,CPA2027Z
20230919,1259,387.95,387.95,387.95,387.95,0,CPA2027Z
20230920,1259,390.75,390.75,390.75,390.75,0,CPA2027Z
20230921,1259,384.25,384.25,384.25,384.25,0,CPA2027Z
20230922,1259,385.15,385.15,385.15,385.15,0,CPA2027Z
20230925,1259,383.50,383.50,383.50,383.50,0,CPA2027Z
20230926,1259,380.95,380.95,380.95,380.95,0,CPA2027Z
20230927,1259,379.25,379.25,379.25,379.25,0,CPA2027Z
20230928,1259,384.65,384.65,384.65,384.65,0,CPA2027Z
20230929,1259,388.45,388.45,388.45,388.45,0,CPA2027Z
20231002,1259,379.95,379.95,379.95,379.95,0,CPA2027Z
20231003,1259,377.35,377.35,377.35,377.35,0,CPA2027Z
20231004,1259,374.20,374.20,374.20,374.20,0,CPA2027Z
20231005,1259,370.50,370.50,370.50,370.50,0,CPA2027Z
20231006,1259,377.55,377.55,377.55,377.55,0,CPA2027Z
20231009,1259,379.75,379.75,379.75,379.75,0,CPA2027Z
20231010,1259,377.20,377.20,377.20,377.20,0,CPA2027Z
20231011,1259,376.90,376.90,376.90,376.90,0,CPA2027Z
20231012,1259,376.85,376.85,376.85,376.85,0,CPA2027Z
20231013,1259,374.95,374.95,374.95,374.95,0,CPA2027Z
20231016,1259,377.75,377.75,377.75,377.75,0,CPA2027Z
20231017,1259,377.80,377.80,377.80,377.80,0,CPA2027Z
20231018,1259,377.00,377.00,377.00,377.00,0,CPA2027Z
20231019,1259,377.75,377.75,377.75,377.75,0,CPA2027Z
20231020,1259,375.80,375.80,375.80,375.80,0,CPA2027Z
20231023,1259,375.65,375.65,375.65,375.65,0,CPA2027Z
20231024,1259,375.75,375.75,375.75,375.75,0,CPA2027Z
20231025,1259,373.95,373.95,373.95,373.95,0,CPA2027Z
20231026,1259,375.70,375.70,375.70,375.70,0,CPA2027Z
20231027,1259,381.10,381.10,381.10,381.10,0,CPA2027Z
20231030,1259,382.35,382.35,382.35,382.35,0,CPA2027Z
20231031,1259,381.55,381.55,381.55,381.55,0,CPA2027Z
20231101,1259,382.75,382.75,382.75,382.75,0,CPA2027Z
20231102,1259,385.25,385.25,385.25,385.25,0,CPA2027Z
20231103,1259,386.00,386.00,386.00,386.00,0,CPA2027Z
20231106,1259,390.05,390.05,390.05,390.05,0,CPA2027Z
20231107,1259,388.15,388.15,388.15,388.15,0,CPA2027Z
20231108,1259,384.70,384.70,384.70,384.70,0,CPA2027Z
20231109,1259,384.80,384.80,384.80,384.80,0,CPA2027Z
20231110,1259,382.00,382.00,382.00,382.00,0,CPA2027Z
20231113,1259,387.80,387.80,387.80,387.80,0,CPA2027Z
20231114,1259,389.90,389.90,389.90,389.90,0,CPA2027Z
20231115,1259,393.35,393.35,393.35,393.35,0,CPA2027Z
20231116,1259,391.60,391.60,391.60,391.60,0,CPA2027Z
20231117,1259,394.90,394.90,394.90,394.90,0,CPA2027Z
20231120,1259,401.65,401.65,401.65,401.65,0,CPA2027Z
20231121,1259,403.25,403.25,403.25,403.25,0,CPA2027Z
20231122,1259,398.15,398.15,398.15,398.15,0,CPA2027Z
20231124,1159,401.40,401.40,401.40,401.40,0,CPA2027Z
20231127,1259,398.70,398.70,398.70,398.70,0,CPA2027Z
20231128,1259,401.55,401.55,401.55,401.55,0,CPA2027Z
20231129,1259,400.10,400.10,400.10,400.10,0,CPA2027Z
20231130,1259,402.05,402.05,402.05,402.05,0,CPA2027Z
20231201,1259,408.60,408.60,408.60,408.60,0,CPA2027Z
20231204,1259,401.25,401.25,401.25,401.25,0,CPA2027Z
20231205,1259,395.30,395.30,395.30,395.30,0,CPA2027Z
20231206,1259,390.80,390.80,390.80,390.80,0,CPA2027Z
20231207,1259,396.50,396.50,396.50,396.50,0,CPA2027Z
20231208,1259,398.00,398.00,398.00,398.00,0,CPA2027Z
20231211,1259,393.60,393.60,393.60,393.60,0,CPA2027Z
20231212,1259,392.60,392.60,392.60,392.60,0,CPA2027Z
20231213,1259,391.65,391.65,391.65,391.65,0,CPA2027Z
20231214,1259,400.50,400.50,400.50,400.50,0,CPA2027Z
20231215,1259,399.50,399.50,399.50,399.50,0,CPA2027Z
20231218,1259,396.15,396.15,396.15,396.15,0,CPA2027Z
20231219,1259,399.60,399.60,399.60,399.60,0,CPA2027Z
20231220,1259,400.20,400.20,400.20,400.20,0,CPA2027Z
20231221,1259,401.60,401.60,401.60,401.60,0,CPA2027Z
20231222,1259,400.40,400.40,400.40,400.40,0,CPA2027Z
20231226,1259,400.90,400.90,400.90,400.90,0,CPA2027Z
20231227,1259,405.80,405.80,405.80,405.80,0,CPA2027Z
20231228,1259,402.40,402.40,402.40,402.40,0,CPA2027Z
20231229,1259,399.30,399.30,399.30,399.30,0,CPA2027Z
20240102,1259,398.35,398.35,398.35,398.35,0,CPA2027Z
20240103,1259,396.25,396.25,396.25,396.25,0,CPA2027Z
20240104,1259,394.30,394.30,394.30,394.30,0,CPA2027Z
20240105,1259,391.95,391.95,391.95,391.95,0,CPA2027Z
20240108,1259,393.50,393.50,393.50,393.50,0,CPA2027Z
20240109,1259,389.45,389.45,389.45,389.45,0,CPA2027Z
20240110,1259,390.75,390.75,390.75,390.75,0,CPA2027Z
20240111,1259,388.95,388.95,388.95,388.95,0,CPA2027Z
20240112,1259,386.10,386.10,386.10,386.10,0,CPA2027Z
20240116,1259,388.25,388.25,388.25,388.25,0,CPA2027Z
20240117,1259,384.85,384.85,384.85,384.85,0,CPA2027Z
20240118,1259,386.30,386.30,386.30,386.30,0,CPA2027Z
20240119,1259,390.05,390.05,390.05,390.05,0,CPA2027Z
20240122,1259,388.35,388.35,388.35,388.35,0,CPA2027Z
20240123,1259,390.55,390.55,390.55,390.55,0,CPA2027Z
20240124,1259,398.90,398.90,398.90,398.90,0,CPA2027Z
20240125,1259,398.40,398.40,398.40,398.40,0,CPA2027Z
20240126,1259,397.15,397.15,397.15,397.15,0,CPA2027Z
20240129,1259,399.55,399.55,399.55,399.55,0,CPA2027Z
20240130,1259,401.15,401.15,401.15,401.15,0,CPA2027Z
20240131,1259,400.60,400.60,400.60,400.60,0,CPA2027Z
20240201,1259,396.30,396.30,396.30,396.30,0,CPA2027Z
20240202,1259,394.45,394.45,394.45,394.45,0,CPA2027Z
20240205,1259,390.60,390.60,390.60,390.60,0,CPA2027Z
20240206,1259,391.30,391.30,391.30,391.30,0,CPA2027Z
20240207,1259,387.55,387.55,387.55,387.55,0,CPA2027Z
20240208,1259,383.65,383.65,383.65,383.65,0,CPA2027Z
20240209,1259,381.35,381.35,381.35,381.35,0,CPA2027Z
20240212,1259,384.90,384.90,384.90,384.90,0,CPA2027Z
20240213,1259,383.30,383.30,383.30,383.30,0,CPA2027Z
20240214,1259,380.95,380.95,380.95,380.95,0,CPA2027Z
20240215,1259,385.30,385.30,385.30,385.30,0,CPA2027Z
20240216,1259,393.10,393.10,393.10,393.10,0,CPA2027Z
20240220,1259,395.05,395.05,395.05,395.05,0,CPA2027Z
20240221,1259,396.25,396.25,396.25,396.25,0,CPA2027Z
20240222,1259,399.40,399.40,399.40,399.40,0,CPA2027Z
20240223,1259,398.60,398.60,398.60,398.60,0,CPA2027Z
20240226,1259,391.50,391.50,391.50,391.50,0,CPA2027Z
20240227,1259,393.70,393.70,393.70,393.70,0,CPA2027Z
20240228,1259,392.00,392.00,392.00,392.00,0,CPA2027Z
20240229,1259,392.40,392.40,392.40,392.40,0,CPA2027Z
20240301,1259,394.10,394.10,394.10,394.10,0,CPA2027Z
20240304,1259,394.00,394.00,394.00,394.00,0,CPA2027Z
20240305,1259,393.15,393.15,393.15,393.15,0,CPA2027Z
20240306,1259,395.70,395.70,395.70,395.70,0,CPA2027Z
20240307,1259,400.50,400.50,400.50,400.50,0,CPA2027Z
20240308,1259,397.45,397.45,397.45,397.45,0,CPA2027Z
20240311,1259,400.85,400.85,400.85,400.85,0,CPA2027Z
20240312,1259,401.20,401.20,401.20,401.20,0,CPA2027Z
20240313,1259,412.20,412.20,412.20,412.20,0,CPA2027Z
20240314,1259,412.15,412.15,412.15,412.15,0,CPA2027Z
20240315,1259,420.45,420.45,420.45,420.45,0,CPA2027Z
20240318,1259,421.05,421.05,421.05,421.05,0,CPA2027Z
20240319,1259,416.40,416.40,416.40,416.40,0,CPA2027Z
20240320,1259,414.50,414.50,414.50,414.50,0,CPA2027Z
20240321,1259,416.65,416.65,416.65,416.65,0,CPA2027Z
20240322,1259,411.85,411.85,411.85,411.85,0,CPA2027Z
20240325,1259,413.35,413.35,413.35,413.35,0,CPA2027Z
20240326,1259,412.85,412.85,412.85,412.85,0,CPA2027Z
20240327,1259,412.35,412.35,412.35,412.35,0,CPA2027Z
20240328,1259,413.70,413.70,413.70,413.70,0,CPA2027Z
20240401,1259,417.95,417.95,417.95,417.95,0,CPA2027Z
20240402,1259,420.45,420.45,420.45,420.45,0,CPA2027Z
20240403,1259,433.20,433.20,433.20,433.20,0,CPA2027Z
20240404,1259,438.45,438.45,438.45,438.45,0,CPA2027Z
20240405,1259,437.30,437.30,437.30,437.30,0,CPA2027Z
20240408,1259,440.30,440.30,440.30,440.30,0,CPA2027Z
20240409,1259,441.00,441.00,441.00,441.00,0,CPA2027Z
20240410,1259,440.00,440.00,440.00,440.00,0,CPA2027Z
20240411,1259,438.80,438.80,438.80,438.80,0,CPA2027Z
20240412,1259,439.30,439.30,439.30,439.30,0,CPA2027Z
20240415,1259,446.85,446.85,446.85,446.85,0,CPA2027Z
20240416,1259,439.70,439.70,439.70,439.70,0,CPA2027Z
20240417,1259,440.90,440.90,440.90,440.90,0,CPA2027Z
20240418,1259,451.45,451.45,451.45,451.45,0,CPA2027Z
20240419,1259,456.80,456.80,456.80,456.80,0,CPA2027Z
20240422,1259,454.90,454.90,454.90,454.90,0,CPA2027Z
20240423,1259,450.15,450.15,450.15,450.15,0,CPA2027Z
20240424,1259,452.20,452.20,452.20,452.20,0,CPA2027Z
20240425,1259,457.60,457.60,457.60,457.60,0,CPA2027Z
20240426,1259,462.20,462.20,462.20,462.20,0,CPA2027Z
20240429,1259,470.65,470.65,470.65,470.65,0,CPA2027Z
20240430,1259,460.40,460.40,460.40,460.40,0,CPA2027Z
20240501,1259,457.70,457.70,457.70,457.70,0,CPA2027Z
20240502,1259,452.25,452.25,452.25,452.25,0,CPA2027Z
20240503,1259,459.15,459.15,459.15,459.15,0,CPA2027Z
20240506,1259,464.55,464.55,464.55,464.55,0,CPA2027Z
20240507,1259,464.25,464.25,464.25,464.25,0,CPA2027Z
20240508,1259,458.70,458.70,458.70,458.70,0,CPA2027Z
20240509,1259,460.60,460.60,460.60,460.60,0,CPA2027Z
20240510,1259,461.85,461.85,461.85,461.85,0,CPA2027Z
20240513,1259,468.20,468.20,468.20,468.20,0,CPA2027Z
20240514,1259,461.00,461.00,461.00,461.00,0,CPA2027Z
20240515,1259,469.10,469.10,469.10,469.10,0,CPA2027Z
20240516,1259,473.75,473.75,473.75,473.75,0,CPA2027Z
20240517,1259,487.50,487.50,487.50,487.50,0,CPA2027Z
20240520,1259,495.20,495.20,495.20,495.20,0,CPA2027Z
20240521,1259,495.30,495.30,495.30,495.30,0,CPA2027Z
20240522,1259,476.45,476.45,476.45,476.45,0,CPA2027Z
20240523,1259,474.40,474.40,474.40,474.40,0,CPA2027Z
20240524,1259,472.75,472.75,472.75,472.75,0,CPA2027Z
20240528,1259,483.45,483.45,483.45,483.45,0,CPA2027Z
20240529,1259,479.90,479.90,479.90,479.90,0,CPA2027Z
20240530,1259,466.70,466.70,466.70,466.70,0,CPA2027Z
20240531,1259,464.40,464.40,464.40,464.40,0,CPA2027Z
20240603,1259,469.20,469.20,469.20,469.20,0,CPA2027Z
20240604,1259,456.60,456.60,456.60,456.60,0,CPA2027Z
20240605,1259,458.80,458.80,458.80,458.80,0,CPA2027Z
20240606,1259,466.95,466.95,466.95,466.95,0,CPA2027Z
20240607,1259,452.20,452.20,452.20,452.20,0,CPA2027Z
20240610,1259,457.95,457.95,457.95,457.95,0,CPA2027Z
20240611,1259,452.00,452.00,452.00,452.00,0,CPA2027Z
20240612,1259,458.30,458.30,458.30,458.30,0,CPA2027Z
20240613,1259,451.75,451.75,451.75,451.75,0,CPA2027Z
20240614,1259,451.15,451.15,451.15,451.15,0,CPA2027Z
20240617,1259,447.50,447.50,447.50,447.50,0,CPA2027Z
20240618,1259,450.20,450.20,450.20,450.20,0,CPA2027Z
20240620,1259,456.40,456.40,456.40,456.40,0,CPA2027Z
20240621,1259,448.60,448.60,448.60,448.60,0,CPA2027Z
20240624,1259,447.55,447.55,447.55,447.55,0,CPA2027Z
20240625,1259,444.05,444.05,444.05,444.05,0,CPA2027Z
20240626,1259,444.20,444.20,444.20,444.20,0,CPA2027Z
20240627,1259,443.20,443.20,443.20,443.20,0,CPA2027Z
20240628,1259,447.05,447.05,447.05,447.05,0,CPA2027Z
20240701,1259,449.55,449.55,449.55,449.55,0,CPA2027Z
20240702,1259,448.90,448.90,448.90,448.90,0,CPA2027Z
20240703,1259,458.80,458.80,458.80,458.80,0,CPA2027Z
20240705,1259,465.55,465.55,465.55,465.55,0,CPA2027Z
20240708,1259,464.30,464.30,464.30,464.30,0,CPA2027Z
20240709,1259,461.00,461.00,461.00,461.00,0,CPA2027Z
20240710,1259,461.85,461.85,461.85,461.85,0,CPA2027Z
20240711,1259,458.75,458.75,458.75,458.75,0,CPA2027Z
20240712,1259,464.50,464.50,464.50,464.50,0,CPA2027Z
20240715,1259,460.70,460.70,460.70,460.70,0,CPA2027Z
20240716,1259,454.55,454.55,454.55,454.55,0,CPA2027Z
20240717,1259,452.55,452.55,452.55,452.55,0,CPA2027Z
20240718,1259,441.65,441.65,441.65,441.65,0,CPA2027Z
20240719,1259,439.55,439.55,439.55,439.55,0,CPA2027Z
20240722,1259,436.05,436.05,436.05,436.05,0,CPA2027Z
20240723,1259,431.60,431.60,431.60,431.60,0,CPA2027Z
20240724,1259,428.35,428.35,428.35,428.35,0,CPA2027Z
20240725,1259,429.85,429.85,429.85,429.85,0,CPA2027Z
20240726,1259,431.15,431.15,431.15,431.15,0,CPA2027Z
20240729,1259,427.60,427.60,427.60,427.60,0,CPA2027Z
20240730,1259,427.95,427.95,427.95,427.95,0,CPA2027Z
20240731,1259,436.55,436.55,436.55,436.55,0,CPA2027Z
20240801,1259,428.65,428.65,428.65,428.65,0,CPA2027Z
20240802,1259,430.50,430.50,430.50,430.50,0,CPA2027Z
20240805,1259,419.75,419.75,419.75,419.75,0,CPA2027Z
20240806,1259,422.25,422.25,422.25,422.25,0,CPA2027Z
20240807,1259,417.35,417.35,417.35,417.35,0,CPA2027Z
20240808,1259,417.30,417.30,417.30,417.30,0,CPA2027Z
20240809,1259,420.00,420.00,420.00,420.00,0,CPA2027Z
20240812,1259,427.00,427.00,427.00,427.00,0,CPA2027Z
20240813,1259,425.05,425.05,425.05,425.05,0,CPA2027Z
20240814,1259,423.85,423.85,423.85,423.85,0,CPA2027Z
20240815,1259,432.05,432.05,432.05,432.05,0,CPA2027Z
20240816,1259,433.85,433.85,433.85,433.85,0,CPA2027Z
20240819,1259,437.35,437.35,437.35,437.35,0,CPA2027Z
20240820,1259,435.35,435.35,435.35,435.35,0,CPA2027Z
20240821,1259,436.85,436.85,436.85,436.85,0,CPA2027Z
20240822,1259,433.85,433.85,433.85,433.85,0,CPA2027Z
20240823,1259,439.10,439.10,439.10,439.10,0,CPA2027Z
20240826,1259,443.25,443.25,443.25,443.25,0,CPA2027Z
20240827,1259,445.80,445.80,445.80,445.80,0,CPA2027Z
20240828,1259,438.50,438.50,438.50,438.50,0,CPA2027Z
20240829,1259,439.45,439.45,439.45,439.45,0,CPA2027Z
20240830,1259,438.20,438.20,438.20,438.20,0,CPA2027Z
20240903,1259,425.60,425.60,425.60,425.60,0,CPA2027Z
20240904,1259,424.65,424.65,424.65,424.65,0,CPA2027Z
20240905,1259,430.75,430.75,430.75,430.75,0,CPA2027Z
20240906,1259,425.70,425.70,425.70,425.70,0,CPA2027Z
20240909,1259,432.60,432.60,432.60,432.60,0,CPA2027Z
20240910,1259,427.55,427.55,427.55,427.55,0,CPA2027Z
20240911,1259,431.50,431.50,431.50,431.50,0,CPA2027Z
20240912,1259,436.30,436.30,436.30,436.30,0,CPA2027Z
20240913,1259,439.35,439.35,439.35,439.35,0,CPA2027Z
20240916,1259,443.55,443.55,443.55,443.55,0,CPA2027Z
20240917,1259,444.20,444.20,444.20,444.20,0,CPA2027Z
20240918,1259,445.70,445.70,445.70,445.70,0,CPA2027Z
20240919,1259,450.20,450.20,450.20,450.20,0,CPA2027Z
20240920,1259,450.20,450.20,450.20,450.20,0,CPA2027Z
20240923,1259,450.90,450.90,450.90,450.90,0,CPA2027Z
20240924,1259,463.55,463.55,463.55,463.55,0,CPA2027Z
20240925,1259,463.20,463.20,463.20,463.20,0,CPA2027Z
20240926,1259,463.05,463.05,463.05,463.05,0,CPA2027Z
20240927,1259,461.30,461.30,461.30,461.30,0,CPA2027Z
20240930,1259,454.60,454.60,454.60,454.60,0,CPA2027Z
20241001,1259,460.90,460.90,460.90,460.90,0,CPA2027Z
20241002,1259,466.95,466.95,466.95,466.95,0,CPA2027Z
20241003,1259,459.05,459.05,459.05,459.05,0,CPA2027Z
20241004,1259,463.00,463.00,463.00,463.00,0,CPA2027Z
20241007,1259,462.95,462.95,462.95,462.95,0,CPA2027Z
20241008,1259,453.90,453.90,453.90,453.90,0,CPA2027Z
20241009,1259,447.70,447.70,447.70,447.70,0,CPA2027Z
20241010,1259,450.00,450.00,450.00,450.00,0,CPA2027Z
20241011,1259,455.95,455.95,455.95,455.95,0,CPA2027Z
20241014,1259,450.05,450.05,450.05,450.05,0,CPA2027Z
20241015,1259,449.90,449.90,449.90,449.90,0,CPA2027Z
20241016,1259,452.05,452.05,452.05,452.05,0,CPA2027Z
20241017,1259,449.95,449.95,449.95,449.95,0,CPA2027Z
20241018,1259,456.00,456.00,456.00,456.00,0,CPA2027Z
20241021,1259,453.80,453.80,453.80,453.80,0,CPA2027Z
20241022,1259,455.80,455.80,455.80,455.80,0,CPA2027Z
20241023,1259,452.65,452.65,452.65,452.65,0,CPA2027Z
20241024,1259,453.60,453.60,453.60,453.60,0,CPA2027Z
20241025,1259,454.30,454.30,454.30,454.30,0,CPA2027Z
20241028,1259,451.95,451.95,451.95,451.95,0,CPA2027Z
20241029,1259,451.15,451.15,451.15,451.15,0,CPA2027Z
20241030,1259,450.05,450.05,450.05,450.05,0,CPA2027Z
20241031,1259,449.80,449.80,449.80,449.80,0,CPA2027Z
20241101,1259,453.20,453.20,453.20,453.20,0,CPA2027Z
20241104,1259,458.20,458.20,458.20,458.20,0,CPA2027Z
20241105,1259,462.60,462.60,462.60,462.60,0,CPA2027Z
20241106,1259,442.10,442.10,442.10,442.10,0,CPA2027Z
20241107,1259,459.00,459.00,459.00,459.00,0,CPA2027Z
20241108,1259,448.00,448.00,448.00,448.00,0,CPA2027Z
20241111,1259,441.00,441.00,441.00,441.00,0,CPA2027Z
20241112,1259,436.30,436.30,436.30,436.30,0,CPA2027Z
20241113,1259,432.55,432.55,432.55,432.55,0,CPA2027Z
20241114,1259,432.40,432.40,432.40,432.40,0,CPA2027Z
20241115,1259,428.90,428.90,428.90,428.90,0,CPA2027Z
20241118,1259,434.30,434.30,434.30,434.30,0,CPA2027Z
20241119,1259,435.60,435.60,435.60,435.60,0,CPA2027Z
20241120,1259,435.80,435.80,435.80,435.80,0,CPA2027Z
20241121,1259,433.70,433.70,433.70,433.70,0,CPA2027Z
20241122,1259,430.60,430.60,430.60,430.60,0,CPA2027Z
20241125,1259,433.50,433.50,433.50,433.50,0,CPA2027Z
20241126,1259,430.00,430.00,430.00,430.00,0,CPA2027Z
20241127,1259,431.85,431.85,431.85,431.85,0,CPA2027Z
20241129,1259,432.00,432.00,432.00,432.00,0,CPA2027Z
20241202,1259,431.70,431.70,431.70,431.70,0,CPA2027Z
20241203,1259,443.15,443.15,443.15,443.15,0,CPA2027Z
20241204,1259,442.90,442.90,442.90,442.90,0,CPA2027Z
20241205,1259,449.20,449.20,449.20,449.20,0,CPA2027Z
20241206,1259,448.90,448.90,448.90,448.90,0,CPA2027Z
20241209,1259,456.45,456.45,456.45,456.45,0,CPA2027Z
20241210,1259,455.70,455.70,455.70,455.70,0,CPA2027Z
20241211,1259,453.95,453.95,453.95,453.95,0,CPA2027Z
20241212,1259,452.25,452.25,452.25,452.25,0,CPA2027Z
20241213,1259,447.75,447.75,447.75,447.75,0,CPA2027Z
20241216,1259,447.50,447.50,447.50,447.50,0,CPA2027Z
20241217,1259,444.75,444.75,444.75,444.75,0,CPA2027Z
20241218,1259,446.00,446.00,446.00,446.00,0,CPA2027Z
20241219,1259,438.60,438.60,438.60,438.60,0,CPA2027Z
20241220,1259,440.35,440.35,440.35,440.35,0,CPA2027Z
20241223,1259,439.05,439.05,439.05,439.05,0,CPA2027Z
20241224,1159,440.85,440.85,440.85,440.85,0,CPA2027Z
20241226,1259,442.85,442.85,442.85,442.85,0,CPA2027Z
20241227,1259,441.75,441.75,441.75,441.75,0,CPA2027Z
20241230,1259,437.75,437.75,437.75,437.75,0,CPA2027Z
20241231,1259,430.30,430.30,430.30,430.30,0,CPA2027Z
20250102,1259,430.55,430.55,430.55,430.55,0,CPA2027Z
20250103,1259,434.55,434.55,434.55,434.55,0,CPA2027Z
20250106,1259,442.15,442.15,442.15,442.15,0,CPA2027Z
20250107,1259,446.45,446.45,446.45,446.45,0,CPA2027Z
20250108,1259,450.95,450.95,450.95,450.95,0,CPA2027Z
20250109,1259,454.60,454.60,454.60,454.60,0,CPA2027Z
20250110,1259,452.60,452.60,452.60,452.60,0,CPA2027Z
20250113,1259,457.25,457.25,457.25,457.25,0,CPA2027Z
20250114,1259,459.75,459.75,459.75,459.75,0,CPA2027Z
20250115,1259,463.40,463.40,463.40,463.40,0,CPA2027Z
20250116,1259,469.00,469.00,469.00,469.00,0,CPA2027Z
20250117,1259,462.30,462.30,462.30,462.30,0,CPA2027Z
20250121,1259,461.15,461.15,461.15,461.15,0,CPA2027Z
20250122,1259,458.35,458.35,458.35,458.35,0,CPA2027Z
20250123,1259,460.55,460.55,460.55,460.55,0,CPA2027Z
20250124,1259,461.70,461.70,461.70,461.70,0,CPA2027Z
20250127,1259,454.20,454.20,454.20,454.20,0,CPA2027Z
20250128,1259,454.55,454.55,454.55,454.55,0,CPA2027Z
20250129,1259,457.80,457.80,457.80,457.80,0,CPA2027Z
20250130,1259,462.25,462.25,462.25,462.25,0,CPA2027Z
20250131,1259,459.30,459.30,459.30,459.30,0,CPA2027Z
20250203,1259,461.20,461.20,461.20,461.20,0,CPA2027Z
20250204,1259,465.75,465.75,465.75,465.75,0,CPA2027Z
20250205,1259,474.00,474.00,474.00,474.00,0,CPA2027Z
20250206,1259,476.80,476.80,476.80,476.80,0,CPA2027Z
20250207,1259,489.35,489.35,489.35,489.35,0,CPA2027Z
20250210,1259,499.75,499.75,499.75,499.75,0,CPA2027Z
20250211,1259,489.70,489.70,489.70,489.70,0,CPA2027Z
20250212,1259,500.70,500.70,500.70,500.70,0,CPA2027Z
20250213,1259,508.30,508.30,508.30,508.30,0,CPA2027Z
20250214,1259,497.30,497.30,497.30,497.30,0,CPA2027Z
20250218,1259,492.10,492.10,492.10,492.10,0,CPA2027Z
20250219,1259,489.00,489.00,489.00,489.00,0,CPA2027Z
20250220,1259,493.80,493.80,493.80,493.80,0,CPA2027Z
20250221,1259,489.60,489.60,489.60,489.60,0,CPA2027Z
20250224,1259,484.60,484.60,484.60,484.60,0,CPA2027Z
20250225,1259,481.15,481.15,481.15,481.15,0,CPA2027Z
20250226,1259,487.20,487.20,487.20,487.20,0,CPA2027Z
20250227,1259,490.30,490.30,490.30,490.30,0,CPA2027Z
20250228,1259,483.85,483.85,483.85,483.85,0,CPA2027Z
20250303,1259,491.35,491.35,491.35,491.35,0,CPA2027Z
20250304,1259,486.90,486.90,486.90,486.90,0,CPA2027Z
20250305,1259,510.85,510.85,510.85,510.85,0,CPA2027Z
20250306,1259,512.30,512.30,512.30,512.30,0,CPA2027Z
20250307,1259,504.20,504.20,504.20,504.20,0,CPA2027Z
20250310,1259,501.30,501.30,501.30,501.30,0,CPA2027Z
20250311,1259,511.65,511.65,511.65,511.65,0,CPA2027Z
20250312,1259,520.55,520.55,520.55,520.55,0,CPA2027Z
20250313,1259,528.60,528.60,528.60,528.60,0,CPA2027Z
20250314,1259,525.90,525.90,525.90,525.90,0,CPA2027Z
20250317,1259,532.60,532.60,532.60,532.60,0,CPA2027Z
20250318,1259,539.15,539.15,539.15,539.15,0,CPA2027Z
20250319,1259,546.60,546.60,546.60,546.60,0,CPA2027Z
20250320,1259,548.20,548.20,548.20,548.20,0,CPA2027Z
20250321,1259,548.80,548.80,548.80,548.80,0,CPA2027Z
20250324,1259,546.45,546.45,546.45,546.45,0,CPA2027Z
20250325,1259,557.55,557.55,557.55,557.55,0,CPA2027Z
20250326,1259,551.55,551.55,551.55,551.55,0,CPA2027Z
20250327,1259,539.30,539.30,539.30,539.30,0,CPA2027Z
20250328,1259,541.85,541.85,541.85,541.85,0,CPA2027Z
20250331,1259,534.05,534.05,534.05,534.05,0,CPA2027Z
20250401,1259,535.15,535.15,535.15,535.15,0,CPA2027Z
20250402,1259,535.55,535.55,535.55,535.55,0,CPA2027Z
20250403,1259,516.20,516.20,516.20,516.20,0,CPA2027Z
20250404,1259,477.35,477.35,477.35,477.35,0,CPA2027Z
20250407,1259,457.65,457.65,457.65,457.65,0,CPA2027Z
20250408,1259,454.35,454.35,454.35,454.35,0,CPA2027Z
20250409,1259,459.05,459.05,459.05,459.05,0,CPA2027Z
20250410,1259,472.75,472.75,472.75,472.75,0,CPA2027Z
20250411,1259,491.30,491.30,491.30,491.30,0,CPA2027Z
20250414,1259,503.10,503.10,503.10,503.10,0,CPA2027Z
20250415,1259,502.65,502.65,502.65,502.65,0,CPA2027Z
20250416,1259,508.25,508.25,508.25,508.25,0,CPA2027Z
20250417,1259,512.95,512.95,512.95,512.95,0,CPA2027Z
20250421,1259,512.05,512.05,512.05,512.05,0,CPA2027Z
20250422,1259,525.90,525.90,525.90,525.90,0,CPA2027Z
20250423,1259,523.20,523.20,523.20,523.20,0,CPA2027Z
20250424,1259,525.00,525.00,525.00,525.00,0,CPA2027Z
20250425,1259,523.45,523.45,523.45,523.45,0,CPA2027Z
20250428,1259,522.05,522.05,522.05,522.05,0,CPA2027Z
20250429,1259,520.90,520.90,520.90,520.90,0,CPA2027Z
20250430,1259,496.00,496.00,496.00,496.00,0,CPA2027Z
20250501,1259,498.50,498.50,498.50,498.50,0,CPA2027Z
20250502,1259,504.80,504.80,504.80,504.80,0,CPA2027Z
20250505,1259,508.60,508.60,508.60,508.60,0,CPA2027Z
20250506,1259,516.55,516.55,516.55,516.55,0,CPA2027Z
20250507,1259,506.20,506.20,506.20,506.20,0,CPA2027Z
20250508,1259,500.50,500.50,500.50,500.50,0,CPA2027Z
20250509,1259,505.50,505.50,505.50,505.50,0,CPA2027Z
20250512,1259,502.75,502.75,502.75,502.75,0,CPA2027Z
20250513,1259,512.65,512.65,512.65,512.65,0,CPA2027Z
20250514,1259,505.95,505.95,505.95,505.95,0,CPA2027Z
20250515,1259,508.15,508.15,508.15,508.15,0,CPA2027Z
20250516,1259,499.45,499.45,499.45,499.45,0,CPA2027Z
20250519,1259,507.05,507.05,507.05,507.05,0,CPA2027Z
20250520,1259,505.45,505.45,505.45,505.45,0,CPA2027Z
20250521,1259,506.30,506.30,506.30,506.30,0,CPA2027Z
20250522,1259,506.80,506.80,506.80,506.80,0,CPA2027Z
20250523,1259,522.70,522.70,522.70,522.70,0,CPA2027Z
20250527,1259,514.00,514.00,514.00,514.00,0,CPA2027Z
20250528,1259,508.95,508.95,508.95,508.95,0,CPA2027Z
20250529,1259,509.50,509.50,509.50,509.50,0,CPA2027Z
20250530,1259,508.90,508.90,508.90,508.90,0,CPA2027Z
20250602,1259,526.65,526.65,526.65,526.65,0,CPA2027Z
20250602,1825,526.40,526.40,524.25,524.25,2,CPA2027Z
20250603,1259,524.80,524.80,524.80,524.80,0,CPA2027Z
20250604,1259,529.30,529.30,529.30,529.30,0,CPA2027Z
20250605,1259,533.80,533.80,533.80,533.80,0,CPA2027Z
20250606,1259,526.30,526.30,526.30,526.30,0,CPA2027Z
20250609,1259,533.50,533.50,533.50,533.50,0,CPA2027Z
20250610,1259,530.20,530.20,530.20,530.20,0,CPA2027Z
20250611,1259,522.55,522.55,522.55,522.55,0,CPA2027Z
20250612,1259,524.60,524.60,524.60,524.60,0,CPA2027Z
20250613,1259,522.95,522.95,522.95,522.95,0,CPA2027Z
20250616,1259,525.75,525.75,525.75,525.75,0,CPA2027Z
20250617,1259,522.55,522.55,522.55,522.55,0,CPA2027Z
20250618,1259,526.50,526.50,526.50,526.50,0,CPA2027Z
20250620,1259,524.15,524.15,524.15,524.15,0,CPA2027Z
20250623,1259,525.50,525.50,525.50,525.50,0,CPA2027Z
20250624,1259,528.50,528.50,528.50,528.50,0,CPA2027Z
20250625,1259,533.40,533.40,533.40,533.40,0,CPA2027Z
20250626,1259,547.95,547.95,547.95,547.95,0,CPA2027Z
20250627,1259,548.35,548.35,548.35,548.35,0,CPA2027Z
20250630,1259,543.80,543.80,543.80,543.80,0,CPA2027Z
20250701,1259,545.95,545.95,545.95,545.95,0,CPA2027Z
20250701,1514,543.00,543.00,543.00,543.00,1,CPA2027Z
20250701,1519,542.00,542.00,542.00,542.00,1,CPA2027Z
20250702,1259,555.35,555.35,555.35,555.35,0,CPA2027Z
20250703,1259,550.05,550.05,550.05,550.05,0,CPA2027Z
20250707,1259,538.50,538.50,538.50,538.50,0,CPA2027Z
20250708,1259,604.40,604.40,604.40,604.40,0,CPA2027Z
20250709,1259,575.95,575.95,575.95,575.95,0,CPA2027Z
20250710,1259,587.70,587.70,587.70,587.70,0,CPA2027Z
20250711,1259,589.40,589.40,589.40,589.40,0,CPA2027Z
20250714,1259,584.35,584.35,584.35,584.35,0,CPA2027Z
20250715,1259,586.90,586.90,586.90,586.90,0,CPA2027Z
20250716,1259,582.10,582.10,582.10,582.10,0,CPA2027Z
20250717,1259,580.80,580.80,580.80,580.80,0,CPA2027Z
20250718,1259,589.85,589.85,589.85,589.85,0,CPA2027Z
20250721,1259,592.75,592.75,592.75,592.75,0,CPA2027Z
20250722,1259,600.75,600.75,600.75,600.75,0,CPA2027Z
20250723,1259,609.75,609.75,609.75,609.75,0,CPA2027Z
20250724,1259,609.45,609.45,609.45,609.45,0,CPA2027Z
20250725,1259,607.50,607.50,607.50,607.50,0,CPA2027Z
20250728,1259,590.70,590.70,590.70,590.70,0,CPA2027Z
20250729,1259,590.80,590.80,590.80,590.80,0,CPA2027Z
20250730,1259,587.10,587.10,587.10,587.10,0,CPA2027Z
20250731,1259,471.55,471.55,471.55,471.55,0,CPA2027Z
20250801,1259,478.70,478.70,478.70,478.70,0,CPA2027Z
20250804,1259,478.40,478.40,478.40,478.40,0,CPA2027Z
20250805,1259,474.00,474.00,474.00,474.00,0,CPA2027Z
20250806,1259,477.45,477.45,477.45,477.45,0,CPA2027Z
20250807,1259,477.25,477.25,477.25,477.25,0,CPA2027Z
