Date,Time,Open,High,Low,Close,TradeVolume,Contract
20241127,1259,433.95,433.95,433.95,433.95,0,CPA2026X
20241129,1259,434.10,434.10,434.10,434.10,0,CPA2026X
20241202,1259,433.80,433.80,433.80,433.80,0,CPA2026X
20241203,1259,440.95,440.95,440.95,440.95,0,CPA2026X
20241204,1259,440.70,440.70,440.70,440.70,0,CPA2026X
20241205,1259,439.20,439.20,439.20,439.20,0,CPA2026X
20241206,1259,438.95,438.95,438.95,438.95,0,CPA2026X
20241209,1259,446.50,446.50,446.50,446.50,0,CPA2026X
20241210,1259,445.75,445.75,445.75,445.75,0,CPA2026X
20241211,1259,444.00,444.00,444.00,444.00,0,CPA2026X
20241212,1259,442.30,442.30,442.30,442.30,0,CPA2026X
20241213,1259,437.80,437.80,437.80,437.80,0,CPA2026X
20241216,1259,437.55,437.55,437.55,437.55,0,CPA2026X
20241217,1259,434.80,434.80,434.80,434.80,0,CPA2026X
20241218,1259,436.05,436.05,436.05,436.05,0,CPA2026X
20241219,1259,428.65,428.65,428.65,428.65,0,CPA2026X
20241220,1259,430.40,430.40,430.40,430.40,0,CPA2026X
20241223,1259,429.15,429.15,429.15,429.15,0,CPA2026X
20241224,1159,430.95,430.95,430.95,430.95,0,CPA2026X
20241226,1259,432.95,432.95,432.95,432.95,0,CPA2026X
20241227,1259,432.15,432.15,432.15,432.15,0,CPA2026X
20241230,1259,428.25,428.25,428.25,428.25,0,CPA2026X
20241231,1259,420.90,420.90,420.90,420.90,0,CPA2026X
20250102,1259,421.15,421.15,421.15,421.15,0,CPA2026X
20250103,1259,425.15,425.15,425.15,425.15,0,CPA2026X
20250106,1259,432.75,432.75,432.75,432.75,0,CPA2026X
20250107,1259,437.05,437.05,437.05,437.05,0,CPA2026X
20250108,1259,441.55,441.55,441.55,441.55,0,CPA2026X
20250109,1259,445.20,445.20,445.20,445.20,0,CPA2026X
20250110,1259,443.30,443.30,443.30,443.30,0,CPA2026X
20250113,1259,447.85,447.85,447.85,447.85,0,CPA2026X
20250114,1259,450.35,450.35,450.35,450.35,0,CPA2026X
20250115,1259,454.00,454.00,454.00,454.00,0,CPA2026X
20250116,1259,459.60,459.60,459.60,459.60,0,CPA2026X
20250117,1259,452.90,452.90,452.90,452.90,0,CPA2026X
20250121,1259,451.75,451.75,451.75,451.75,0,CPA2026X
20250122,1259,448.95,448.95,448.95,448.95,0,CPA2026X
20250123,1259,451.15,451.15,451.15,451.15,0,CPA2026X
20250124,1259,452.30,452.30,452.30,452.30,0,CPA2026X
20250127,1259,444.80,444.80,444.80,444.80,0,CPA2026X
20250128,1259,445.15,445.15,445.15,445.15,0,CPA2026X
20250129,1259,448.40,448.40,448.40,448.40,0,CPA2026X
20250130,1259,452.85,452.85,452.85,452.85,0,CPA2026X
20250131,1259,449.90,449.90,449.90,449.90,0,CPA2026X
20250203,1259,451.80,451.80,451.80,451.80,0,CPA2026X
20250204,1259,456.35,456.35,456.35,456.35,0,CPA2026X
20250205,1259,464.60,464.60,464.60,464.60,0,CPA2026X
20250206,1259,467.40,467.40,467.40,467.40,0,CPA2026X
20250207,1259,479.95,479.95,479.95,479.95,0,CPA2026X
20250210,1259,490.35,490.35,490.35,490.35,0,CPA2026X
20250211,1259,480.30,480.30,480.30,480.30,0,CPA2026X
20250212,1259,492.50,492.50,492.50,492.50,0,CPA2026X
20250213,1259,500.15,500.15,500.15,500.15,0,CPA2026X
20250214,1259,489.05,489.05,489.05,489.05,0,CPA2026X
20250218,1259,483.75,483.75,483.75,483.75,0,CPA2026X
20250219,1259,480.65,480.65,480.65,480.65,0,CPA2026X
20250220,1259,485.35,485.35,485.35,485.35,0,CPA2026X
20250221,1259,481.15,481.15,481.15,481.15,0,CPA2026X
20250224,1259,476.15,476.15,476.15,476.15,0,CPA2026X
20250225,1259,472.70,472.70,472.70,472.70,0,CPA2026X
20250226,1259,478.95,478.95,478.95,478.95,0,CPA2026X
20250227,1259,482.00,482.00,482.00,482.00,0,CPA2026X
20250228,1259,475.55,475.55,475.55,475.55,0,CPA2026X
20250303,1259,483.05,483.05,483.05,483.05,0,CPA2026X
20250304,1259,478.50,478.50,478.50,478.50,0,CPA2026X
20250305,1259,502.50,502.50,502.50,502.50,0,CPA2026X
20250306,1259,503.30,503.30,503.30,503.30,0,CPA2026X
20250307,1259,495.20,495.20,495.20,495.20,0,CPA2026X
20250310,1259,491.85,491.85,491.85,491.85,0,CPA2026X
20250311,1259,501.95,501.95,501.95,501.95,0,CPA2026X
20250312,1259,510.85,510.85,510.85,510.85,0,CPA2026X
20250313,1259,518.75,518.75,518.75,518.75,0,CPA2026X
20250314,1259,516.05,516.05,516.05,516.05,0,CPA2026X
20250317,1259,522.75,522.75,522.75,522.75,0,CPA2026X
20250318,1259,529.30,529.30,529.30,529.30,0,CPA2026X
20250319,1259,536.80,536.80,536.80,536.80,0,CPA2026X
20250320,1259,538.20,538.20,538.20,538.20,0,CPA2026X
20250321,1259,538.50,538.50,538.50,538.50,0,CPA2026X
20250324,1259,536.15,536.15,536.15,536.15,0,CPA2026X
20250325,1259,547.20,547.20,547.20,547.20,0,CPA2026X
20250326,1259,541.70,541.70,541.70,541.70,0,CPA2026X
20250327,1259,529.10,529.10,529.10,529.10,0,CPA2026X
20250328,1259,530.70,530.70,530.70,530.70,0,CPA2026X
20250331,1259,522.70,522.70,522.70,522.70,0,CPA2026X
20250401,1259,523.80,523.80,523.80,523.80,0,CPA2026X
20250402,1259,524.20,524.20,524.20,524.20,0,CPA2026X
20250403,1259,504.65,504.65,504.65,504.65,0,CPA2026X
20250404,1259,465.15,465.15,465.15,465.15,0,CPA2026X
20250407,1259,445.25,445.25,445.25,445.25,0,CPA2026X
20250408,1259,441.90,441.90,441.90,441.90,0,CPA2026X
20250409,1259,446.65,446.65,446.65,446.65,0,CPA2026X
20250410,1259,460.45,460.45,460.45,460.45,0,CPA2026X
20250411,1259,479.00,479.00,479.00,479.00,0,CPA2026X
20250414,1259,490.75,490.75,490.75,490.75,0,CPA2026X
20250415,1259,490.35,490.35,490.35,490.35,0,CPA2026X
20250416,1259,495.90,495.90,495.90,495.90,0,CPA2026X
20250417,1259,500.60,500.60,500.60,500.60,0,CPA2026X
20250421,1259,499.80,499.80,499.80,499.80,0,CPA2026X
20250422,1259,513.65,513.65,513.65,513.65,0,CPA2026X
20250423,1259,511.00,511.00,511.00,511.00,0,CPA2026X
20250424,1259,512.75,512.75,512.75,512.75,0,CPA2026X
20250425,1259,511.20,511.20,511.20,511.20,0,CPA2026X
20250428,1259,509.85,509.85,509.85,509.85,0,CPA2026X
20250429,1259,508.55,508.55,508.55,508.55,0,CPA2026X
20250430,1259,483.00,483.00,483.00,483.00,0,CPA2026X
20250501,1259,485.55,485.55,485.55,485.55,0,CPA2026X
20250502,1259,491.40,491.40,491.40,491.40,0,CPA2026X
20250505,1259,494.75,494.75,494.75,494.75,0,CPA2026X
20250506,1259,502.75,502.75,502.75,502.75,0,CPA2026X
20250507,1259,492.40,492.40,492.40,492.40,0,CPA2026X
20250508,1259,486.70,486.70,486.70,486.70,0,CPA2026X
20250509,1259,491.60,491.60,491.60,491.60,0,CPA2026X
20250512,1259,488.60,488.60,488.60,488.60,0,CPA2026X
20250513,1259,498.80,498.80,498.80,498.80,0,CPA2026X
20250514,1259,492.00,492.00,492.00,492.00,0,CPA2026X
20250515,1259,494.10,494.10,494.10,494.10,0,CPA2026X
20250516,1259,485.50,485.50,485.50,485.50,0,CPA2026X
20250519,1259,493.35,493.35,493.35,493.35,0,CPA2026X
20250520,1259,491.65,491.65,491.65,491.65,0,CPA2026X
20250521,1259,492.60,492.60,492.60,492.60,0,CPA2026X
20250522,1259,493.35,493.35,493.35,493.35,0,CPA2026X
20250523,1259,509.25,509.25,509.25,509.25,0,CPA2026X
20250527,1259,500.50,500.50,500.50,500.50,0,CPA2026X
20250528,1259,495.20,495.20,495.20,495.20,0,CPA2026X
20250529,1259,495.85,495.85,495.85,495.85,0,CPA2026X
20250529,1535,496.75,496.75,496.75,496.75,2,CPA2026X
20250530,1259,495.25,495.25,495.25,495.25,0,CPA2026X
20250602,1259,512.85,512.85,512.85,512.85,0,CPA2026X
20250603,1259,510.95,510.95,510.95,510.95,0,CPA2026X
20250604,1259,515.55,515.55,515.55,515.55,0,CPA2026X
20250605,1259,520.05,520.05,520.05,520.05,0,CPA2026X
20250606,1259,512.55,512.55,512.55,512.55,0,CPA2026X
20250609,1259,519.90,519.90,519.90,519.90,0,CPA2026X
20250610,1259,516.60,516.60,516.60,516.60,0,CPA2026X
20250611,1259,508.80,508.80,508.80,508.80,0,CPA2026X
20250612,1259,510.55,510.55,510.55,510.55,0,CPA2026X
20250613,1259,508.80,508.80,508.80,508.80,0,CPA2026X
20250616,1259,511.60,511.60,511.60,511.60,0,CPA2026X
20250617,1259,508.50,508.50,508.50,508.50,0,CPA2026X
20250618,1259,512.55,512.55,512.55,512.55,0,CPA2026X
20250620,1259,510.10,510.10,510.10,510.10,0,CPA2026X
20250623,1259,511.55,511.55,511.55,511.55,0,CPA2026X
20250624,1259,514.25,514.25,514.25,514.25,0,CPA2026X
20250625,1259,519.10,519.10,519.10,519.10,0,CPA2026X
20250626,1259,533.65,533.65,533.65,533.65,0,CPA2026X
20250627,1259,533.90,533.90,533.90,533.90,0,CPA2026X
20250630,1259,529.45,529.45,529.45,529.45,0,CPA2026X
20250701,1239,529.45,529.45,529.45,529.45,1,CPA2026X
20250701,1259,531.55,531.55,531.55,531.55,0,CPA2026X
20250702,1259,541.90,541.90,541.90,541.90,0,CPA2026X
20250703,1259,536.50,536.50,536.50,536.50,0,CPA2026X
20250707,1259,525.00,525.00,525.00,525.00,0,CPA2026X
20250708,1259,591.00,591.00,591.00,591.00,0,CPA2026X
20250709,1259,563.80,563.80,563.80,563.80,0,CPA2026X
20250710,1259,575.55,575.55,575.55,575.55,0,CPA2026X
20250711,1259,577.30,577.30,577.30,577.30,0,CPA2026X
20250714,1259,572.25,572.25,572.25,572.25,0,CPA2026X
20250715,1259,574.80,574.80,574.80,574.80,0,CPA2026X
20250716,1259,569.40,569.40,569.40,569.40,0,CPA2026X
20250717,1259,567.95,567.95,567.95,567.95,0,CPA2026X
20250718,1259,577.05,577.05,577.05,577.05,0,CPA2026X
20250721,1259,580.10,580.10,580.10,580.10,0,CPA2026X
20250722,1259,588.30,588.30,588.30,588.30,0,CPA2026X
20250723,1259,597.30,597.30,597.30,597.30,0,CPA2026X
20250724,1259,596.95,596.95,596.95,596.95,0,CPA2026X
20250725,1259,594.80,594.80,594.80,594.80,0,CPA2026X
20250728,0810,595.70,595.70,595.70,595.70,2,CPA2026X
20250728,1259,577.95,577.95,577.95,577.95,0,CPA2026X
20250729,1259,579.60,579.60,579.60,579.60,0,CPA2026X
20250730,1259,575.15,575.15,575.15,575.15,0,CPA2026X
20250731,1259,458.30,458.30,458.30,458.30,0,CPA2026X
20250801,1259,465.30,465.30,465.30,465.30,0,CPA2026X
20250801,1653,466.70,466.70,466.70,466.70,1,CPA2026X
20250801,1654,466.90,466.90,466.90,466.90,1,CPA2026X
20250804,1259,465.00,465.00,465.00,465.00,0,CPA2026X
20250805,1259,460.30,460.30,460.30,460.30,0,CPA2026X
20250806,1259,463.45,463.45,463.45,463.45,0,CPA2026X
20250806,1844,465.55,465.55,465.55,465.55,2,CPA2026X
20250807,1259,462.95,462.95,462.95,462.95,0,CPA2026X
