Date,Time,Open,High,Low,Close,TradeVolume,Contract
20220518,1259,420.65,420.65,420.65,420.65,0,CPA2026U
20220519,1259,429.55,429.55,429.55,429.55,0,CPA2026U
20220520,1259,429.85,429.85,429.85,429.85,0,CPA2026U
20220523,1259,436.55,436.55,436.55,436.55,0,CPA2026U
20220524,1259,433.70,433.70,433.70,433.70,0,CPA2026U
20220525,1259,430.05,430.05,430.05,430.0500,0,CPA2026U
20220526,1259,431.70,431.70,431.70,431.7000,0,CPA2026U
20220527,1259,436.55,436.55,436.55,436.5500,0,CPA2026U
20220531,1259,435.40,435.40,435.40,435.4000,0,CPA2026U
20220601,1259,438.00,438.00,438.00,438.0000,0,CPA2026U
20220602,1259,459.95,459.95,459.95,459.9500,0,CPA2026U
20220603,1259,452.80,452.80,452.80,452.8000,0,CPA2026U
20220606,1259,447.75,447.75,447.75,447.7500,0,CPA2026U
20220607,1259,448.05,448.05,448.05,448.0500,0,CPA2026U
20220608,1259,448.30,448.30,448.30,448.3000,0,CPA2026U
20220609,1259,442.15,442.15,442.15,442.1500,0,CPA2026U
20220610,1259,434.75,434.75,434.75,434.7500,0,CPA2026U
20220613,1259,427.10,427.10,427.10,427.1000,0,CPA2026U
20220614,1259,423.45,423.45,423.45,423.4500,0,CPA2026U
20220615,1259,423.85,423.85,423.85,423.8500,0,CPA2026U
20220622,1259,401.95,401.95,401.95,401.95,0,CPA2026U
20220623,1259,382.70,382.70,382.70,382.70,0,CPA2026U
20220624,1259,389.00,389.00,389.00,389.00,0,CPA2026U
20220627,1259,390.80,390.80,390.80,390.80,0,CPA2026U
20220628,1259,392.90,392.90,392.90,392.90,0,CPA2026U
20220629,1259,393.15,393.15,393.15,393.15,0,CPA2026U
20220630,1259,385.45,385.45,385.45,385.45,0,CPA2026U
20220701,1259,375.15,375.15,375.15,375.15,0,CPA2026U
20220705,1259,356.60,356.60,356.60,356.60,0,CPA2026U
20220706,1259,353.40,353.40,353.40,353.40,0,CPA2026U
20220707,1259,369.25,369.25,369.25,369.25,0,CPA2026U
20220708,1259,366.70,366.70,366.70,366.70,0,CPA2026U
20220711,1259,356.70,356.70,356.70,356.70,0,CPA2026U
20220712,1259,350.05,350.05,350.05,350.05,0,CPA2026U
20220713,1259,353.65,353.65,353.65,353.65,0,CPA2026U
20220714,1259,342.20,342.20,342.20,342.20,0,CPA2026U
20220715,1259,344.50,344.50,344.50,344.50,0,CPA2026U
20220718,1259,355.45,355.45,355.45,355.45,0,CPA2026U
20220719,1259,350.70,350.70,350.70,350.70,0,CPA2026U
20220720,1259,354.40,354.40,354.40,354.40,0,CPA2026U
20220721,1259,351.20,351.20,351.20,351.20,0,CPA2026U
20220722,1259,357.95,357.95,357.95,357.95,0,CPA2026U
20220725,1259,359.85,359.85,359.85,359.85,0,CPA2026U
20220726,1259,362.45,362.45,362.45,362.45,0,CPA2026U
20220727,1259,366.45,366.45,366.45,366.45,0,CPA2026U
20220728,1259,371.25,371.25,371.25,371.25,0,CPA2026U
20220729,1259,379.95,379.95,379.95,379.95,0,CPA2026U
20220801,1259,377.35,377.35,377.35,377.35,0,CPA2026U
20220802,1259,374.65,374.65,374.65,374.65,0,CPA2026U
20220803,1259,369.85,369.85,369.85,369.85,0,CPA2026U
20220804,1259,371.80,371.80,371.80,371.80,0,CPA2026U
20220805,1259,379.05,379.05,379.05,379.05,0,CPA2026U
20220808,1259,381.90,381.90,381.90,381.90,0,CPA2026U
20220809,1259,381.90,381.90,381.90,381.90,0,CPA2026U
20220810,1259,387.60,387.60,387.60,387.60,0,CPA2026U
20220811,1259,390.70,390.70,390.70,390.70,0,CPA2026U
20220812,1259,385.55,385.55,385.55,385.55,0,CPA2026U
20220815,1259,380.70,380.70,380.70,380.70,0,CPA2026U
20220816,1259,380.90,380.90,380.90,380.90,0,CPA2026U
20220817,1259,376.10,376.10,376.10,376.10,0,CPA2026U
20220818,1259,380.10,380.10,380.10,380.10,0,CPA2026U
20220819,1259,383.40,383.40,383.40,383.40,0,CPA2026U
20220822,1259,381.20,381.20,381.20,381.20,0,CPA2026U
20220823,1259,384.60,384.60,384.60,384.60,0,CPA2026U
20220824,1259,381.20,381.20,381.20,381.20,0,CPA2026U
20220825,1259,384.10,384.10,384.10,384.10,0,CPA2026U
20220826,1259,385.15,385.15,385.15,385.15,0,CPA2026U
20220829,1259,376.95,376.95,376.95,376.95,0,CPA2026U
20220830,1259,371.80,371.80,371.80,371.80,0,CPA2026U
20220831,1259,367.75,367.75,367.75,367.75,0,CPA2026U
20220901,1259,357.00,357.00,357.00,357.00,0,CPA2026U
20220902,1259,357.30,357.30,357.30,357.30,0,CPA2026U
20220906,1259,361.50,361.50,361.50,361.50,0,CPA2026U
20220907,1259,358.45,358.45,358.45,358.45,0,CPA2026U
20220908,1259,366.60,366.60,366.60,366.60,0,CPA2026U
20220909,1259,370.60,370.60,370.60,370.60,0,CPA2026U
20220912,1259,374.00,374.00,374.00,374.00,0,CPA2026U
20220913,1259,369.65,369.65,369.65,369.65,0,CPA2026U
20220914,1259,365.10,365.10,365.10,365.10,0,CPA2026U
20220915,1259,360.90,360.90,360.90,360.90,0,CPA2026U
20220916,1259,361.35,361.35,361.35,361.35,0,CPA2026U
20220919,1259,362.45,362.45,362.45,362.45,0,CPA2026U
20220920,1259,362.25,362.25,362.25,362.25,0,CPA2026U
20220921,1259,359.20,359.20,359.20,359.20,0,CPA2026U
20220922,1259,360.25,360.25,360.25,360.25,0,CPA2026U
20220923,1259,348.00,348.00,348.00,348.00,0,CPA2026U
20220926,1259,342.80,342.80,342.80,342.80,0,CPA2026U
20220927,1259,342.00,342.00,342.00,342.00,0,CPA2026U
20220928,1259,346.80,346.80,346.80,346.80,0,CPA2026U
20220929,1259,351.60,351.60,351.60,351.60,0,CPA2026U
20220930,1259,350.05,350.05,350.05,350.05,0,CPA2026U
20221003,1259,350.75,350.75,350.75,350.75,0,CPA2026U
20221004,1259,358.60,358.60,358.60,358.60,0,CPA2026U
20221005,1259,361.15,361.15,361.15,361.15,0,CPA2026U
20221006,1259,355.75,355.75,355.75,355.75,0,CPA2026U
20221007,1259,350.60,350.60,350.60,350.60,0,CPA2026U
20221010,1259,355.20,355.20,355.20,355.20,0,CPA2026U
20221011,1259,358.95,358.95,358.95,358.95,0,CPA2026U
20221012,1259,354.90,354.90,354.90,354.90,0,CPA2026U
20221013,1259,355.45,355.45,355.45,355.45,0,CPA2026U
20221014,1259,352.70,352.70,352.70,352.70,0,CPA2026U
20221017,1259,353.25,353.25,353.25,353.25,0,CPA2026U
20221018,1259,349.75,349.75,349.75,349.75,0,CPA2026U
20221019,1259,346.35,346.35,346.35,346.35,0,CPA2026U
20221020,1259,354.70,354.70,354.70,354.70,0,CPA2026U
20221021,1259,359.35,359.35,359.35,359.35,0,CPA2026U
20221024,1259,355.90,355.90,355.90,355.90,0,CPA2026U
20221025,1259,352.80,352.80,352.80,352.80,0,CPA2026U
20221026,1259,365.55,365.55,365.55,365.55,0,CPA2026U
20221027,1259,363.60,363.60,363.60,363.60,0,CPA2026U
20221028,1259,355.00,355.00,355.00,355.00,0,CPA2026U
20221031,1259,349.55,349.55,349.55,349.55,0,CPA2026U
20221101,1259,356.10,356.10,356.10,356.10,0,CPA2026U
20221102,1259,356.55,356.55,356.55,356.55,0,CPA2026U
20221103,1259,353.60,353.60,353.60,353.60,0,CPA2026U
20221104,1259,378.35,378.35,378.35,378.35,0,CPA2026U
20221107,1259,372.10,372.10,372.10,372.10,0,CPA2026U
20221108,1259,379.45,379.45,379.45,379.45,0,CPA2026U
20221109,1259,380.30,380.30,380.30,380.30,0,CPA2026U
20221110,1259,382.70,382.70,382.70,382.70,0,CPA2026U
20221111,1259,398.00,398.00,398.00,398.00,0,CPA2026U
20221114,1259,391.80,391.80,391.80,391.80,0,CPA2026U
20221115,1259,391.85,391.85,391.85,391.85,0,CPA2026U
20221116,1259,387.40,387.40,387.40,387.40,0,CPA2026U
20221117,1259,381.60,381.60,381.60,381.60,0,CPA2026U
20221118,1259,376.65,376.65,376.65,376.65,0,CPA2026U
20221121,1259,370.10,370.10,370.10,370.10,0,CPA2026U
20221122,1259,373.45,373.45,373.45,373.45,0,CPA2026U
20221123,1259,373.55,373.55,373.55,373.55,0,CPA2026U
20221125,1159,374.70,374.70,374.70,374.70,0,CPA2026U
20221128,1259,372.15,372.15,372.15,372.15,0,CPA2026U
20221129,1259,374.85,374.85,374.85,374.85,0,CPA2026U
20221130,1259,383.80,383.80,383.80,383.80,0,CPA2026U
20221201,1259,392.20,392.20,392.20,392.20,0,CPA2026U
20221202,1259,395.10,395.10,395.10,395.10,0,CPA2026U
20221205,1259,391.15,391.15,391.15,391.15,0,CPA2026U
20221206,1259,393.65,393.65,393.65,393.65,0,CPA2026U
20221207,1259,387.85,387.85,387.85,387.85,0,CPA2026U
20221208,1259,388.85,388.85,388.85,388.85,0,CPA2026U
20221209,1259,390.20,390.20,390.20,390.20,0,CPA2026U
20221212,1259,383.60,383.60,383.60,383.60,0,CPA2026U
20221213,1259,386.55,386.55,386.55,386.55,0,CPA2026U
20221214,1259,390.15,390.15,390.15,390.15,0,CPA2026U
20221215,1259,380.05,380.05,380.05,380.05,0,CPA2026U
20221216,1259,379.95,379.95,379.95,379.95,0,CPA2026U
20221219,1259,381.50,381.50,381.50,381.50,0,CPA2026U
20221220,1259,382.75,382.75,382.75,382.75,0,CPA2026U
20221221,1259,383.05,383.05,383.05,383.05,0,CPA2026U
20221222,1259,378.50,378.50,378.50,378.50,0,CPA2026U
20221223,1259,383.45,383.45,383.45,383.45,0,CPA2026U
20221227,1259,387.80,387.80,387.80,387.80,0,CPA2026U
20221228,1259,388.20,388.20,388.20,388.20,0,CPA2026U
20221229,1259,385.50,385.50,385.50,385.50,0,CPA2026U
20221230,1259,383.40,383.40,383.40,383.40,0,CPA2026U
20230103,1259,380.70,380.70,380.70,380.70,0,CPA2026U
20230104,1259,378.45,378.45,378.45,378.45,0,CPA2026U
20230105,1259,385.30,385.30,385.30,385.30,0,CPA2026U
20230106,1259,393.30,393.30,393.30,393.30,0,CPA2026U
20230109,1259,405.15,405.15,405.15,405.15,0,CPA2026U
20230110,1259,410.05,410.05,410.05,410.05,0,CPA2026U
20230111,1259,418.55,418.55,418.55,418.55,0,CPA2026U
20230112,1259,422.20,422.20,422.20,422.20,0,CPA2026U
20230113,1259,424.15,424.15,424.15,424.15,0,CPA2026U
20230117,1259,424.60,424.60,424.60,424.60,0,CPA2026U
20230118,1259,425.35,425.35,425.35,425.35,0,CPA2026U
20230119,1259,424.90,424.90,424.90,424.90,0,CPA2026U
20230120,1259,426.75,426.75,426.75,426.75,0,CPA2026U
20230123,1259,429.00,429.00,429.00,429.00,0,CPA2026U
20230124,1259,427.90,427.90,427.90,427.90,0,CPA2026U
20230125,1259,428.00,428.00,428.00,428.00,0,CPA2026U
20230126,1259,429.20,429.20,429.20,429.20,0,CPA2026U
20230127,1259,424.95,424.95,424.95,424.95,0,CPA2026U
20230130,1259,423.55,423.55,423.55,423.55,0,CPA2026U
20230131,1259,425.55,425.55,425.55,425.55,0,CPA2026U
20230201,1259,415.15,415.15,415.15,415.15,0,CPA2026U
20230202,1259,414.20,414.20,414.20,414.20,0,CPA2026U
20230203,1259,411.15,411.15,411.15,411.15,0,CPA2026U
20230206,1259,410.00,410.00,410.00,410.00,0,CPA2026U
20230207,1259,411.50,411.50,411.50,411.50,0,CPA2026U
20230208,1259,405.50,405.50,405.50,405.50,0,CPA2026U
20230209,1259,411.25,411.25,411.25,411.25,0,CPA2026U
20230210,1259,405.00,405.00,405.00,405.00,0,CPA2026U
20230213,1259,409.45,409.45,409.45,409.45,0,CPA2026U
20230214,1259,411.00,411.00,411.00,411.00,0,CPA2026U
20230215,1259,403.70,403.70,403.70,403.70,0,CPA2026U
20230216,1259,413.25,413.25,413.25,413.25,0,CPA2026U
20230217,1259,412.05,412.05,412.05,412.05,0,CPA2026U
20230221,1259,421.00,421.00,421.00,421.00,0,CPA2026U
20230222,1259,418.50,418.50,418.50,418.50,0,CPA2026U
20230223,1259,406.65,406.65,406.65,406.65,0,CPA2026U
20230224,1259,397.85,397.85,397.85,397.85,0,CPA2026U
20230227,1259,403.30,403.30,403.30,403.30,0,CPA2026U
20230228,1259,411.00,411.00,411.00,411.00,0,CPA2026U
20230301,1259,416.70,416.70,416.70,416.70,0,CPA2026U
20230302,1259,410.00,410.00,410.00,410.00,0,CPA2026U
20230303,1259,409.30,409.30,409.30,409.30,0,CPA2026U
20230306,1259,411.85,411.85,411.85,411.85,0,CPA2026U
20230307,1259,401.00,401.00,401.00,401.00,0,CPA2026U
20230308,1259,405.75,405.75,405.75,405.75,0,CPA2026U
20230309,1259,406.50,406.50,406.50,406.50,0,CPA2026U
20230310,1259,406.80,406.80,406.80,406.80,0,CPA2026U
20230313,1259,409.10,409.10,409.10,409.10,0,CPA2026U
20230314,1259,404.70,404.70,404.70,404.70,0,CPA2026U
20230315,1259,390.00,390.00,390.00,390.00,0,CPA2026U
20230316,1259,391.35,391.35,391.35,391.35,0,CPA2026U
20230317,1259,393.45,393.45,393.45,393.45,0,CPA2026U
20230320,1259,399.10,399.10,399.10,399.10,0,CPA2026U
20230321,1259,402.60,402.60,402.60,402.60,0,CPA2026U
20230322,1259,405.95,405.95,405.95,405.95,0,CPA2026U
20230323,1259,412.30,412.30,412.30,412.30,0,CPA2026U
20230324,1259,409.95,409.95,409.95,409.95,0,CPA2026U
20230327,1259,411.20,411.20,411.20,411.20,0,CPA2026U
20230328,1259,411.50,411.50,411.50,411.50,0,CPA2026U
20230329,1259,410.70,410.70,410.70,410.70,0,CPA2026U
20230330,1259,411.70,411.70,411.70,411.70,0,CPA2026U
20230331,1259,411.85,411.85,411.85,411.85,0,CPA2026U
20230403,1259,407.65,407.65,407.65,407.65,0,CPA2026U
20230404,1259,400.35,400.35,400.35,400.35,0,CPA2026U
20230405,1259,400.65,400.65,400.65,400.65,0,CPA2026U
20230406,1259,403.60,403.60,403.60,403.60,0,CPA2026U
20230410,1259,400.90,400.90,400.90,400.90,0,CPA2026U
20230411,1259,404.55,404.55,404.55,404.55,0,CPA2026U
20230412,1259,408.90,408.90,408.90,408.90,0,CPA2026U
20230413,1259,412.25,412.25,412.25,412.25,0,CPA2026U
20230414,1259,411.25,411.25,411.25,411.25,0,CPA2026U
20230417,1259,408.50,408.50,408.50,408.50,0,CPA2026U
20230418,1259,411.35,411.35,411.35,411.35,0,CPA2026U
20230419,1259,409.95,409.95,409.95,409.95,0,CPA2026U
20230420,1259,405.65,405.65,405.65,405.65,0,CPA2026U
20230421,1259,402.00,402.00,402.00,402.00,0,CPA2026U
20230424,1259,400.35,400.35,400.35,400.35,0,CPA2026U
20230425,1259,390.30,390.30,390.30,390.30,0,CPA2026U
20230426,1259,389.65,389.65,389.65,389.65,0,CPA2026U
20230427,1259,391.60,391.60,391.60,391.60,0,CPA2026U
20230428,1259,393.25,393.25,393.25,393.25,0,CPA2026U
20230501,1259,397.85,397.85,397.85,397.85,0,CPA2026U
20230502,1259,391.30,391.30,391.30,391.30,0,CPA2026U
20230503,1259,389.80,389.80,389.80,389.80,0,CPA2026U
20230504,1259,392.45,392.45,392.45,392.45,0,CPA2026U
20230505,1259,394.30,394.30,394.30,394.30,0,CPA2026U
20230508,1259,399.45,399.45,399.45,399.45,0,CPA2026U
20230509,1259,397.15,397.15,397.15,397.15,0,CPA2026U
20230510,1259,392.15,392.15,392.15,392.15,0,CPA2026U
20230511,1259,378.75,378.75,378.75,378.75,0,CPA2026U
20230512,1259,380.25,380.25,380.25,380.25,0,CPA2026U
20230515,1259,382.80,382.80,382.80,382.80,0,CPA2026U
20230516,1259,375.35,375.35,375.35,375.35,0,CPA2026U
20230517,1259,383.90,383.90,383.90,383.90,0,CPA2026U
20230518,1259,378.95,378.95,378.95,378.95,0,CPA2026U
20230519,1259,382.60,382.60,382.60,382.60,0,CPA2026U
20230522,1259,379.10,379.10,379.10,379.10,0,CPA2026U
20230523,1259,376.40,376.40,376.40,376.40,0,CPA2026U
20230524,1259,368.05,368.05,368.05,368.05,0,CPA2026U
20230525,1259,370.20,370.20,370.20,370.20,0,CPA2026U
20230526,1259,378.50,378.50,378.50,378.50,0,CPA2026U
20230530,1259,377.55,377.55,377.55,377.55,0,CPA2026U
20230531,1259,375.25,375.25,375.25,375.25,0,CPA2026U
20230601,1259,381.80,381.80,381.80,381.80,0,CPA2026U
20230602,1259,383.15,383.15,383.15,383.15,0,CPA2026U
20230605,1259,386.10,386.10,386.10,386.10,0,CPA2026U
20230606,1259,385.10,385.10,385.10,385.10,0,CPA2026U
20230607,1259,381.75,381.75,381.75,381.75,0,CPA2026U
20230608,1259,386.15,386.15,386.15,386.15,0,CPA2026U
20230609,1259,386.50,386.50,386.50,386.50,0,CPA2026U
20230612,1259,383.85,383.85,383.85,383.85,0,CPA2026U
20230613,1259,389.40,389.40,389.40,389.40,0,CPA2026U
20230614,1259,391.70,391.70,391.70,391.70,0,CPA2026U
20230615,1259,394.30,394.30,394.30,394.30,0,CPA2026U
20230616,1259,395.30,395.30,395.30,395.30,0,CPA2026U
20230620,1259,392.90,392.90,392.90,392.90,0,CPA2026U
20230621,1259,394.00,394.00,394.00,394.00,0,CPA2026U
20230622,1259,394.50,394.50,394.50,394.50,0,CPA2026U
20230623,1259,387.00,387.00,387.00,387.00,0,CPA2026U
20230626,1259,385.85,385.85,385.85,385.85,0,CPA2026U
20230627,1259,383.65,383.65,383.65,383.65,0,CPA2026U
20230628,1259,380.20,380.20,380.20,380.20,0,CPA2026U
20230629,1259,375.70,375.70,375.70,375.70,0,CPA2026U
20230630,1259,382.35,382.35,382.35,382.35,0,CPA2026U
20230703,1259,385.50,385.50,385.50,385.50,0,CPA2026U
20230705,1259,384.00,384.00,384.00,384.00,0,CPA2026U
20230706,1259,382.95,382.95,382.95,382.95,0,CPA2026U
20230707,1259,387.10,387.10,387.10,387.10,0,CPA2026U
20230710,1259,387.85,387.85,387.85,387.85,0,CPA2026U
20230711,1259,386.65,386.65,386.65,386.65,0,CPA2026U
20230712,1259,394.20,394.20,394.20,394.20,0,CPA2026U
20230713,1259,401.70,401.70,401.70,401.70,0,CPA2026U
20230714,1259,401.40,401.40,401.40,401.40,0,CPA2026U
20230717,1259,393.10,393.10,393.10,393.10,0,CPA2026U
20230718,1259,392.00,392.00,392.00,392.00,0,CPA2026U
20230719,1259,389.95,389.95,389.95,389.95,0,CPA2026U
20230720,1259,392.75,392.75,392.75,392.75,0,CPA2026U
20230721,1259,392.10,392.10,392.10,392.10,0,CPA2026U
20230724,1259,395.65,395.65,395.65,395.65,0,CPA2026U
20230725,1259,400.90,400.90,400.90,400.90,0,CPA2026U
20230726,1259,399.50,399.50,399.50,399.50,0,CPA2026U
20230727,1259,397.75,397.75,397.75,397.75,0,CPA2026U
20230728,1259,402.35,402.35,402.35,402.35,0,CPA2026U
20230731,1259,409.20,409.20,409.20,409.20,0,CPA2026U
20230801,1259,400.85,400.85,400.85,400.85,0,CPA2026U
20230802,1259,395.55,395.55,395.55,395.55,0,CPA2026U
20230803,1259,401.80,401.80,401.80,401.80,0,CPA2026U
20230804,1259,398.90,398.90,398.90,398.90,0,CPA2026U
20230807,1259,396.65,396.65,396.65,396.65,0,CPA2026U
20230808,1259,389.90,389.90,389.90,389.90,0,CPA2026U
20230809,1259,390.65,390.65,390.65,390.65,0,CPA2026U
20230810,1259,389.80,389.80,389.80,389.80,0,CPA2026U
20230811,1259,386.70,386.70,386.70,386.70,0,CPA2026U
20230814,1259,386.05,386.05,386.05,386.05,0,CPA2026U
20230815,1259,383.25,383.25,383.25,383.25,0,CPA2026U
20230816,1259,381.85,381.85,381.85,381.85,0,CPA2026U
20230817,1259,384.60,384.60,384.60,384.60,0,CPA2026U
20230818,1259,384.55,384.55,384.55,384.55,0,CPA2026U
20230821,1259,386.25,386.25,386.25,386.25,0,CPA2026U
20230822,1259,389.60,389.60,389.60,389.60,0,CPA2026U
20230823,1259,394.00,394.00,394.00,394.00,0,CPA2026U
20230824,1259,390.50,390.50,390.50,390.50,0,CPA2026U
20230825,1259,389.45,389.45,389.45,389.45,0,CPA2026U
20230828,1259,390.60,390.60,390.60,390.60,0,CPA2026U
20230829,1259,395.45,395.45,395.45,395.45,0,CPA2026U
20230830,1259,395.95,395.95,395.95,395.95,0,CPA2026U
20230831,1259,394.05,394.05,394.05,394.05,0,CPA2026U
20230901,1259,396.60,396.60,396.60,396.60,0,CPA2026U
20230905,1259,395.90,395.90,395.90,395.90,0,CPA2026U
20230906,1259,390.85,390.85,390.85,390.85,0,CPA2026U
20230907,1259,388.65,388.65,388.65,388.65,0,CPA2026U
20230908,1259,384.50,384.50,384.50,384.50,0,CPA2026U
20230911,1259,393.30,393.30,393.30,393.30,0,CPA2026U
20230912,1259,391.90,391.90,391.90,391.90,0,CPA2026U
20230913,1259,391.75,391.75,391.75,391.75,0,CPA2026U
20230914,1259,391.90,391.90,391.90,391.90,0,CPA2026U
20230915,1259,391.00,391.00,391.00,391.00,0,CPA2026U
20230918,1259,389.55,389.55,389.55,389.55,0,CPA2026U
20230919,1259,386.65,386.65,386.65,386.65,0,CPA2026U
20230920,1259,389.45,389.45,389.45,389.45,0,CPA2026U
20230921,1259,382.95,382.95,382.95,382.95,0,CPA2026U
20230922,1259,383.85,383.85,383.85,383.85,0,CPA2026U
20230925,1259,382.20,382.20,382.20,382.20,0,CPA2026U
20230926,1259,379.65,379.65,379.65,379.65,0,CPA2026U
20230927,1259,377.95,377.95,377.95,377.95,0,CPA2026U
20230928,1259,383.35,383.35,383.35,383.35,0,CPA2026U
20230929,1259,387.15,387.15,387.15,387.15,0,CPA2026U
20231002,1259,378.65,378.65,378.65,378.65,0,CPA2026U
20231003,1259,376.05,376.05,376.05,376.05,0,CPA2026U
20231004,1259,372.90,372.90,372.90,372.90,0,CPA2026U
20231005,1259,369.20,369.20,369.20,369.20,0,CPA2026U
20231006,1259,376.25,376.25,376.25,376.25,0,CPA2026U
20231009,1259,378.45,378.45,378.45,378.45,0,CPA2026U
20231010,1259,375.90,375.90,375.90,375.90,0,CPA2026U
20231011,1259,375.60,375.60,375.60,375.60,0,CPA2026U
20231012,1259,375.55,375.55,375.55,375.55,0,CPA2026U
20231013,1259,373.65,373.65,373.65,373.65,0,CPA2026U
20231016,1259,376.45,376.45,376.45,376.45,0,CPA2026U
20231017,1259,376.50,376.50,376.50,376.50,0,CPA2026U
20231018,1259,375.70,375.70,375.70,375.70,0,CPA2026U
20231019,1259,376.45,376.45,376.45,376.45,0,CPA2026U
20231020,1259,374.50,374.50,374.50,374.50,0,CPA2026U
20231023,1259,374.60,374.60,374.60,374.60,0,CPA2026U
20231024,1259,374.95,374.95,374.95,374.95,0,CPA2026U
20231025,1259,373.15,373.15,373.15,373.15,0,CPA2026U
20231026,1259,375.05,375.05,375.05,375.05,0,CPA2026U
20231027,1259,380.45,380.45,380.45,380.45,0,CPA2026U
20231030,1259,381.70,381.70,381.70,381.70,0,CPA2026U
20231031,1259,380.90,380.90,380.90,380.90,0,CPA2026U
20231101,1259,382.10,382.10,382.10,382.10,0,CPA2026U
20231102,1259,384.60,384.60,384.60,384.60,0,CPA2026U
20231103,1259,385.35,385.35,385.35,385.35,0,CPA2026U
20231106,1259,389.40,389.40,389.40,389.40,0,CPA2026U
20231107,1259,387.50,387.50,387.50,387.50,0,CPA2026U
20231108,1259,384.05,384.05,384.05,384.05,0,CPA2026U
20231109,1259,384.15,384.15,384.15,384.15,0,CPA2026U
20231110,1259,381.35,381.35,381.35,381.35,0,CPA2026U
20231113,1259,387.15,387.15,387.15,387.15,0,CPA2026U
20231114,1259,389.25,389.25,389.25,389.25,0,CPA2026U
20231115,1259,392.70,392.70,392.70,392.70,0,CPA2026U
20231116,1259,390.95,390.95,390.95,390.95,0,CPA2026U
20231117,1259,394.25,394.25,394.25,394.25,0,CPA2026U
20231120,1259,401.00,401.00,401.00,401.00,0,CPA2026U
20231121,1259,402.60,402.60,402.60,402.60,0,CPA2026U
20231122,1259,397.50,397.50,397.50,397.50,0,CPA2026U
20231124,1159,400.75,400.75,400.75,400.75,0,CPA2026U
20231127,1259,398.05,398.05,398.05,398.05,0,CPA2026U
20231128,1259,400.90,400.90,400.90,400.90,0,CPA2026U
20231129,1259,399.45,399.45,399.45,399.45,0,CPA2026U
20231130,1259,401.40,401.40,401.40,401.40,0,CPA2026U
20231201,1259,407.95,407.95,407.95,407.95,0,CPA2026U
20231204,1259,400.60,400.60,400.60,400.60,0,CPA2026U
20231205,1259,394.65,394.65,394.65,394.65,0,CPA2026U
20231206,1259,390.15,390.15,390.15,390.15,0,CPA2026U
20231207,1259,395.85,395.85,395.85,395.85,0,CPA2026U
20231208,1259,397.35,397.35,397.35,397.35,0,CPA2026U
20231211,1259,392.95,392.95,392.95,392.95,0,CPA2026U
20231212,1259,391.95,391.95,391.95,391.95,0,CPA2026U
20231213,1259,391.00,391.00,391.00,391.00,0,CPA2026U
20231214,1259,399.85,399.85,399.85,399.85,0,CPA2026U
20231215,1259,398.85,398.85,398.85,398.85,0,CPA2026U
20231218,1259,395.50,395.50,395.50,395.50,0,CPA2026U
20231219,1259,398.95,398.95,398.95,398.95,0,CPA2026U
20231220,1259,399.55,399.55,399.55,399.55,0,CPA2026U
20231221,1259,400.95,400.95,400.95,400.95,0,CPA2026U
20231222,1259,399.75,399.75,399.75,399.75,0,CPA2026U
20231226,1259,400.25,400.25,400.25,400.25,0,CPA2026U
20231227,1259,405.15,405.15,405.15,405.15,0,CPA2026U
20231228,1259,401.75,401.75,401.75,401.75,0,CPA2026U
20231229,1259,398.65,398.65,398.65,398.65,0,CPA2026U
20240102,1259,397.70,397.70,397.70,397.70,0,CPA2026U
20240103,1259,395.60,395.60,395.60,395.60,0,CPA2026U
20240104,1259,393.65,393.65,393.65,393.65,0,CPA2026U
20240105,1259,391.30,391.30,391.30,391.30,0,CPA2026U
20240108,1259,392.85,392.85,392.85,392.85,0,CPA2026U
20240109,1259,388.80,388.80,388.80,388.80,0,CPA2026U
20240110,1259,390.10,390.10,390.10,390.10,0,CPA2026U
20240111,1259,388.30,388.30,388.30,388.30,0,CPA2026U
20240112,1259,385.45,385.45,385.45,385.45,0,CPA2026U
20240116,1259,387.60,387.60,387.60,387.60,0,CPA2026U
20240117,1259,384.20,384.20,384.20,384.20,0,CPA2026U
20240118,1259,385.65,385.65,385.65,385.65,0,CPA2026U
20240119,1259,389.30,389.30,389.30,389.30,0,CPA2026U
20240122,1259,387.60,387.60,387.60,387.60,0,CPA2026U
20240123,1259,389.80,389.80,389.80,389.80,0,CPA2026U
20240124,1259,398.15,398.15,398.15,398.15,0,CPA2026U
20240125,1259,397.65,397.65,397.65,397.65,0,CPA2026U
20240126,1259,396.40,396.40,396.40,396.40,0,CPA2026U
20240129,1259,398.80,398.80,398.80,398.80,0,CPA2026U
20240130,1259,400.40,400.40,400.40,400.40,0,CPA2026U
20240131,1259,399.85,399.85,399.85,399.85,0,CPA2026U
20240201,1259,395.55,395.55,395.55,395.55,0,CPA2026U
20240202,1259,393.70,393.70,393.70,393.70,0,CPA2026U
20240205,1259,389.85,389.85,389.85,389.85,0,CPA2026U
20240206,1259,390.55,390.55,390.55,390.55,0,CPA2026U
20240207,1259,386.80,386.80,386.80,386.80,0,CPA2026U
20240208,1259,382.90,382.90,382.90,382.90,0,CPA2026U
20240209,1259,380.60,380.60,380.60,380.60,0,CPA2026U
20240212,1259,384.15,384.15,384.15,384.15,0,CPA2026U
20240213,1259,382.55,382.55,382.55,382.55,0,CPA2026U
20240214,1259,380.20,380.20,380.20,380.20,0,CPA2026U
20240215,1259,384.55,384.55,384.55,384.55,0,CPA2026U
20240216,1259,392.35,392.35,392.35,392.35,0,CPA2026U
20240220,1259,394.30,394.30,394.30,394.30,0,CPA2026U
20240221,1259,395.50,395.50,395.50,395.50,0,CPA2026U
20240222,1259,398.65,398.65,398.65,398.65,0,CPA2026U
20240223,1259,397.85,397.85,397.85,397.85,0,CPA2026U
20240226,1259,390.75,390.75,390.75,390.75,0,CPA2026U
20240227,1259,392.95,392.95,392.95,392.95,0,CPA2026U
20240228,1259,391.25,391.25,391.25,391.25,0,CPA2026U
20240229,1259,391.65,391.65,391.65,391.65,0,CPA2026U
20240301,1259,393.35,393.35,393.35,393.35,0,CPA2026U
20240304,1259,393.25,393.25,393.25,393.25,0,CPA2026U
20240305,1259,392.40,392.40,392.40,392.40,0,CPA2026U
20240306,1259,394.95,394.95,394.95,394.95,0,CPA2026U
20240307,1259,399.75,399.75,399.75,399.75,0,CPA2026U
20240308,1259,396.70,396.70,396.70,396.70,0,CPA2026U
20240311,1259,400.10,400.10,400.10,400.10,0,CPA2026U
20240312,1259,400.45,400.45,400.45,400.45,0,CPA2026U
20240313,1259,411.45,411.45,411.45,411.45,0,CPA2026U
20240314,1259,411.40,411.40,411.40,411.40,0,CPA2026U
20240315,1259,419.70,419.70,419.70,419.70,0,CPA2026U
20240318,1259,420.30,420.30,420.30,420.30,0,CPA2026U
20240319,1259,415.65,415.65,415.65,415.65,0,CPA2026U
20240320,1259,413.75,413.75,413.75,413.75,0,CPA2026U
20240321,1259,415.90,415.90,415.90,415.90,0,CPA2026U
20240322,1259,411.10,411.10,411.10,411.10,0,CPA2026U
20240325,1259,412.60,412.60,412.60,412.60,0,CPA2026U
20240326,1259,412.10,412.10,412.10,412.10,0,CPA2026U
20240327,1259,411.60,411.60,411.60,411.60,0,CPA2026U
20240328,1259,412.95,412.95,412.95,412.95,0,CPA2026U
20240401,1259,417.20,417.20,417.20,417.20,0,CPA2026U
20240402,1259,419.70,419.70,419.70,419.70,0,CPA2026U
20240403,1259,432.45,432.45,432.45,432.45,0,CPA2026U
20240404,1259,437.70,437.70,437.70,437.70,0,CPA2026U
20240405,1259,436.55,436.55,436.55,436.55,0,CPA2026U
20240408,1259,439.55,439.55,439.55,439.55,0,CPA2026U
20240409,1259,440.25,440.25,440.25,440.25,0,CPA2026U
20240410,1259,439.25,439.25,439.25,439.25,0,CPA2026U
20240411,1259,438.05,438.05,438.05,438.05,0,CPA2026U
20240412,1259,438.55,438.55,438.55,438.55,0,CPA2026U
20240415,1259,446.10,446.10,446.10,446.10,0,CPA2026U
20240416,1259,438.95,438.95,438.95,438.95,0,CPA2026U
20240417,1259,440.70,440.70,440.70,440.70,0,CPA2026U
20240418,1259,451.25,451.25,451.25,451.25,0,CPA2026U
20240419,1259,456.65,456.65,456.65,456.65,0,CPA2026U
20240422,1259,454.75,454.75,454.75,454.75,0,CPA2026U
20240423,1259,450.00,450.00,450.00,450.00,0,CPA2026U
20240424,1259,452.10,452.10,452.10,452.10,0,CPA2026U
20240425,1259,457.50,457.50,457.50,457.50,0,CPA2026U
20240426,1259,462.10,462.10,462.10,462.10,0,CPA2026U
20240429,1259,470.55,470.55,470.55,470.55,0,CPA2026U
20240430,1259,460.30,460.30,460.30,460.30,0,CPA2026U
20240501,1259,457.60,457.60,457.60,457.60,0,CPA2026U
20240502,1259,452.15,452.15,452.15,452.15,0,CPA2026U
20240503,1259,459.05,459.05,459.05,459.05,0,CPA2026U
20240506,1259,464.45,464.45,464.45,464.45,0,CPA2026U
20240507,1259,464.15,464.15,464.15,464.15,0,CPA2026U
20240508,1259,458.60,458.60,458.60,458.60,0,CPA2026U
20240509,1259,460.50,460.50,460.50,460.50,0,CPA2026U
20240510,1259,461.75,461.75,461.75,461.75,0,CPA2026U
20240513,1259,468.10,468.10,468.10,468.10,0,CPA2026U
20240514,1259,460.90,460.90,460.90,460.90,0,CPA2026U
20240515,1259,469.00,469.00,469.00,469.00,0,CPA2026U
20240516,1259,473.65,473.65,473.65,473.65,0,CPA2026U
20240517,1259,487.40,487.40,487.40,487.40,0,CPA2026U
20240520,1259,495.45,495.45,495.45,495.45,0,CPA2026U
20240521,1259,495.60,495.60,495.60,495.60,0,CPA2026U
20240522,1259,476.75,476.75,476.75,476.75,0,CPA2026U
20240523,1259,474.70,474.70,474.70,474.70,0,CPA2026U
20240524,1259,473.05,473.05,473.05,473.05,0,CPA2026U
20240528,1259,483.75,483.75,483.75,483.75,0,CPA2026U
20240529,1259,480.20,480.20,480.20,480.20,0,CPA2026U
20240530,1259,467.00,467.00,467.00,467.00,0,CPA2026U
20240531,1259,464.60,464.60,464.60,464.60,0,CPA2026U
20240603,1259,469.40,469.40,469.40,469.40,0,CPA2026U
20240604,1259,456.80,456.80,456.80,456.80,0,CPA2026U
20240605,1259,459.00,459.00,459.00,459.00,0,CPA2026U
20240606,1259,467.15,467.15,467.15,467.15,0,CPA2026U
20240607,1259,452.40,452.40,452.40,452.40,0,CPA2026U
20240610,1259,458.15,458.15,458.15,458.15,0,CPA2026U
20240611,1259,452.20,452.20,452.20,452.20,0,CPA2026U
20240612,1259,458.50,458.50,458.50,458.50,0,CPA2026U
20240613,1259,451.95,451.95,451.95,451.95,0,CPA2026U
20240614,1259,451.35,451.35,451.35,451.35,0,CPA2026U
20240617,1259,447.70,447.70,447.70,447.70,0,CPA2026U
20240618,1259,450.40,450.40,450.40,450.40,0,CPA2026U
20240620,1259,456.60,456.60,456.60,456.60,0,CPA2026U
20240621,1259,448.80,448.80,448.80,448.80,0,CPA2026U
20240624,1259,447.75,447.75,447.75,447.75,0,CPA2026U
20240625,1259,444.25,444.25,444.25,444.25,0,CPA2026U
20240626,1259,444.40,444.40,444.40,444.40,0,CPA2026U
20240627,1259,443.40,443.40,443.40,443.40,0,CPA2026U
20240628,1259,447.25,447.25,447.25,447.25,0,CPA2026U
20240701,1259,449.75,449.75,449.75,449.75,0,CPA2026U
20240702,1259,449.10,449.10,449.10,449.10,0,CPA2026U
20240703,1259,459.00,459.00,459.00,459.00,0,CPA2026U
20240705,1259,465.75,465.75,465.75,465.75,0,CPA2026U
20240708,1259,464.50,464.50,464.50,464.50,0,CPA2026U
20240709,1259,461.20,461.20,461.20,461.20,0,CPA2026U
20240710,1259,462.05,462.05,462.05,462.05,0,CPA2026U
20240711,1259,458.75,458.75,458.75,458.75,0,CPA2026U
20240712,1259,464.50,464.50,464.50,464.50,0,CPA2026U
20240715,1259,460.70,460.70,460.70,460.70,0,CPA2026U
20240716,1259,454.60,454.60,454.60,454.60,0,CPA2026U
20240717,1259,452.65,452.65,452.65,452.65,0,CPA2026U
20240718,1259,441.75,441.75,441.75,441.75,0,CPA2026U
20240719,1259,439.45,439.45,439.45,439.45,0,CPA2026U
20240722,1259,435.95,435.95,435.95,435.95,0,CPA2026U
20240723,1259,431.50,431.50,431.50,431.50,0,CPA2026U
20240724,1259,428.25,428.25,428.25,428.25,0,CPA2026U
20240725,1259,429.75,429.75,429.75,429.75,0,CPA2026U
20240726,1259,431.05,431.05,431.05,431.05,0,CPA2026U
20240729,1259,427.50,427.50,427.50,427.50,0,CPA2026U
20240730,1259,427.85,427.85,427.85,427.85,0,CPA2026U
20240731,1259,436.35,436.35,436.35,436.35,0,CPA2026U
20240801,1259,428.45,428.45,428.45,428.45,0,CPA2026U
20240802,1259,430.30,430.30,430.30,430.30,0,CPA2026U
20240805,1259,419.55,419.55,419.55,419.55,0,CPA2026U
20240806,1259,422.05,422.05,422.05,422.05,0,CPA2026U
20240807,1259,417.00,417.00,417.00,417.00,0,CPA2026U
20240808,1259,416.95,416.95,416.95,416.95,0,CPA2026U
20240809,1259,419.65,419.65,419.65,419.65,0,CPA2026U
20240812,1259,426.65,426.65,426.65,426.65,0,CPA2026U
20240813,1259,424.70,424.70,424.70,424.70,0,CPA2026U
20240814,1259,423.50,423.50,423.50,423.50,0,CPA2026U
20240815,1259,431.70,431.70,431.70,431.70,0,CPA2026U
20240816,1259,433.50,433.50,433.50,433.50,0,CPA2026U
20240819,1259,437.00,437.00,437.00,437.00,0,CPA2026U
20240820,1259,435.00,435.00,435.00,435.00,0,CPA2026U
20240821,1259,436.50,436.50,436.50,436.50,0,CPA2026U
20240822,1259,433.50,433.50,433.50,433.50,0,CPA2026U
20240823,1259,438.75,438.75,438.75,438.75,0,CPA2026U
20240826,1259,442.90,442.90,442.90,442.90,0,CPA2026U
20240827,1259,445.45,445.45,445.45,445.45,0,CPA2026U
20240828,1259,438.15,438.15,438.15,438.15,0,CPA2026U
20240829,1259,439.10,439.10,439.10,439.10,0,CPA2026U
20240830,1259,437.85,437.85,437.85,437.85,0,CPA2026U
20240903,1259,425.20,425.20,425.20,425.20,0,CPA2026U
20240904,1259,424.25,424.25,424.25,424.25,0,CPA2026U
20240905,1259,430.35,430.35,430.35,430.35,0,CPA2026U
20240906,1259,425.30,425.30,425.30,425.30,0,CPA2026U
20240909,1259,432.05,432.05,432.05,432.05,0,CPA2026U
20240910,1259,427.00,427.00,427.00,427.00,0,CPA2026U
20240911,1259,430.95,430.95,430.95,430.95,0,CPA2026U
20240912,1259,435.75,435.75,435.75,435.75,0,CPA2026U
20240913,1259,438.80,438.80,438.80,438.80,0,CPA2026U
20240916,1259,443.00,443.00,443.00,443.00,0,CPA2026U
20240917,1259,443.65,443.65,443.65,443.65,0,CPA2026U
20240918,1259,445.15,445.15,445.15,445.15,0,CPA2026U
20240919,1259,449.65,449.65,449.65,449.65,0,CPA2026U
20240920,1259,449.65,449.65,449.65,449.65,0,CPA2026U
20240923,1259,450.35,450.35,450.35,450.35,0,CPA2026U
20240924,1259,463.00,463.00,463.00,463.00,0,CPA2026U
20240925,1259,463.55,463.55,463.55,463.55,0,CPA2026U
20240926,1259,467.85,467.85,467.85,467.85,0,CPA2026U
20240927,1259,466.00,466.00,466.00,466.00,0,CPA2026U
20240930,1259,459.30,459.30,459.30,459.30,0,CPA2026U
20241001,1259,465.60,465.60,465.60,465.60,0,CPA2026U
20241002,1259,471.65,471.65,471.65,471.65,0,CPA2026U
20241003,1259,463.75,463.75,463.75,463.75,0,CPA2026U
20241004,1259,469.40,469.40,469.40,469.40,0,CPA2026U
20241007,1259,470.15,470.15,470.15,470.15,0,CPA2026U
20241008,1259,463.15,463.15,463.15,463.15,0,CPA2026U
20241009,1259,456.95,456.95,456.95,456.95,0,CPA2026U
20241010,1259,459.25,459.25,459.25,459.25,0,CPA2026U
20241011,1259,465.20,465.20,465.20,465.20,0,CPA2026U
20241014,1259,459.05,459.05,459.05,459.05,0,CPA2026U
20241015,1259,457.50,457.50,457.50,457.50,0,CPA2026U
20241016,1259,459.65,459.65,459.65,459.65,0,CPA2026U
20241017,1259,457.30,457.30,457.30,457.30,0,CPA2026U
20241018,1259,463.35,463.35,463.35,463.35,0,CPA2026U
20241021,1259,461.15,461.15,461.15,461.15,0,CPA2026U
20241022,1259,463.15,463.15,463.15,463.15,0,CPA2026U
20241023,1259,460.00,460.00,460.00,460.00,0,CPA2026U
20241024,1259,460.95,460.95,460.95,460.95,0,CPA2026U
20241025,1259,461.65,461.65,461.65,461.65,0,CPA2026U
20241028,1259,459.65,459.65,459.65,459.65,0,CPA2026U
20241029,1259,458.85,458.85,458.85,458.85,0,CPA2026U
20241030,1259,455.70,455.70,455.70,455.70,0,CPA2026U
20241031,1259,455.05,455.05,455.05,455.05,0,CPA2026U
20241101,1259,458.45,458.45,458.45,458.45,0,CPA2026U
20241104,1259,463.45,463.45,463.45,463.45,0,CPA2026U
20241105,1259,467.85,467.85,467.85,467.85,0,CPA2026U
20241106,1259,447.35,447.35,447.35,447.35,0,CPA2026U
20241107,1259,463.20,463.20,463.20,463.20,0,CPA2026U
20241108,1259,451.70,451.70,451.70,451.70,0,CPA2026U
20241111,1259,444.70,444.70,444.70,444.70,0,CPA2026U
20241112,1259,438.00,438.00,438.00,438.00,0,CPA2026U
20241113,1259,433.05,433.05,433.05,433.05,0,CPA2026U
20241114,1259,432.90,432.90,432.90,432.90,0,CPA2026U
20241115,1259,429.45,429.45,429.45,429.45,0,CPA2026U
20241118,1259,434.85,434.85,434.85,434.85,0,CPA2026U
20241119,1259,436.30,436.30,436.30,436.30,0,CPA2026U
20241120,1259,436.55,436.55,436.55,436.55,0,CPA2026U
20241121,1259,434.50,434.50,434.50,434.50,0,CPA2026U
20241122,1259,431.40,431.40,431.40,431.40,0,CPA2026U
20241125,1259,434.30,434.30,434.30,434.30,0,CPA2026U
20241126,1259,430.80,430.80,430.80,430.80,0,CPA2026U
20241127,1259,432.65,432.65,432.65,432.65,0,CPA2026U
20241129,1259,432.85,432.85,432.85,432.85,0,CPA2026U
20241202,1259,432.45,432.45,432.45,432.45,0,CPA2026U
20241203,1259,438.65,438.65,438.65,438.65,0,CPA2026U
20241204,1259,438.70,438.70,438.70,438.70,0,CPA2026U
20241205,1259,437.30,437.30,437.30,437.30,0,CPA2026U
20241206,1259,437.15,437.15,437.15,437.15,0,CPA2026U
20241209,1259,444.70,444.70,444.70,444.70,0,CPA2026U
20241210,1259,443.95,443.95,443.95,443.95,0,CPA2026U
20241211,1259,442.20,442.20,442.20,442.20,0,CPA2026U
20241212,1259,440.50,440.50,440.50,440.50,0,CPA2026U
20241213,1259,436.00,436.00,436.00,436.00,0,CPA2026U
20241216,1259,435.70,435.70,435.70,435.70,0,CPA2026U
20241217,1259,432.95,432.95,432.95,432.95,0,CPA2026U
20241218,1259,434.20,434.20,434.20,434.20,0,CPA2026U
20241219,1259,426.85,426.85,426.85,426.85,0,CPA2026U
20241220,1259,428.75,428.75,428.75,428.75,0,CPA2026U
20241223,1259,427.55,427.55,427.55,427.55,0,CPA2026U
20241224,1159,429.35,429.35,429.35,429.35,0,CPA2026U
20241226,1259,431.35,431.35,431.35,431.35,0,CPA2026U
20241227,1259,430.60,430.60,430.60,430.60,0,CPA2026U
20241230,1259,426.95,426.95,426.95,426.95,0,CPA2026U
20241231,1259,419.80,419.80,419.80,419.80,0,CPA2026U
20250102,1259,420.05,420.05,420.05,420.05,0,CPA2026U
20250103,1259,424.05,424.05,424.05,424.05,0,CPA2026U
20250106,1259,431.65,431.65,431.65,431.65,0,CPA2026U
20250107,1259,435.95,435.95,435.95,435.95,0,CPA2026U
20250108,1259,440.45,440.45,440.45,440.45,0,CPA2026U
20250109,1259,444.10,444.10,444.10,444.10,0,CPA2026U
20250110,1259,442.40,442.40,442.40,442.40,0,CPA2026U
20250113,1259,446.95,446.95,446.95,446.95,0,CPA2026U
20250113,1451,444.80,444.80,444.80,444.80,1,CPA2026U
20250114,1259,449.45,449.45,449.45,449.45,0,CPA2026U
20250115,1259,453.10,453.10,453.10,453.10,0,CPA2026U
20250116,1259,458.70,458.70,458.70,458.70,0,CPA2026U
20250117,1259,452.00,452.00,452.00,452.00,0,CPA2026U
20250121,1259,450.85,450.85,450.85,450.85,0,CPA2026U
20250122,1259,448.05,448.05,448.05,448.05,0,CPA2026U
20250123,1259,450.25,450.25,450.25,450.25,0,CPA2026U
20250124,1259,451.40,451.40,451.40,451.40,0,CPA2026U
20250127,0812,450.00,450.00,450.00,450.00,1,CPA2026U
20250127,0822,450.00,450.00,450.00,450.00,1,CPA2026U
20250127,1259,443.90,443.90,443.90,443.90,0,CPA2026U
20250128,1259,444.25,444.25,444.25,444.25,0,CPA2026U
20250129,1259,447.50,447.50,447.50,447.50,0,CPA2026U
20250130,1259,451.95,451.95,451.95,451.95,0,CPA2026U
20250131,1259,449.00,449.00,449.00,449.00,0,CPA2026U
20250203,1259,450.90,450.90,450.90,450.90,0,CPA2026U
20250204,1259,455.45,455.45,455.45,455.45,0,CPA2026U
20250205,1259,463.70,463.70,463.70,463.70,0,CPA2026U
20250206,1259,466.50,466.50,466.50,466.50,0,CPA2026U
20250207,1259,479.05,479.05,479.05,479.05,0,CPA2026U
20250210,1259,489.45,489.45,489.45,489.45,0,CPA2026U
20250211,1259,479.40,479.40,479.40,479.40,0,CPA2026U
20250212,1259,491.40,491.40,491.40,491.40,0,CPA2026U
20250213,1259,499.20,499.20,499.20,499.20,0,CPA2026U
20250214,1259,488.20,488.20,488.20,488.20,0,CPA2026U
20250218,1259,482.90,482.90,482.90,482.90,0,CPA2026U
20250219,1259,479.80,479.80,479.80,479.80,0,CPA2026U
20250220,1259,484.50,484.50,484.50,484.50,0,CPA2026U
20250221,1259,480.30,480.30,480.30,480.30,0,CPA2026U
20250224,1259,475.30,475.30,475.30,475.30,0,CPA2026U
20250225,1259,471.85,471.85,471.85,471.85,0,CPA2026U
20250226,0925,479.00,479.00,479.00,479.00,3,CPA2026U
20250226,1259,478.05,478.05,478.05,478.05,0,CPA2026U
20250227,1259,481.05,481.05,481.05,481.05,0,CPA2026U
20250228,1259,474.60,474.60,474.60,474.60,0,CPA2026U
20250303,1157,483.25,483.25,483.25,483.25,1,CPA2026U
20250303,1259,482.10,482.10,482.10,482.10,0,CPA2026U
20250304,1259,477.55,477.55,477.55,477.55,0,CPA2026U
20250305,1011,503.20,503.20,503.20,503.20,2,CPA2026U
20250305,1027,503.20,503.20,503.20,503.20,2,CPA2026U
20250305,1259,501.55,501.55,501.55,501.55,0,CPA2026U
20250305,1343,500.90,500.90,500.90,500.90,4,CPA2026U
20250306,1013,503.00,503.00,503.00,503.00,2,CPA2026U
20250306,1052,502.50,502.50,502.50,502.50,2,CPA2026U
20250306,1056,502.25,502.25,502.25,502.25,2,CPA2026U
20250306,1259,502.20,502.20,502.20,502.20,0,CPA2026U
20250307,1259,494.05,494.05,494.05,494.05,0,CPA2026U
20250310,1259,490.65,490.65,490.65,490.65,0,CPA2026U
20250311,1259,500.75,500.75,500.75,500.75,0,CPA2026U
20250312,0900,511.75,511.75,511.75,511.75,6,CPA2026U
20250312,0902,511.75,511.75,511.75,511.75,1,CPA2026U
20250312,0903,511.55,511.55,511.55,511.55,3,CPA2026U
20250312,1119,507.85,507.90,507.85,507.90,8,CPA2026U
20250312,1130,508.90,508.90,508.90,508.90,2,CPA2026U
20250312,1259,509.65,509.65,509.65,509.65,0,CPA2026U
20250313,1259,517.25,517.25,517.25,517.25,0,CPA2026U
20250314,1259,514.55,514.55,514.55,514.55,0,CPA2026U
20250317,1259,521.25,521.25,521.25,521.25,0,CPA2026U
20250318,0944,525.00,525.00,525.00,525.00,1,CPA2026U
20250318,0945,525.00,525.00,525.00,525.00,1,CPA2026U
20250318,1153,524.35,524.35,524.30,524.30,2,CPA2026U
20250318,1259,527.80,527.80,527.80,527.80,0,CPA2026U
20250319,1259,535.40,535.40,535.40,535.40,0,CPA2026U
20250320,1259,536.75,536.75,536.75,536.75,0,CPA2026U
20250321,1259,536.90,536.90,536.90,536.90,0,CPA2026U
20250324,1259,534.55,534.55,534.55,534.55,0,CPA2026U
20250325,1259,545.50,545.50,545.50,545.50,0,CPA2026U
20250326,0854,544.10,544.10,544.10,544.10,2,CPA2026U
20250326,0855,544.05,544.05,543.95,543.95,4,CPA2026U
20250326,0906,544.25,544.25,544.25,544.25,3,CPA2026U
20250326,0907,544.30,544.30,544.30,544.30,2,CPA2026U
20250326,0917,544.40,544.40,544.40,544.40,2,CPA2026U
20250326,0918,544.80,544.80,544.80,544.80,1,CPA2026U
20250326,0927,544.80,544.80,544.80,544.80,1,CPA2026U
20250326,1210,538.95,538.95,538.95,538.95,2,CPA2026U
20250326,1259,540.70,540.70,540.70,540.70,0,CPA2026U
20250327,1259,528.20,528.20,528.20,528.20,0,CPA2026U
20250328,1259,529.70,529.70,529.70,529.70,0,CPA2026U
20250331,1259,521.55,521.55,521.55,521.55,0,CPA2026U
20250401,0120,525.95,525.95,525.95,525.95,2,CPA2026U
20250401,0425,526.05,526.05,526.00,526.00,7,CPA2026U
20250401,0438,525.70,525.70,525.60,525.60,18,CPA2026U
20250401,1259,522.65,522.65,522.65,522.65,0,CPA2026U
20250402,1259,523.05,523.05,523.05,523.05,0,CPA2026U
20250403,1147,505.25,505.25,505.25,505.25,2,CPA2026U
20250403,1157,506.50,506.50,506.50,506.50,1,CPA2026U
20250403,1159,506.50,506.50,506.40,506.40,2,CPA2026U
20250403,1200,506.30,506.30,506.30,506.30,1,CPA2026U
20250403,1205,506.50,506.50,506.50,506.50,1,CPA2026U
20250403,1209,505.75,505.75,505.75,505.75,1,CPA2026U
20250403,1216,505.50,505.50,505.25,505.25,2,CPA2026U
20250403,1259,503.35,503.35,503.35,503.35,0,CPA2026U
20250403,2310,499.00,499.00,499.00,499.00,1,CPA2026U
20250403,2326,499.00,499.00,499.00,499.00,4,CPA2026U
20250403,2339,499.00,499.00,499.00,499.00,1,CPA2026U
20250404,0055,499.00,499.00,499.00,499.00,3,CPA2026U
20250404,0238,499.00,499.00,499.00,499.00,1,CPA2026U
20250404,1259,463.10,463.10,463.10,463.10,0,CPA2026U
20250407,1259,443.15,443.15,443.15,443.15,0,CPA2026U
20250408,1259,439.85,439.85,439.85,439.85,0,CPA2026U
20250409,1259,444.65,444.65,444.65,444.65,0,CPA2026U
20250409,1556,467.85,467.85,467.85,467.85,1,CPA2026U
20250409,1905,468.80,468.80,468.80,468.80,1,CPA2026U
20250410,1259,458.50,458.50,458.50,458.50,0,CPA2026U
20250411,1259,477.05,477.05,477.05,477.05,0,CPA2026U
20250414,1259,488.80,488.80,488.80,488.80,0,CPA2026U
20250415,1259,488.45,488.45,488.45,488.45,0,CPA2026U
20250416,1259,494.00,494.00,494.00,494.00,0,CPA2026U
20250417,1259,498.75,498.75,498.75,498.75,0,CPA2026U
20250421,1259,498.10,498.10,498.10,498.10,0,CPA2026U
20250422,1259,512.00,512.00,512.00,512.00,0,CPA2026U
20250423,0256,514.00,514.00,514.00,514.00,2,CPA2026U
20250423,0258,514.00,514.00,514.00,514.00,48,CPA2026U
20250423,1259,509.40,509.40,509.40,509.40,0,CPA2026U
20250424,1259,511.10,511.10,511.10,511.10,0,CPA2026U
20250425,1259,509.40,509.40,509.40,509.40,0,CPA2026U
20250428,1259,508.00,508.00,508.00,508.00,0,CPA2026U
20250429,1259,506.65,506.65,506.65,506.65,0,CPA2026U
20250430,1259,481.10,481.10,481.10,481.10,0,CPA2026U
20250501,1259,483.70,483.70,483.70,483.70,0,CPA2026U
20250502,1259,489.45,489.45,489.45,489.45,0,CPA2026U
20250505,1259,492.80,492.80,492.80,492.80,0,CPA2026U
20250506,1259,500.75,500.75,500.75,500.75,0,CPA2026U
20250507,1259,490.30,490.30,490.30,490.30,0,CPA2026U
20250508,1259,484.60,484.60,484.60,484.60,0,CPA2026U
20250509,1259,489.45,489.45,489.45,489.45,0,CPA2026U
20250512,1259,486.50,486.50,486.50,486.50,0,CPA2026U
20250513,1259,496.65,496.65,496.65,496.65,0,CPA2026U
20250514,1259,489.85,489.85,489.85,489.85,0,CPA2026U
20250515,0937,488.00,488.00,488.00,488.00,3,CPA2026U
20250515,1259,491.95,491.95,491.95,491.95,0,CPA2026U
20250516,1259,483.20,483.20,483.20,483.20,0,CPA2026U
20250519,1259,491.25,491.25,491.25,491.25,0,CPA2026U
20250519,1603,490.30,490.30,490.30,490.30,1,CPA2026U
20250519,1613,490.90,490.90,490.90,490.90,1,CPA2026U
20250519,1620,490.90,490.90,490.90,490.90,1,CPA2026U
20250520,1259,489.60,489.60,489.60,489.60,0,CPA2026U
20250520,2119,490.20,490.20,490.20,490.20,8,CPA2026U
20250520,2120,490.20,490.20,490.20,490.20,1,CPA2026U
20250520,2121,490.00,490.00,489.75,489.75,15,CPA2026U
20250520,2124,489.40,489.40,489.40,489.40,3,CPA2026U
20250521,1259,490.60,490.60,490.60,490.60,0,CPA2026U
20250522,1259,491.25,491.25,491.25,491.25,0,CPA2026U
20250523,1259,507.15,507.15,507.15,507.15,0,CPA2026U
20250527,1259,498.35,498.35,498.35,498.35,0,CPA2026U
20250528,1259,493.00,493.00,493.00,493.00,0,CPA2026U
20250529,1259,493.70,493.70,493.70,493.70,0,CPA2026U
20250529,1535,494.05,494.05,494.05,494.05,2,CPA2026U
20250530,1259,493.10,493.10,493.10,493.10,0,CPA2026U
20250602,0935,510.30,510.30,510.30,510.30,3,CPA2026U
20250602,1259,510.50,510.50,510.50,510.50,0,CPA2026U
20250603,1259,508.55,508.55,508.55,508.55,0,CPA2026U
20250604,1259,513.20,513.20,513.20,513.20,0,CPA2026U
20250605,1259,517.70,517.70,517.70,517.70,0,CPA2026U
20250606,1259,510.15,510.15,510.15,510.15,0,CPA2026U
20250609,1259,517.55,517.55,517.55,517.55,0,CPA2026U
20250610,1259,514.30,514.30,514.30,514.30,0,CPA2026U
20250611,1259,506.10,506.10,506.10,506.10,0,CPA2026U
20250612,1259,507.90,507.90,507.90,507.90,0,CPA2026U
20250613,1259,506.10,506.10,506.10,506.10,0,CPA2026U
20250616,1259,508.90,508.90,508.90,508.90,0,CPA2026U
20250617,1259,505.75,505.75,505.75,505.75,0,CPA2026U
20250618,1259,509.85,509.85,509.85,509.85,0,CPA2026U
20250618,1822,510.85,510.85,510.85,510.85,1,CPA2026U
20250620,1259,507.50,507.50,507.50,507.50,0,CPA2026U
20250623,1259,509.00,509.00,509.00,509.00,0,CPA2026U
20250624,1259,511.65,511.65,511.65,511.65,0,CPA2026U
20250625,1259,516.50,516.50,516.50,516.50,0,CPA2026U
20250626,1041,531.40,531.40,531.40,531.40,3,CPA2026U
20250626,1259,531.10,531.10,531.10,531.10,0,CPA2026U
20250627,1259,531.40,531.40,531.40,531.40,0,CPA2026U
20250630,1259,526.90,526.90,526.90,526.90,0,CPA2026U
20250701,1239,527.95,527.95,527.95,527.95,1,CPA2026U
20250701,1259,528.95,528.95,528.95,528.95,0,CPA2026U
20250702,0845,532.95,532.95,532.95,532.95,1,CPA2026U
20250702,1259,539.25,539.25,539.25,539.25,0,CPA2026U
20250703,1259,533.90,533.90,533.90,533.90,0,CPA2026U
20250707,1259,522.45,522.45,522.45,522.45,0,CPA2026U
20250708,1259,588.45,588.45,588.45,588.45,0,CPA2026U
20250709,0937,571.15,571.15,571.15,571.15,1,CPA2026U
20250709,1259,561.80,561.80,561.80,561.80,0,CPA2026U
20250710,1259,573.50,573.50,573.50,573.50,0,CPA2026U
20250711,1259,575.30,575.30,575.30,575.30,0,CPA2026U
20250714,1259,570.35,570.35,570.35,570.35,0,CPA2026U
20250715,1113,565.95,565.95,565.95,565.95,2,CPA2026U
20250715,1115,567.10,567.10,567.10,567.10,3,CPA2026U
20250715,1259,572.85,572.85,572.85,572.85,0,CPA2026U
20250716,1259,567.40,567.40,567.40,567.40,0,CPA2026U
20250717,1259,565.95,565.95,565.95,565.95,0,CPA2026U
20250718,1046,573.05,573.05,573.00,573.00,11,CPA2026U
20250718,1047,572.70,572.70,572.70,572.70,6,CPA2026U
20250718,1048,572.70,572.70,572.40,572.40,5,CPA2026U
20250718,1049,572.75,572.75,572.70,572.70,2,CPA2026U
20250718,1132,573.80,573.80,573.80,573.80,11,CPA2026U
20250718,1133,574.10,574.10,574.10,574.10,7,CPA2026U
20250718,1134,574.35,574.50,574.35,574.50,6,CPA2026U
20250718,1259,575.05,575.05,575.05,575.05,0,CPA2026U
20250721,1259,578.15,578.15,578.15,578.15,0,CPA2026U
20250722,1259,586.45,586.45,586.45,586.45,0,CPA2026U
20250723,1259,595.50,595.50,595.50,595.50,0,CPA2026U
20250724,1259,595.05,595.05,595.05,595.05,0,CPA2026U
20250725,1259,593.10,593.10,593.10,593.10,0,CPA2026U
20250728,0807,594.00,594.00,594.00,594.00,2,CPA2026U
20250728,1259,576.20,576.20,576.20,576.20,0,CPA2026U
20250729,1259,577.80,577.80,577.80,577.80,0,CPA2026U
20250730,1259,573.35,573.35,573.35,573.35,0,CPA2026U
20250730,1402,520.00,520.00,520.00,520.00,2,CPA2026U
20250731,0213,460.20,460.20,459.85,459.85,50,CPA2026U
20250731,0304,457.00,457.00,457.00,457.00,4,CPA2026U
20250731,0310,457.20,457.20,457.20,457.20,2,CPA2026U
20250731,0311,457.20,457.20,457.20,457.20,21,CPA2026U
20250731,1259,455.85,455.85,455.85,455.85,0,CPA2026U
20250801,0900,461.40,461.40,461.40,461.40,1,CPA2026U
20250801,1115,460.00,460.00,460.00,460.00,1,CPA2026U
20250801,1259,462.80,462.80,462.80,462.80,0,CPA2026U
20250801,1654,463.95,463.95,463.95,463.95,1,CPA2026U
20250804,1259,462.45,462.45,462.45,462.45,0,CPA2026U
20250805,1207,458.50,458.50,458.50,458.50,4,CPA2026U
20250805,1259,457.80,458.00,457.45,457.65,20,CPA2026U
20250806,0429,460.75,460.75,460.75,460.75,1,CPA2026U
20250806,0837,461.80,461.80,461.80,461.80,1,CPA2026U
20250806,1259,460.75,460.75,460.75,460.75,0,CPA2026U
20250806,1808,461.70,461.75,461.70,461.75,4,CPA2026U
20250807,0725,462.05,462.05,462.05,462.05,1,CPA2026U
20250807,1259,460.10,460.10,460.10,460.10,0,CPA2026U
20250807,1537,461.45,461.65,461.45,461.65,5,CPA2026U
