Date,Time,Open,High,Low,Close,TradeVolume,Contract
20220323,1259,478.00,478.00,478.00,478.00,0,CPA2026N
20220324,1259,475.55,475.55,475.55,475.55,0,CPA2026N
20220325,1259,475.85,475.85,475.85,475.85,0,CPA2026N
20220328,1259,477.60,477.60,477.60,477.60,0,CPA2026N
20220329,1259,476.35,476.35,476.35,476.35,0,CPA2026N
20220330,1259,477.75,477.75,477.75,477.75,0,CPA2026N
20220331,1259,477.80,477.80,477.80,477.80,0,CPA2026N
20220401,1259,472.55,472.55,472.55,472.55,0,CPA2026N
20220404,1259,477.80,477.80,477.80,477.80,0,CPA2026N
20220405,1259,477.90,477.90,477.90,477.90,0,CPA2026N
20220406,1259,472.40,472.40,472.40,472.40,0,CPA2026N
20220407,1259,469.35,469.35,469.35,469.35,0,CPA2026N
20220408,1259,472.65,472.65,472.65,472.65,0,CPA2026N
20220411,1259,465.70,465.70,465.70,465.70,0,CPA2026N
20220412,1259,473.30,473.30,473.30,473.30,0,CPA2026N
20220413,1259,472.70,472.70,472.70,472.70,0,CPA2026N
20220414,1259,472.65,472.65,472.65,472.65,0,CPA2026N
20220420,1259,466.05,466.05,466.05,466.05,0,CPA2026N
20220421,1259,470.75,470.75,470.75,470.75,0,CPA2026N
20220422,1259,459.75,459.75,459.75,459.75,0,CPA2026N
20220425,1259,447.85,447.85,447.85,447.85,0,CPA2026N
20220426,1259,446.90,446.90,446.90,446.90,0,CPA2026N
20220427,1259,447.70,447.70,447.70,447.70,0,CPA2026N
20220428,1259,443.40,443.40,443.40,443.40,0,CPA2026N
20220429,1259,440.95,440.95,440.95,440.95,0,CPA2026N
20220502,1259,427.95,427.95,427.95,427.95,0,CPA2026N
20220503,1259,429.85,429.85,429.85,429.85,0,CPA2026N
20220504,1259,434.80,434.80,434.80,434.80,0,CPA2026N
20220505,1259,430.75,430.75,430.75,430.75,0,CPA2026N
20220506,1259,430.10,430.10,430.10,430.10,0,CPA2026N
20220509,1259,422.50,422.50,422.50,422.50,0,CPA2026N
20220510,1259,419.30,419.30,419.30,419.30,0,CPA2026N
20220511,1259,423.95,423.95,423.95,423.95,0,CPA2026N
20220512,1259,413.50,413.50,413.50,413.50,0,CPA2026N
20220513,1259,420.25,420.25,420.25,420.25,0,CPA2026N
20220516,1259,421.55,421.55,421.55,421.55,0,CPA2026N
20220517,1259,426.35,426.35,426.35,426.35,0,CPA2026N
20220518,1259,420.20,420.20,420.20,420.20,0,CPA2026N
20220519,1259,429.10,429.10,429.10,429.10,0,CPA2026N
20220520,1259,429.40,429.40,429.40,429.40,0,CPA2026N
20220523,1259,436.10,436.10,436.10,436.10,0,CPA2026N
20220524,1259,433.25,433.25,433.25,433.25,0,CPA2026N
20220525,1259,429.60,429.60,429.60,429.6000,0,CPA2026N
20220526,1259,431.25,431.25,431.25,431.2500,0,CPA2026N
20220527,1259,436.10,436.10,436.10,436.1000,0,CPA2026N
20220531,1259,434.95,434.95,434.95,434.9500,0,CPA2026N
20220601,1259,437.55,437.55,437.55,437.5500,0,CPA2026N
20220602,1259,459.50,459.50,459.50,459.5000,0,CPA2026N
20220603,1259,452.35,452.35,452.35,452.3500,0,CPA2026N
20220606,1259,447.30,447.30,447.30,447.3000,0,CPA2026N
20220607,1259,447.60,447.60,447.60,447.6000,0,CPA2026N
20220608,1259,447.85,447.85,447.85,447.85,0,CPA2026N
20220609,1259,441.70,441.70,441.70,441.70,0,CPA2026N
20220610,1259,434.30,434.30,434.30,434.30,0,CPA2026N
20220613,1259,426.65,426.65,426.65,426.65,0,CPA2026N
20220614,1259,423.00,423.00,423.00,423.00,0,CPA2026N
20220615,1259,423.40,423.40,423.40,423.40,0,CPA2026N
20220616,1259,418.60,418.60,418.60,418.60,0,CPA2026N
20220617,1259,409.35,409.35,409.35,409.35,0,CPA2026N
20220621,1259,410.50,410.50,410.50,410.50,0,CPA2026N
20220622,1259,401.50,401.50,401.50,401.50,0,CPA2026N
20220623,1259,382.25,382.25,382.25,382.25,0,CPA2026N
20220624,1259,387.95,387.95,387.95,387.95,0,CPA2026N
20220627,1259,389.75,389.75,389.75,389.75,0,CPA2026N
20220628,1259,391.85,391.85,391.85,391.85,0,CPA2026N
20220629,1259,392.10,392.10,392.10,392.10,0,CPA2026N
20220630,1259,384.40,384.40,384.40,384.40,0,CPA2026N
20220701,1259,374.10,374.10,374.10,374.10,0,CPA2026N
20220705,1259,355.55,355.55,355.55,355.55,0,CPA2026N
20220706,1259,352.35,352.35,352.35,352.35,0,CPA2026N
20220707,1259,368.20,368.20,368.20,368.20,0,CPA2026N
20220708,1259,365.50,365.50,365.50,365.50,0,CPA2026N
20220711,1259,355.50,355.50,355.50,355.50,0,CPA2026N
20220712,1259,348.85,348.85,348.85,348.85,0,CPA2026N
20220713,1259,352.45,352.45,352.45,352.45,0,CPA2026N
20220714,1259,341.00,341.00,341.00,341.00,0,CPA2026N
20220715,1259,343.30,343.30,343.30,343.30,0,CPA2026N
20220718,1259,354.25,354.25,354.25,354.25,0,CPA2026N
20220719,1259,349.50,349.50,349.50,349.50,0,CPA2026N
20220720,1259,353.20,353.20,353.20,353.20,0,CPA2026N
20220721,1259,350.00,350.00,350.00,350.00,0,CPA2026N
20220722,1259,356.70,356.70,356.70,356.70,0,CPA2026N
20220725,1259,358.60,358.60,358.60,358.60,0,CPA2026N
20220726,1259,361.20,361.20,361.20,361.20,0,CPA2026N
20220727,1259,365.20,365.20,365.20,365.20,0,CPA2026N
20220728,1259,370.00,370.00,370.00,370.00,0,CPA2026N
20220729,1259,378.70,378.70,378.70,378.70,0,CPA2026N
20220801,1259,376.10,376.10,376.10,376.10,0,CPA2026N
20220802,1259,373.40,373.40,373.40,373.40,0,CPA2026N
20220803,1259,368.60,368.60,368.60,368.60,0,CPA2026N
20220804,1259,370.55,370.55,370.55,370.55,0,CPA2026N
20220805,1259,377.80,377.80,377.80,377.80,0,CPA2026N
20220808,1259,380.65,380.65,380.65,380.65,0,CPA2026N
20220809,1259,380.65,380.65,380.65,380.65,0,CPA2026N
20220810,1259,386.35,386.35,386.35,386.35,0,CPA2026N
20220811,1259,389.45,389.45,389.45,389.45,0,CPA2026N
20220812,1259,384.30,384.30,384.30,384.30,0,CPA2026N
20220815,1259,379.45,379.45,379.45,379.45,0,CPA2026N
20220816,1259,379.65,379.65,379.65,379.65,0,CPA2026N
20220817,1259,374.85,374.85,374.85,374.85,0,CPA2026N
20220818,1259,378.85,378.85,378.85,378.85,0,CPA2026N
20220819,1259,382.15,382.15,382.15,382.15,0,CPA2026N
20220822,1259,379.95,379.95,379.95,379.95,0,CPA2026N
20220823,1259,383.35,383.35,383.35,383.35,0,CPA2026N
20220824,1259,379.95,379.95,379.95,379.95,0,CPA2026N
20220825,1259,382.85,382.85,382.85,382.85,0,CPA2026N
20220826,1259,383.90,383.90,383.90,383.90,0,CPA2026N
20220829,1259,375.70,375.70,375.70,375.70,0,CPA2026N
20220830,1259,370.55,370.55,370.55,370.55,0,CPA2026N
20220831,1259,366.50,366.50,366.50,366.50,0,CPA2026N
20220901,1259,355.75,355.75,355.75,355.75,0,CPA2026N
20220902,1259,356.05,356.05,356.05,356.05,0,CPA2026N
20220906,1259,360.25,360.25,360.25,360.25,0,CPA2026N
20220907,1259,357.20,357.20,357.20,357.20,0,CPA2026N
20220908,1259,365.35,365.35,365.35,365.35,0,CPA2026N
20220909,1259,369.35,369.35,369.35,369.35,0,CPA2026N
20220912,1259,372.75,372.75,372.75,372.75,0,CPA2026N
20220913,1259,368.40,368.40,368.40,368.40,0,CPA2026N
20220914,1259,363.85,363.85,363.85,363.85,0,CPA2026N
20220915,1259,359.65,359.65,359.65,359.65,0,CPA2026N
20220916,1259,360.10,360.10,360.10,360.10,0,CPA2026N
20220919,1259,361.20,361.20,361.20,361.20,0,CPA2026N
20220920,1259,361.00,361.00,361.00,361.00,0,CPA2026N
20220921,1259,357.95,357.95,357.95,357.95,0,CPA2026N
20220922,1259,359.00,359.00,359.00,359.00,0,CPA2026N
20220923,1259,346.75,346.75,346.75,346.75,0,CPA2026N
20220926,1259,341.55,341.55,341.55,341.55,0,CPA2026N
20220927,1259,340.75,340.75,340.75,340.75,0,CPA2026N
20220928,1259,345.55,345.55,345.55,345.55,0,CPA2026N
20220929,1259,350.35,350.35,350.35,350.35,0,CPA2026N
20220930,1259,348.80,348.80,348.80,348.80,0,CPA2026N
20221003,1259,349.50,349.50,349.50,349.50,0,CPA2026N
20221004,1259,357.35,357.35,357.35,357.35,0,CPA2026N
20221005,1259,359.90,359.90,359.90,359.90,0,CPA2026N
20221006,1259,354.50,354.50,354.50,354.50,0,CPA2026N
20221007,1259,349.35,349.35,349.35,349.35,0,CPA2026N
20221010,1259,353.95,353.95,353.95,353.95,0,CPA2026N
20221011,1259,357.70,357.70,357.70,357.70,0,CPA2026N
20221012,1259,353.65,353.65,353.65,353.65,0,CPA2026N
20221013,1259,354.20,354.20,354.20,354.20,0,CPA2026N
20221014,1259,351.45,351.45,351.45,351.45,0,CPA2026N
20221017,1259,352.00,352.00,352.00,352.00,0,CPA2026N
20221018,1259,348.50,348.50,348.50,348.50,0,CPA2026N
20221019,1259,345.10,345.10,345.10,345.10,0,CPA2026N
20221020,1259,353.45,353.45,353.45,353.45,0,CPA2026N
20221021,1259,358.10,358.10,358.10,358.10,0,CPA2026N
20221024,1259,354.65,354.65,354.65,354.65,0,CPA2026N
20221025,1259,351.55,351.55,351.55,351.55,0,CPA2026N
20221026,1259,364.30,364.30,364.30,364.30,0,CPA2026N
20221027,1259,362.35,362.35,362.35,362.35,0,CPA2026N
20221028,1259,353.75,353.75,353.75,353.75,0,CPA2026N
20221031,1259,348.30,348.30,348.30,348.30,0,CPA2026N
20221101,1259,354.85,354.85,354.85,354.85,0,CPA2026N
20221102,1259,355.30,355.30,355.30,355.30,0,CPA2026N
20221103,1259,352.35,352.35,352.35,352.35,0,CPA2026N
20221104,1259,377.10,377.10,377.10,377.10,0,CPA2026N
20221107,1259,370.85,370.85,370.85,370.85,0,CPA2026N
20221108,1259,378.20,378.20,378.20,378.20,0,CPA2026N
20221109,1259,379.05,379.05,379.05,379.05,0,CPA2026N
20221110,1259,381.45,381.45,381.45,381.45,0,CPA2026N
20221111,1259,396.75,396.75,396.75,396.75,0,CPA2026N
20221114,1259,390.55,390.55,390.55,390.55,0,CPA2026N
20221115,1259,390.60,390.60,390.60,390.60,0,CPA2026N
20221116,1259,386.15,386.15,386.15,386.15,0,CPA2026N
20221117,1259,380.35,380.35,380.35,380.35,0,CPA2026N
20221118,1259,375.40,375.40,375.40,375.40,0,CPA2026N
20221121,1259,368.85,368.85,368.85,368.85,0,CPA2026N
20221122,1259,372.20,372.20,372.20,372.20,0,CPA2026N
20221123,1259,372.30,372.30,372.30,372.30,0,CPA2026N
20221125,1159,373.45,373.45,373.45,373.45,0,CPA2026N
20221128,1259,370.90,370.90,370.90,370.90,0,CPA2026N
20221129,1259,373.60,373.60,373.60,373.60,0,CPA2026N
20221130,1259,382.55,382.55,382.55,382.55,0,CPA2026N
20221201,1259,390.95,390.95,390.95,390.95,0,CPA2026N
20221202,1259,393.85,393.85,393.85,393.85,0,CPA2026N
20221205,1259,389.90,389.90,389.90,389.90,0,CPA2026N
20221206,1259,392.40,392.40,392.40,392.40,0,CPA2026N
20221207,1259,386.60,386.60,386.60,386.60,0,CPA2026N
20221208,1259,387.60,387.60,387.60,387.60,0,CPA2026N
20221209,1259,388.95,388.95,388.95,388.95,0,CPA2026N
20221212,1259,382.35,382.35,382.35,382.35,0,CPA2026N
20221213,1259,385.30,385.30,385.30,385.30,0,CPA2026N
20221214,1259,388.90,388.90,388.90,388.90,0,CPA2026N
20221215,1259,378.80,378.80,378.80,378.80,0,CPA2026N
20221216,1259,378.70,378.70,378.70,378.70,0,CPA2026N
20221219,1259,380.25,380.25,380.25,380.25,0,CPA2026N
20221220,1259,381.50,381.50,381.50,381.50,0,CPA2026N
20221221,1259,381.80,381.80,381.80,381.80,0,CPA2026N
20221222,1259,377.25,377.25,377.25,377.25,0,CPA2026N
20221223,1259,382.20,382.20,382.20,382.20,0,CPA2026N
20221227,1259,386.55,386.55,386.55,386.55,0,CPA2026N
20221228,1259,386.95,386.95,386.95,386.95,0,CPA2026N
20221229,1259,384.25,384.25,384.25,384.25,0,CPA2026N
20221230,1259,382.15,382.15,382.15,382.15,0,CPA2026N
20230103,1259,379.45,379.45,379.45,379.45,0,CPA2026N
20230104,1259,377.20,377.20,377.20,377.20,0,CPA2026N
20230105,1259,384.05,384.05,384.05,384.05,0,CPA2026N
20230106,1259,392.05,392.05,392.05,392.05,0,CPA2026N
20230109,1259,403.90,403.90,403.90,403.90,0,CPA2026N
20230110,1259,408.80,408.80,408.80,408.80,0,CPA2026N
20230111,1259,417.30,417.30,417.30,417.30,0,CPA2026N
20230112,1259,420.95,420.95,420.95,420.95,0,CPA2026N
20230113,1259,422.90,422.90,422.90,422.90,0,CPA2026N
20230117,1259,423.35,423.35,423.35,423.35,0,CPA2026N
20230118,1259,424.10,424.10,424.10,424.10,0,CPA2026N
20230119,1259,423.65,423.65,423.65,423.65,0,CPA2026N
20230120,1259,425.50,425.50,425.50,425.50,0,CPA2026N
20230123,1259,427.75,427.75,427.75,427.75,0,CPA2026N
20230124,1259,426.65,426.65,426.65,426.65,0,CPA2026N
20230125,1259,426.75,426.75,426.75,426.75,0,CPA2026N
20230126,1259,427.95,427.95,427.95,427.95,0,CPA2026N
20230127,1259,423.70,423.70,423.70,423.70,0,CPA2026N
20230130,1259,422.30,422.30,422.30,422.30,0,CPA2026N
20230131,1259,424.30,424.30,424.30,424.30,0,CPA2026N
20230201,1259,413.90,413.90,413.90,413.90,0,CPA2026N
20230202,1259,412.95,412.95,412.95,412.95,0,CPA2026N
20230203,1259,409.90,409.90,409.90,409.90,0,CPA2026N
20230206,1259,408.75,408.75,408.75,408.75,0,CPA2026N
20230207,1259,410.25,410.25,410.25,410.25,0,CPA2026N
20230208,1259,404.25,404.25,404.25,404.25,0,CPA2026N
20230209,1259,410.00,410.00,410.00,410.00,0,CPA2026N
20230210,1259,403.75,403.75,403.75,403.75,0,CPA2026N
20230213,1259,408.20,408.20,408.20,408.20,0,CPA2026N
20230214,1259,409.75,409.75,409.75,409.75,0,CPA2026N
20230215,1259,402.45,402.45,402.45,402.45,0,CPA2026N
20230216,1259,412.00,412.00,412.00,412.00,0,CPA2026N
20230217,1259,410.80,410.80,410.80,410.80,0,CPA2026N
20230221,1259,419.75,419.75,419.75,419.75,0,CPA2026N
20230222,1259,417.25,417.25,417.25,417.25,0,CPA2026N
20230223,1259,405.40,405.40,405.40,405.40,0,CPA2026N
20230224,1259,396.60,396.60,396.60,396.60,0,CPA2026N
20230227,1259,402.05,402.05,402.05,402.05,0,CPA2026N
20230228,1259,409.75,409.75,409.75,409.75,0,CPA2026N
20230301,1259,415.45,415.45,415.45,415.45,0,CPA2026N
20230302,1259,408.75,408.75,408.75,408.75,0,CPA2026N
20230303,1259,408.05,408.05,408.05,408.05,0,CPA2026N
20230306,1259,410.60,410.60,410.60,410.60,0,CPA2026N
20230307,1259,399.75,399.75,399.75,399.75,0,CPA2026N
20230308,1259,404.50,404.50,404.50,404.50,0,CPA2026N
20230309,1259,405.25,405.25,405.25,405.25,0,CPA2026N
20230310,1259,405.55,405.55,405.55,405.55,0,CPA2026N
20230313,1259,407.85,407.85,407.85,407.85,0,CPA2026N
20230314,1259,403.45,403.45,403.45,403.45,0,CPA2026N
20230315,1259,388.75,388.75,388.75,388.75,0,CPA2026N
20230316,1259,390.10,390.10,390.10,390.10,0,CPA2026N
20230317,1259,392.20,392.20,392.20,392.20,0,CPA2026N
20230320,1259,397.85,397.85,397.85,397.85,0,CPA2026N
20230321,1259,401.35,401.35,401.35,401.35,0,CPA2026N
20230322,1259,404.70,404.70,404.70,404.70,0,CPA2026N
20230323,1259,411.05,411.05,411.05,411.05,0,CPA2026N
20230324,1259,408.70,408.70,408.70,408.70,0,CPA2026N
20230327,1259,409.95,409.95,409.95,409.95,0,CPA2026N
20230328,1259,410.25,410.25,410.25,410.25,0,CPA2026N
20230329,1259,409.50,409.50,409.50,409.50,0,CPA2026N
20230330,1259,410.50,410.50,410.50,410.50,0,CPA2026N
20230331,1259,410.65,410.65,410.65,410.65,0,CPA2026N
20230403,1259,406.45,406.45,406.45,406.45,0,CPA2026N
20230404,1259,399.15,399.15,399.15,399.15,0,CPA2026N
20230405,1259,399.45,399.45,399.45,399.45,0,CPA2026N
20230406,1259,402.40,402.40,402.40,402.40,0,CPA2026N
20230410,1259,399.70,399.70,399.70,399.70,0,CPA2026N
20230411,1259,403.35,403.35,403.35,403.35,0,CPA2026N
20230412,1259,407.70,407.70,407.70,407.70,0,CPA2026N
20230413,1259,411.05,411.05,411.05,411.05,0,CPA2026N
20230414,1259,410.05,410.05,410.05,410.05,0,CPA2026N
20230417,1259,407.30,407.30,407.30,407.30,0,CPA2026N
20230418,1259,410.15,410.15,410.15,410.15,0,CPA2026N
20230419,1259,408.75,408.75,408.75,408.75,0,CPA2026N
20230420,1259,404.45,404.45,404.45,404.45,0,CPA2026N
20230421,1259,400.80,400.80,400.80,400.80,0,CPA2026N
20230424,1259,399.15,399.15,399.15,399.15,0,CPA2026N
20230425,1259,389.10,389.10,389.10,389.10,0,CPA2026N
20230426,1259,388.45,388.45,388.45,388.45,0,CPA2026N
20230427,1259,390.40,390.40,390.40,390.40,0,CPA2026N
20230428,1259,392.05,392.05,392.05,392.05,0,CPA2026N
20230501,1259,396.65,396.65,396.65,396.65,0,CPA2026N
20230502,1259,390.10,390.10,390.10,390.10,0,CPA2026N
20230503,1259,388.60,388.60,388.60,388.60,0,CPA2026N
20230504,1259,391.25,391.25,391.25,391.25,0,CPA2026N
20230505,1259,393.10,393.10,393.10,393.10,0,CPA2026N
20230508,1259,398.25,398.25,398.25,398.25,0,CPA2026N
20230509,1259,395.95,395.95,395.95,395.95,0,CPA2026N
20230510,1259,390.95,390.95,390.95,390.95,0,CPA2026N
20230511,1259,377.55,377.55,377.55,377.55,0,CPA2026N
20230512,1259,379.05,379.05,379.05,379.05,0,CPA2026N
20230515,1259,381.60,381.60,381.60,381.60,0,CPA2026N
20230516,1259,374.15,374.15,374.15,374.15,0,CPA2026N
20230517,1259,382.70,382.70,382.70,382.70,0,CPA2026N
20230518,1259,377.75,377.75,377.75,377.75,0,CPA2026N
20230519,1259,381.40,381.40,381.40,381.40,0,CPA2026N
20230522,1259,377.90,377.90,377.90,377.90,0,CPA2026N
20230523,1259,375.20,375.20,375.20,375.20,0,CPA2026N
20230524,1259,366.85,366.85,366.85,366.85,0,CPA2026N
20230525,1259,369.00,369.00,369.00,369.00,0,CPA2026N
20230526,1259,377.30,377.30,377.30,377.30,0,CPA2026N
20230530,1259,376.35,376.35,376.35,376.35,0,CPA2026N
20230531,1259,374.05,374.05,374.05,374.05,0,CPA2026N
20230601,1259,380.60,380.60,380.60,380.60,0,CPA2026N
20230602,1259,381.95,381.95,381.95,381.95,0,CPA2026N
20230605,1259,384.90,384.90,384.90,384.90,0,CPA2026N
20230606,1259,383.90,383.90,383.90,383.90,0,CPA2026N
20230607,1259,380.55,380.55,380.55,380.55,0,CPA2026N
20230608,1259,384.95,384.95,384.95,384.95,0,CPA2026N
20230609,1259,385.30,385.30,385.30,385.30,0,CPA2026N
20230612,1259,382.65,382.65,382.65,382.65,0,CPA2026N
20230613,1259,388.20,388.20,388.20,388.20,0,CPA2026N
20230614,1259,390.50,390.50,390.50,390.50,0,CPA2026N
20230615,1259,393.10,393.10,393.10,393.10,0,CPA2026N
20230616,1259,394.10,394.10,394.10,394.10,0,CPA2026N
20230620,1259,391.70,391.70,391.70,391.70,0,CPA2026N
20230621,1259,392.80,392.80,392.80,392.80,0,CPA2026N
20230622,1259,393.30,393.30,393.30,393.30,0,CPA2026N
20230623,1259,385.80,385.80,385.80,385.80,0,CPA2026N
20230626,1259,384.65,384.65,384.65,384.65,0,CPA2026N
20230627,1259,382.45,382.45,382.45,382.45,0,CPA2026N
20230628,1259,379.00,379.00,379.00,379.00,0,CPA2026N
20230629,1259,374.50,374.50,374.50,374.50,0,CPA2026N
20230630,1259,381.15,381.15,381.15,381.15,0,CPA2026N
20230703,1259,384.30,384.30,384.30,384.30,0,CPA2026N
20230705,1259,382.80,382.80,382.80,382.80,0,CPA2026N
20230706,1259,381.75,381.75,381.75,381.75,0,CPA2026N
20230707,1259,385.90,385.90,385.90,385.90,0,CPA2026N
20230710,1259,386.65,386.65,386.65,386.65,0,CPA2026N
20230711,1259,385.45,385.45,385.45,385.45,0,CPA2026N
20230712,1259,393.00,393.00,393.00,393.00,0,CPA2026N
20230713,1259,400.50,400.50,400.50,400.50,0,CPA2026N
20230714,1259,400.20,400.20,400.20,400.20,0,CPA2026N
20230717,1259,391.90,391.90,391.90,391.90,0,CPA2026N
20230718,1259,390.80,390.80,390.80,390.80,0,CPA2026N
20230719,1259,388.75,388.75,388.75,388.75,0,CPA2026N
20230720,1259,391.55,391.55,391.55,391.55,0,CPA2026N
20230721,1259,390.90,390.90,390.90,390.90,0,CPA2026N
20230724,1259,394.45,394.45,394.45,394.45,0,CPA2026N
20230725,1259,399.70,399.70,399.70,399.70,0,CPA2026N
20230726,1259,398.30,398.30,398.30,398.30,0,CPA2026N
20230727,1259,396.55,396.55,396.55,396.55,0,CPA2026N
20230728,1259,401.15,401.15,401.15,401.15,0,CPA2026N
20230731,1259,408.00,408.00,408.00,408.00,0,CPA2026N
20230801,1259,399.65,399.65,399.65,399.65,0,CPA2026N
20230802,1259,394.35,394.35,394.35,394.35,0,CPA2026N
20230803,1259,400.60,400.60,400.60,400.60,0,CPA2026N
20230804,1259,397.70,397.70,397.70,397.70,0,CPA2026N
20230807,1259,395.45,395.45,395.45,395.45,0,CPA2026N
20230808,1259,388.70,388.70,388.70,388.70,0,CPA2026N
20230809,1259,389.45,389.45,389.45,389.45,0,CPA2026N
20230810,1259,388.60,388.60,388.60,388.60,0,CPA2026N
20230811,1259,385.50,385.50,385.50,385.50,0,CPA2026N
20230814,1259,384.85,384.85,384.85,384.85,0,CPA2026N
20230815,1259,382.05,382.05,382.05,382.05,0,CPA2026N
20230816,1259,380.65,380.65,380.65,380.65,0,CPA2026N
20230817,1259,383.40,383.40,383.40,383.40,0,CPA2026N
20230818,1259,383.35,383.35,383.35,383.35,0,CPA2026N
20230821,1259,385.05,385.05,385.05,385.05,0,CPA2026N
20230822,1259,388.40,388.40,388.40,388.40,0,CPA2026N
20230823,1259,392.80,392.80,392.80,392.80,0,CPA2026N
20230824,1259,389.30,389.30,389.30,389.30,0,CPA2026N
20230825,1259,388.25,388.25,388.25,388.25,0,CPA2026N
20230828,1259,389.40,389.40,389.40,389.40,0,CPA2026N
20230829,1259,394.25,394.25,394.25,394.25,0,CPA2026N
20230830,1259,394.75,394.75,394.75,394.75,0,CPA2026N
20230831,1259,392.85,392.85,392.85,392.85,0,CPA2026N
20230901,1259,395.40,395.40,395.40,395.40,0,CPA2026N
20230905,1259,394.70,394.70,394.70,394.70,0,CPA2026N
20230906,1259,389.65,389.65,389.65,389.65,0,CPA2026N
20230907,1259,387.45,387.45,387.45,387.45,0,CPA2026N
20230908,1259,383.30,383.30,383.30,383.30,0,CPA2026N
20230911,1259,392.10,392.10,392.10,392.10,0,CPA2026N
20230912,1259,390.70,390.70,390.70,390.70,0,CPA2026N
20230913,1259,390.55,390.55,390.55,390.55,0,CPA2026N
20230914,1259,390.70,390.70,390.70,390.70,0,CPA2026N
20230915,1259,389.80,389.80,389.80,389.80,0,CPA2026N
20230918,1259,388.35,388.35,388.35,388.35,0,CPA2026N
20230919,1259,385.45,385.45,385.45,385.45,0,CPA2026N
20230920,1259,388.25,388.25,388.25,388.25,0,CPA2026N
20230921,1259,381.75,381.75,381.75,381.75,0,CPA2026N
20230922,1259,382.65,382.65,382.65,382.65,0,CPA2026N
20230925,1259,381.00,381.00,381.00,381.00,0,CPA2026N
20230926,1259,378.45,378.45,378.45,378.45,0,CPA2026N
20230927,1259,376.75,376.75,376.75,376.75,0,CPA2026N
20230928,1259,382.15,382.15,382.15,382.15,0,CPA2026N
20230929,1259,385.95,385.95,385.95,385.95,0,CPA2026N
20231002,1259,377.45,377.45,377.45,377.45,0,CPA2026N
20231003,1259,374.85,374.85,374.85,374.85,0,CPA2026N
20231004,1259,371.70,371.70,371.70,371.70,0,CPA2026N
20231005,1259,368.00,368.00,368.00,368.00,0,CPA2026N
20231006,1259,375.05,375.05,375.05,375.05,0,CPA2026N
20231009,1259,377.25,377.25,377.25,377.25,0,CPA2026N
20231010,1259,374.70,374.70,374.70,374.70,0,CPA2026N
20231011,1259,374.40,374.40,374.40,374.40,0,CPA2026N
20231012,1259,374.35,374.35,374.35,374.35,0,CPA2026N
20231013,1259,372.45,372.45,372.45,372.45,0,CPA2026N
20231016,1259,375.25,375.25,375.25,375.25,0,CPA2026N
20231017,1259,375.30,375.30,375.30,375.30,0,CPA2026N
20231018,1259,374.50,374.50,374.50,374.50,0,CPA2026N
20231019,1259,375.25,375.25,375.25,375.25,0,CPA2026N
20231020,1259,373.30,373.30,373.30,373.30,0,CPA2026N
20231023,1259,373.65,373.65,373.65,373.65,0,CPA2026N
20231024,1259,374.25,374.25,374.25,374.25,0,CPA2026N
20231025,1259,372.45,372.45,372.45,372.45,0,CPA2026N
20231026,1259,374.45,374.45,374.45,374.45,0,CPA2026N
20231027,1259,379.85,379.85,379.85,379.85,0,CPA2026N
20231030,1259,381.10,381.10,381.10,381.10,0,CPA2026N
20231031,1259,380.30,380.30,380.30,380.30,0,CPA2026N
20231101,1259,381.50,381.50,381.50,381.50,0,CPA2026N
20231102,1259,384.00,384.00,384.00,384.00,0,CPA2026N
20231103,1259,384.75,384.75,384.75,384.75,0,CPA2026N
20231106,1259,388.80,388.80,388.80,388.80,0,CPA2026N
20231107,1259,386.90,386.90,386.90,386.90,0,CPA2026N
20231108,1259,383.45,383.45,383.45,383.45,0,CPA2026N
20231109,1259,383.55,383.55,383.55,383.55,0,CPA2026N
20231110,1259,380.75,380.75,380.75,380.75,0,CPA2026N
20231113,1259,386.55,386.55,386.55,386.55,0,CPA2026N
20231114,1259,388.65,388.65,388.65,388.65,0,CPA2026N
20231115,1259,392.10,392.10,392.10,392.10,0,CPA2026N
20231116,1259,390.35,390.35,390.35,390.35,0,CPA2026N
20231117,1259,393.65,393.65,393.65,393.65,0,CPA2026N
20231120,1259,400.40,400.40,400.40,400.40,0,CPA2026N
20231121,1259,402.00,402.00,402.00,402.00,0,CPA2026N
20231122,1259,396.90,396.90,396.90,396.90,0,CPA2026N
20231124,1159,400.15,400.15,400.15,400.15,0,CPA2026N
20231127,1259,397.45,397.45,397.45,397.45,0,CPA2026N
20231128,1259,400.30,400.30,400.30,400.30,0,CPA2026N
20231129,1259,398.85,398.85,398.85,398.85,0,CPA2026N
20231130,1259,400.80,400.80,400.80,400.80,0,CPA2026N
20231201,1259,407.35,407.35,407.35,407.35,0,CPA2026N
20231204,1259,400.00,400.00,400.00,400.00,0,CPA2026N
20231205,1259,394.05,394.05,394.05,394.05,0,CPA2026N
20231206,1259,389.55,389.55,389.55,389.55,0,CPA2026N
20231207,1259,395.25,395.25,395.25,395.25,0,CPA2026N
20231208,1259,396.75,396.75,396.75,396.75,0,CPA2026N
20231211,1259,392.35,392.35,392.35,392.35,0,CPA2026N
20231212,1259,391.35,391.35,391.35,391.35,0,CPA2026N
20231213,1259,390.40,390.40,390.40,390.40,0,CPA2026N
20231214,1259,399.25,399.25,399.25,399.25,0,CPA2026N
20231215,1259,398.25,398.25,398.25,398.25,0,CPA2026N
20231218,1259,394.90,394.90,394.90,394.90,0,CPA2026N
20231219,1259,398.35,398.35,398.35,398.35,0,CPA2026N
20231220,1259,398.95,398.95,398.95,398.95,0,CPA2026N
20231221,1259,400.35,400.35,400.35,400.35,0,CPA2026N
20231222,1259,399.15,399.15,399.15,399.15,0,CPA2026N
20231226,1259,399.65,399.65,399.65,399.65,0,CPA2026N
20231227,1259,404.55,404.55,404.55,404.55,0,CPA2026N
20231228,1259,401.15,401.15,401.15,401.15,0,CPA2026N
20231229,1259,398.05,398.05,398.05,398.05,0,CPA2026N
20240102,1259,397.10,397.10,397.10,397.10,0,CPA2026N
20240103,1259,395.00,395.00,395.00,395.00,0,CPA2026N
20240104,1259,393.05,393.05,393.05,393.05,0,CPA2026N
20240105,1259,390.70,390.70,390.70,390.70,0,CPA2026N
20240108,1259,392.25,392.25,392.25,392.25,0,CPA2026N
20240109,1259,388.20,388.20,388.20,388.20,0,CPA2026N
20240110,1259,389.50,389.50,389.50,389.50,0,CPA2026N
20240111,1259,387.70,387.70,387.70,387.70,0,CPA2026N
20240112,1259,384.85,384.85,384.85,384.85,0,CPA2026N
20240116,1259,387.00,387.00,387.00,387.00,0,CPA2026N
20240117,1259,383.60,383.60,383.60,383.60,0,CPA2026N
20240118,1259,385.05,385.05,385.05,385.05,0,CPA2026N
20240119,1259,388.70,388.70,388.70,388.70,0,CPA2026N
20240122,1259,387.00,387.00,387.00,387.00,0,CPA2026N
20240123,1259,389.20,389.20,389.20,389.20,0,CPA2026N
20240124,1259,397.55,397.55,397.55,397.55,0,CPA2026N
20240125,1259,397.05,397.05,397.05,397.05,0,CPA2026N
20240126,1259,395.80,395.80,395.80,395.80,0,CPA2026N
20240129,1259,398.20,398.20,398.20,398.20,0,CPA2026N
20240130,1259,399.80,399.80,399.80,399.80,0,CPA2026N
20240131,1259,399.25,399.25,399.25,399.25,0,CPA2026N
20240201,1259,394.95,394.95,394.95,394.95,0,CPA2026N
20240202,1259,393.10,393.10,393.10,393.10,0,CPA2026N
20240205,1259,389.25,389.25,389.25,389.25,0,CPA2026N
20240206,1259,389.95,389.95,389.95,389.95,0,CPA2026N
20240207,1259,386.20,386.20,386.20,386.20,0,CPA2026N
20240208,1259,382.30,382.30,382.30,382.30,0,CPA2026N
20240209,1259,380.00,380.00,380.00,380.00,0,CPA2026N
20240212,1259,383.55,383.55,383.55,383.55,0,CPA2026N
20240213,1259,381.95,381.95,381.95,381.95,0,CPA2026N
20240214,1259,379.60,379.60,379.60,379.60,0,CPA2026N
20240215,1259,383.95,383.95,383.95,383.95,0,CPA2026N
20240216,1259,391.75,391.75,391.75,391.75,0,CPA2026N
20240220,1259,393.70,393.70,393.70,393.70,0,CPA2026N
20240221,1259,394.90,394.90,394.90,394.90,0,CPA2026N
20240222,1259,398.05,398.05,398.05,398.05,0,CPA2026N
20240223,1259,397.25,397.25,397.25,397.25,0,CPA2026N
20240226,1259,390.15,390.15,390.15,390.15,0,CPA2026N
20240227,1259,392.35,392.35,392.35,392.35,0,CPA2026N
20240228,1259,390.65,390.65,390.65,390.65,0,CPA2026N
20240229,1259,391.05,391.05,391.05,391.05,0,CPA2026N
20240301,1259,392.75,392.75,392.75,392.75,0,CPA2026N
20240304,1259,392.65,392.65,392.65,392.65,0,CPA2026N
20240305,1259,391.80,391.80,391.80,391.80,0,CPA2026N
20240306,1259,394.35,394.35,394.35,394.35,0,CPA2026N
20240307,1259,399.15,399.15,399.15,399.15,0,CPA2026N
20240308,1259,396.10,396.10,396.10,396.10,0,CPA2026N
20240311,1259,399.50,399.50,399.50,399.50,0,CPA2026N
20240312,1259,399.85,399.85,399.85,399.85,0,CPA2026N
20240313,1259,410.85,410.85,410.85,410.85,0,CPA2026N
20240314,1259,410.80,410.80,410.80,410.80,0,CPA2026N
20240315,1259,419.10,419.10,419.10,419.10,0,CPA2026N
20240318,1259,419.70,419.70,419.70,419.70,0,CPA2026N
20240319,1259,415.05,415.05,415.05,415.05,0,CPA2026N
20240320,1259,413.15,413.15,413.15,413.15,0,CPA2026N
20240321,1259,415.30,415.30,415.30,415.30,0,CPA2026N
20240322,1259,410.50,410.50,410.50,410.50,0,CPA2026N
20240325,1259,412.00,412.00,412.00,412.00,0,CPA2026N
20240326,1259,411.50,411.50,411.50,411.50,0,CPA2026N
20240327,1259,411.00,411.00,411.00,411.00,0,CPA2026N
20240328,1259,412.35,412.35,412.35,412.35,0,CPA2026N
20240401,1259,416.60,416.60,416.60,416.60,0,CPA2026N
20240402,1259,419.10,419.10,419.10,419.10,0,CPA2026N
20240403,1259,431.85,431.85,431.85,431.85,0,CPA2026N
20240404,1259,437.10,437.10,437.10,437.10,0,CPA2026N
20240405,1259,435.95,435.95,435.95,435.95,0,CPA2026N
20240408,1259,438.95,438.95,438.95,438.95,0,CPA2026N
20240409,1259,439.65,439.65,439.65,439.65,0,CPA2026N
20240410,1259,438.65,438.65,438.65,438.65,0,CPA2026N
20240411,1259,437.45,437.45,437.45,437.45,0,CPA2026N
20240412,1259,437.95,437.95,437.95,437.95,0,CPA2026N
20240415,1259,445.50,445.50,445.50,445.50,0,CPA2026N
20240416,1259,438.35,438.35,438.35,438.35,0,CPA2026N
20240417,1259,440.30,440.30,440.30,440.30,0,CPA2026N
20240418,1259,450.85,450.85,450.85,450.85,0,CPA2026N
20240419,1259,456.25,456.25,456.25,456.25,0,CPA2026N
20240422,1259,454.35,454.35,454.35,454.35,0,CPA2026N
20240423,1259,449.60,449.60,449.60,449.60,0,CPA2026N
20240424,1259,451.75,451.75,451.75,451.75,0,CPA2026N
20240425,1259,457.15,457.15,457.15,457.15,0,CPA2026N
20240426,1259,461.75,461.75,461.75,461.75,0,CPA2026N
20240429,1259,470.20,470.20,470.20,470.20,0,CPA2026N
20240430,1259,459.95,459.95,459.95,459.95,0,CPA2026N
20240501,1259,457.25,457.25,457.25,457.25,0,CPA2026N
20240502,1259,451.80,451.80,451.80,451.80,0,CPA2026N
20240503,1259,458.70,458.70,458.70,458.70,0,CPA2026N
20240506,1259,464.10,464.10,464.10,464.10,0,CPA2026N
20240507,1259,463.80,463.80,463.80,463.80,0,CPA2026N
20240508,1259,458.25,458.25,458.25,458.25,0,CPA2026N
20240509,1259,460.15,460.15,460.15,460.15,0,CPA2026N
20240510,1259,461.40,461.40,461.40,461.40,0,CPA2026N
20240513,1259,467.75,467.75,467.75,467.75,0,CPA2026N
20240514,1259,460.55,460.55,460.55,460.55,0,CPA2026N
20240515,1259,468.65,468.65,468.65,468.65,0,CPA2026N
20240516,1259,473.30,473.30,473.30,473.30,0,CPA2026N
20240517,1259,487.05,487.05,487.05,487.05,0,CPA2026N
20240520,1259,495.10,495.10,495.10,495.10,0,CPA2026N
20240521,1259,495.25,495.25,495.25,495.25,0,CPA2026N
20240522,1259,476.40,476.40,476.40,476.40,0,CPA2026N
20240523,1259,474.35,474.35,474.35,474.35,0,CPA2026N
20240524,1259,472.70,472.70,472.70,472.70,0,CPA2026N
20240528,1259,483.40,483.40,483.40,483.40,0,CPA2026N
20240529,1259,479.85,479.85,479.85,479.85,0,CPA2026N
20240530,1259,466.65,466.65,466.65,466.65,0,CPA2026N
20240531,1259,464.15,464.15,464.15,464.15,0,CPA2026N
20240603,1259,468.95,468.95,468.95,468.95,0,CPA2026N
20240604,1259,456.35,456.35,456.35,456.35,0,CPA2026N
20240605,1259,458.55,458.55,458.55,458.55,0,CPA2026N
20240606,1259,466.70,466.70,466.70,466.70,0,CPA2026N
20240607,1259,451.95,451.95,451.95,451.95,0,CPA2026N
20240610,1259,457.70,457.70,457.70,457.70,0,CPA2026N
20240611,1259,451.75,451.75,451.75,451.75,0,CPA2026N
20240612,1259,458.05,458.05,458.05,458.05,0,CPA2026N
20240613,1259,451.50,451.50,451.50,451.50,0,CPA2026N
20240614,1259,450.90,450.90,450.90,450.90,0,CPA2026N
20240617,1259,447.25,447.25,447.25,447.25,0,CPA2026N
20240618,1259,449.95,449.95,449.95,449.95,0,CPA2026N
20240620,1259,456.15,456.15,456.15,456.15,0,CPA2026N
20240621,1259,448.35,448.35,448.35,448.35,0,CPA2026N
20240624,1259,447.30,447.30,447.30,447.30,0,CPA2026N
20240625,1259,443.80,443.80,443.80,443.80,0,CPA2026N
20240626,1259,443.95,443.95,443.95,443.95,0,CPA2026N
20240627,1259,442.95,442.95,442.95,442.95,0,CPA2026N
20240628,1259,446.80,446.80,446.80,446.80,0,CPA2026N
20240701,1259,449.30,449.30,449.30,449.30,0,CPA2026N
20240702,1259,448.65,448.65,448.65,448.65,0,CPA2026N
20240703,1259,458.55,458.55,458.55,458.55,0,CPA2026N
20240705,1259,465.30,465.30,465.30,465.30,0,CPA2026N
20240708,1259,464.05,464.05,464.05,464.05,0,CPA2026N
20240709,1259,460.75,460.75,460.75,460.75,0,CPA2026N
20240710,1259,461.60,461.60,461.60,461.60,0,CPA2026N
20240711,1259,458.10,458.10,458.10,458.10,0,CPA2026N
20240712,1259,463.85,463.85,463.85,463.85,0,CPA2026N
20240715,1259,460.05,460.05,460.05,460.05,0,CPA2026N
20240716,1259,454.00,454.00,454.00,454.00,0,CPA2026N
20240717,1259,452.10,452.10,452.10,452.10,0,CPA2026N
20240718,1259,441.20,441.20,441.20,441.20,0,CPA2026N
20240719,1259,438.70,438.70,438.70,438.70,0,CPA2026N
20240722,1259,435.20,435.20,435.20,435.20,0,CPA2026N
20240723,1259,430.75,430.75,430.75,430.75,0,CPA2026N
20240724,1259,427.50,427.50,427.50,427.50,0,CPA2026N
20240725,1259,429.00,429.00,429.00,429.00,0,CPA2026N
20240726,1259,430.30,430.30,430.30,430.30,0,CPA2026N
20240729,1259,426.75,426.75,426.75,426.75,0,CPA2026N
20240730,1259,427.10,427.10,427.10,427.10,0,CPA2026N
20240731,1259,435.45,435.45,435.45,435.45,0,CPA2026N
20240801,1259,427.55,427.55,427.55,427.55,0,CPA2026N
20240802,1259,429.40,429.40,429.40,429.40,0,CPA2026N
20240805,1259,418.65,418.65,418.65,418.65,0,CPA2026N
20240806,1259,421.15,421.15,421.15,421.15,0,CPA2026N
20240807,1259,415.95,415.95,415.95,415.95,0,CPA2026N
20240808,1259,415.90,415.90,415.90,415.90,0,CPA2026N
20240809,1259,418.60,418.60,418.60,418.60,0,CPA2026N
20240812,1259,425.60,425.60,425.60,425.60,0,CPA2026N
20240813,1259,423.65,423.65,423.65,423.65,0,CPA2026N
20240814,1259,422.45,422.45,422.45,422.45,0,CPA2026N
20240815,1259,430.65,430.65,430.65,430.65,0,CPA2026N
20240816,1259,432.45,432.45,432.45,432.45,0,CPA2026N
20240819,1259,435.95,435.95,435.95,435.95,0,CPA2026N
20240820,1259,433.95,433.95,433.95,433.95,0,CPA2026N
20240821,1259,435.45,435.45,435.45,435.45,0,CPA2026N
20240822,1259,432.45,432.45,432.45,432.45,0,CPA2026N
20240823,1259,437.70,437.70,437.70,437.70,0,CPA2026N
20240826,1259,441.85,441.85,441.85,441.85,0,CPA2026N
20240827,1259,444.40,444.40,444.40,444.40,0,CPA2026N
20240828,1259,437.10,437.10,437.10,437.10,0,CPA2026N
20240829,1259,438.05,438.05,438.05,438.05,0,CPA2026N
20240830,1259,436.80,436.80,436.80,436.80,0,CPA2026N
20240903,1259,424.00,424.00,424.00,424.00,0,CPA2026N
20240904,1259,423.05,423.05,423.05,423.05,0,CPA2026N
20240905,1259,429.15,429.15,429.15,429.15,0,CPA2026N
20240906,1259,424.10,424.10,424.10,424.10,0,CPA2026N
20240909,1259,430.60,430.60,430.60,430.60,0,CPA2026N
20240910,1259,425.55,425.55,425.55,425.55,0,CPA2026N
20240911,1259,429.50,429.50,429.50,429.50,0,CPA2026N
20240912,1259,434.30,434.30,434.30,434.30,0,CPA2026N
20240913,1259,437.35,437.35,437.35,437.35,0,CPA2026N
20240916,1259,441.55,441.55,441.55,441.55,0,CPA2026N
20240917,1259,442.20,442.20,442.20,442.20,0,CPA2026N
20240918,1259,443.70,443.70,443.70,443.70,0,CPA2026N
20240919,1259,448.20,448.20,448.20,448.20,0,CPA2026N
20240920,1259,448.20,448.20,448.20,448.20,0,CPA2026N
20240923,1259,448.90,448.90,448.90,448.90,0,CPA2026N
20240924,1259,461.55,461.55,461.55,461.55,0,CPA2026N
20240925,1259,462.40,462.40,462.40,462.40,0,CPA2026N
20240926,1259,470.55,470.55,470.55,470.55,0,CPA2026N
20240927,1259,468.70,468.70,468.70,468.70,0,CPA2026N
20240930,1259,462.00,462.00,462.00,462.00,0,CPA2026N
20241001,1259,468.30,468.30,468.30,468.30,0,CPA2026N
20241002,1259,474.35,474.35,474.35,474.35,0,CPA2026N
20241003,1259,466.45,466.45,466.45,466.45,0,CPA2026N
20241004,1259,471.30,471.30,471.30,471.30,0,CPA2026N
20241007,1259,471.40,471.40,471.40,471.40,0,CPA2026N
20241008,1259,463.30,463.30,463.30,463.30,0,CPA2026N
20241009,1259,457.10,457.10,457.10,457.10,0,CPA2026N
20241010,1259,459.40,459.40,459.40,459.40,0,CPA2026N
20241011,1259,465.35,465.35,465.35,465.35,0,CPA2026N
20241014,1259,458.90,458.90,458.90,458.90,0,CPA2026N
20241015,1259,455.95,455.95,455.95,455.95,0,CPA2026N
20241016,1259,458.10,458.10,458.10,458.10,0,CPA2026N
20241017,1259,455.50,455.50,455.50,455.50,0,CPA2026N
20241018,1259,461.55,461.55,461.55,461.55,0,CPA2026N
20241021,1259,459.35,459.35,459.35,459.35,0,CPA2026N
20241022,1259,461.35,461.35,461.35,461.35,0,CPA2026N
20241023,1259,458.20,458.20,458.20,458.20,0,CPA2026N
20241024,1259,459.15,459.15,459.15,459.15,0,CPA2026N
20241025,1259,459.85,459.85,459.85,459.85,0,CPA2026N
20241028,1259,458.20,458.20,458.20,458.20,0,CPA2026N
20241029,1259,457.40,457.40,457.40,457.40,0,CPA2026N
20241030,1259,454.25,454.25,454.25,454.25,0,CPA2026N
20241031,1259,453.30,453.30,453.30,453.30,0,CPA2026N
20241101,1259,456.75,456.75,456.75,456.75,0,CPA2026N
20241104,1259,461.80,461.80,461.80,461.80,0,CPA2026N
20241105,1259,466.20,466.20,466.20,466.20,0,CPA2026N
20241106,1259,445.70,445.70,445.70,445.70,0,CPA2026N
20241107,1259,462.60,462.60,462.60,462.60,0,CPA2026N
20241108,1259,451.60,451.60,451.60,451.60,0,CPA2026N
20241111,1259,445.20,445.20,445.20,445.20,0,CPA2026N
20241112,1259,436.85,436.85,436.85,436.85,0,CPA2026N
20241113,1259,431.35,431.35,431.35,431.35,0,CPA2026N
20241113,1554,430.00,430.00,430.00,430.00,3,CPA2026N
20241113,1557,430.00,430.00,430.00,430.00,2,CPA2026N
20241113,2110,430.00,430.00,430.00,430.00,9,CPA2026N
20241113,2133,430.00,430.00,430.00,430.00,2,CPA2026N
20241113,2134,430.00,430.00,430.00,430.00,1,CPA2026N
20241113,2135,430.00,430.00,430.00,430.00,3,CPA2026N
20241114,1259,431.20,431.20,431.20,431.20,0,CPA2026N
20241115,1259,427.80,427.80,427.80,427.80,0,CPA2026N
20241118,1259,433.20,433.20,433.20,433.20,0,CPA2026N
20241119,1259,434.35,434.35,434.35,434.35,0,CPA2026N
20241120,1259,434.60,434.60,434.60,434.60,0,CPA2026N
20241121,1259,432.50,432.50,432.50,432.50,0,CPA2026N
20241122,1259,429.40,429.40,429.40,429.40,0,CPA2026N
20241125,1259,432.30,432.30,432.30,432.30,0,CPA2026N
20241126,1259,428.55,428.55,428.55,428.55,0,CPA2026N
20241127,1259,430.40,430.40,430.40,430.40,0,CPA2026N
20241129,1259,430.55,430.55,430.55,430.55,0,CPA2026N
20241202,1259,429.95,429.95,429.95,429.95,0,CPA2026N
20241203,1259,436.25,436.25,436.25,436.25,0,CPA2026N
20241204,1259,436.45,436.45,436.45,436.45,0,CPA2026N
20241205,1259,435.20,435.20,435.20,435.20,0,CPA2026N
20241206,1259,435.25,435.25,435.25,435.25,0,CPA2026N
20241209,1259,442.80,442.80,442.80,442.80,0,CPA2026N
20241210,1259,442.05,442.05,442.05,442.05,0,CPA2026N
20241211,1259,440.30,440.30,440.30,440.30,0,CPA2026N
20241212,1259,438.55,438.55,438.55,438.55,0,CPA2026N
20241213,1259,434.05,434.05,434.05,434.05,0,CPA2026N
20241216,1259,433.75,433.75,433.75,433.75,0,CPA2026N
20241217,1259,430.95,430.95,430.95,430.95,0,CPA2026N
20241218,1259,432.25,432.25,432.25,432.25,0,CPA2026N
20241219,1259,424.95,424.95,424.95,424.95,0,CPA2026N
20241220,1259,426.85,426.85,426.85,426.85,0,CPA2026N
20241223,1259,425.70,425.70,425.70,425.70,0,CPA2026N
20241224,1159,427.65,427.65,427.65,427.65,0,CPA2026N
20241226,1259,429.65,429.65,429.65,429.65,0,CPA2026N
20241227,1259,429.00,429.00,429.00,429.00,0,CPA2026N
20241230,1259,425.70,425.70,425.70,425.70,0,CPA2026N
20241231,1259,418.80,418.80,418.80,418.80,0,CPA2026N
20250102,1259,418.85,418.85,418.85,418.85,0,CPA2026N
20250103,1259,422.85,422.85,422.85,422.85,0,CPA2026N
20250106,1259,430.45,430.45,430.45,430.45,0,CPA2026N
20250107,1259,434.75,434.75,434.75,434.75,0,CPA2026N
20250108,1259,439.45,439.45,439.45,439.45,0,CPA2026N
20250109,1259,443.05,443.05,443.05,443.05,0,CPA2026N
20250110,1259,441.65,441.65,441.65,441.65,0,CPA2026N
20250113,1259,446.10,446.10,446.10,446.10,0,CPA2026N
20250114,1259,448.65,448.65,448.65,448.65,0,CPA2026N
20250115,1259,452.25,452.25,452.25,452.25,0,CPA2026N
20250116,1259,457.85,457.85,457.85,457.85,0,CPA2026N
20250117,1259,451.15,451.15,451.15,451.15,0,CPA2026N
20250121,1259,450.05,450.05,450.05,450.05,0,CPA2026N
20250122,1259,447.25,447.25,447.25,447.25,0,CPA2026N
20250123,1259,449.45,449.45,449.45,449.45,0,CPA2026N
20250124,1259,450.60,450.60,450.60,450.60,0,CPA2026N
20250127,0809,449.15,449.15,449.15,449.15,1,CPA2026N
20250127,1259,443.10,443.10,443.10,443.10,0,CPA2026N
20250128,1259,443.45,443.45,443.45,443.45,0,CPA2026N
20250129,1054,448.50,448.50,448.50,448.50,1,CPA2026N
20250129,1259,446.70,446.70,446.70,446.70,0,CPA2026N
20250130,1259,451.15,451.15,451.15,451.15,0,CPA2026N
20250131,1259,448.20,448.20,448.20,448.20,0,CPA2026N
20250203,1259,450.10,450.10,450.10,450.10,0,CPA2026N
20250204,1259,454.65,454.65,454.65,454.65,0,CPA2026N
20250205,1259,462.90,462.90,462.90,462.90,0,CPA2026N
20250206,1259,465.70,465.70,465.70,465.70,0,CPA2026N
20250207,1259,478.25,478.25,478.25,478.25,0,CPA2026N
20250210,1259,488.65,488.65,488.65,488.65,0,CPA2026N
20250211,1259,478.35,478.35,478.35,478.35,0,CPA2026N
20250212,1259,490.10,490.10,490.10,490.10,0,CPA2026N
20250213,1259,498.20,498.20,498.20,498.20,0,CPA2026N
20250214,1259,487.30,487.30,487.30,487.30,0,CPA2026N
20250218,1259,481.90,481.90,481.90,481.90,0,CPA2026N
20250219,1259,478.80,478.80,478.80,478.80,0,CPA2026N
20250220,1259,483.45,483.45,483.45,483.45,0,CPA2026N
20250221,1259,479.25,479.25,479.25,479.25,0,CPA2026N
20250224,1259,474.25,474.25,474.25,474.25,0,CPA2026N
20250225,1259,470.80,470.80,470.80,470.80,0,CPA2026N
20250226,1259,476.90,476.90,476.90,476.90,0,CPA2026N
20250227,1259,479.90,479.90,479.90,479.90,0,CPA2026N
20250228,1259,473.50,473.50,473.50,473.50,0,CPA2026N
20250303,1259,481.05,481.05,481.05,481.05,0,CPA2026N
20250304,1259,476.50,476.50,476.50,476.50,0,CPA2026N
20250305,1259,500.30,500.30,500.30,500.30,0,CPA2026N
20250305,1343,499.75,499.75,499.75,499.75,1,CPA2026N
20250306,0457,495.00,495.00,495.00,495.00,1,CPA2026N
20250306,0947,503.00,503.00,503.00,503.00,3,CPA2026N
20250306,0952,503.00,503.00,503.00,503.00,1,CPA2026N
20250306,1259,501.05,501.05,501.05,501.05,0,CPA2026N
20250307,0749,495.00,495.00,495.00,495.00,1,CPA2026N
20250307,0752,495.00,495.00,495.00,495.00,4,CPA2026N
20250307,0800,495.00,495.00,495.00,495.00,4,CPA2026N
20250307,1259,492.75,492.75,492.75,492.75,0,CPA2026N
20250310,1259,489.30,489.30,489.30,489.30,0,CPA2026N
20250311,1259,499.35,499.35,499.35,499.35,0,CPA2026N
20250312,1259,508.15,508.15,508.15,508.15,0,CPA2026N
20250313,1259,515.65,515.65,515.65,515.65,0,CPA2026N
20250314,1259,512.95,512.95,512.95,512.95,0,CPA2026N
20250317,1259,519.60,519.60,519.60,519.60,0,CPA2026N
20250318,1154,522.80,522.80,522.80,522.80,2,CPA2026N
20250318,1155,522.75,522.75,522.75,522.75,2,CPA2026N
20250318,1259,526.15,526.15,526.15,526.15,0,CPA2026N
20250319,1259,533.75,533.75,533.75,533.75,0,CPA2026N
20250320,1259,535.05,535.05,535.05,535.05,0,CPA2026N
20250321,1259,535.10,535.10,535.10,535.10,0,CPA2026N
20250323,1816,535.40,535.40,535.40,535.40,2,CPA2026N
20250323,1829,534.50,534.50,534.50,534.50,2,CPA2026N
20250324,1259,532.80,532.80,532.80,532.80,0,CPA2026N
20250325,1259,543.85,543.85,543.85,543.85,0,CPA2026N
20250326,0847,542.15,542.15,542.15,542.15,2,CPA2026N
20250326,0849,542.85,542.85,542.85,542.85,1,CPA2026N
20250326,0851,543.15,543.15,543.15,543.15,1,CPA2026N
20250326,0852,543.50,543.50,543.50,543.50,2,CPA2026N
20250326,1259,539.95,539.95,539.95,539.95,0,CPA2026N
20250327,0926,529.55,529.55,529.55,529.55,2,CPA2026N
20250327,1259,527.45,527.45,527.45,527.45,0,CPA2026N
20250328,1259,528.95,528.95,528.95,528.95,0,CPA2026N
20250331,1259,520.60,520.60,520.60,520.60,0,CPA2026N
20250401,0124,525.05,525.05,525.00,525.00,4,CPA2026N
20250401,0315,525.95,525.95,525.95,525.95,5,CPA2026N
20250401,0348,525.40,525.40,525.40,525.40,9,CPA2026N
20250401,0349,525.40,525.40,525.40,525.40,3,CPA2026N
20250401,0350,525.40,525.40,525.40,525.40,4,CPA2026N
20250401,0403,525.30,525.30,525.30,525.30,6,CPA2026N
20250401,1259,521.80,521.80,521.80,521.80,0,CPA2026N
20250402,1259,522.10,522.10,522.10,522.10,0,CPA2026N
20250403,1259,502.15,502.15,502.15,502.15,0,CPA2026N
20250404,1259,461.15,461.15,461.15,461.15,0,CPA2026N
20250407,1259,441.30,441.30,441.30,441.30,0,CPA2026N
20250408,1259,437.95,437.95,437.95,437.95,0,CPA2026N
20250409,1259,442.75,442.75,442.75,442.75,0,CPA2026N
20250409,1556,465.90,465.90,465.90,465.90,1,CPA2026N
20250409,1903,466.25,466.25,466.25,466.25,1,CPA2026N
20250410,1259,456.70,456.70,456.70,456.70,0,CPA2026N
20250411,0608,471.90,471.90,471.90,471.90,1,CPA2026N
20250411,0610,471.15,471.15,471.15,471.15,1,CPA2026N
20250411,0617,469.85,469.85,469.85,469.85,1,CPA2026N
20250411,0618,469.90,469.90,469.90,469.90,1,CPA2026N
20250411,1026,467.15,467.15,467.10,467.10,10,CPA2026N
20250411,1027,467.10,467.10,467.10,467.10,15,CPA2026N
20250411,1213,477.20,477.20,477.15,477.15,22,CPA2026N
20250411,1214,477.15,477.15,477.15,477.15,8,CPA2026N
20250411,1259,475.20,475.20,475.20,475.20,0,CPA2026N
20250413,1801,482.95,482.95,482.95,482.95,2,CPA2026N
20250414,1259,486.90,486.90,486.90,486.90,0,CPA2026N
20250415,1259,486.60,486.60,486.60,486.60,0,CPA2026N
20250416,1259,492.25,492.25,492.25,492.25,0,CPA2026N
20250417,0431,485.05,485.05,483.80,483.80,2,CPA2026N
20250417,1259,497.05,497.05,497.05,497.05,0,CPA2026N
20250421,1259,496.40,496.40,496.40,496.40,0,CPA2026N
20250422,1115,505.50,505.50,505.50,505.50,2,CPA2026N
20250422,1259,510.50,510.50,510.50,510.50,0,CPA2026N
20250423,1259,507.75,507.75,507.75,507.75,0,CPA2026N
20250424,1259,509.50,509.50,509.50,509.50,0,CPA2026N
20250425,1259,507.80,507.80,507.80,507.80,0,CPA2026N
20250428,1259,506.40,506.40,506.40,506.40,0,CPA2026N
20250429,1259,505.05,505.05,505.05,505.05,0,CPA2026N
20250430,1213,479.60,479.85,479.60,479.85,7,CPA2026N
20250430,1214,479.65,479.85,479.65,479.70,5,CPA2026N
20250430,1259,479.50,479.50,479.50,479.50,0,CPA2026N
20250501,1259,482.10,482.10,482.10,482.10,0,CPA2026N
20250501,2340,488.70,488.70,488.20,488.20,2,CPA2026N
20250502,1259,487.50,487.50,487.50,487.50,0,CPA2026N
20250505,1259,490.75,490.75,490.75,490.75,0,CPA2026N
20250506,1259,498.70,498.70,498.70,498.70,0,CPA2026N
20250507,1259,488.15,488.15,488.15,488.15,0,CPA2026N
20250508,1259,482.50,482.50,482.50,482.50,0,CPA2026N
20250509,1259,487.30,487.30,487.30,487.30,0,CPA2026N
20250509,1650,488.00,488.00,488.00,488.00,2,CPA2026N
20250512,1259,484.40,484.40,484.40,484.40,0,CPA2026N
20250513,1259,494.55,494.55,494.55,494.55,0,CPA2026N
20250514,1259,487.75,487.75,487.75,487.75,0,CPA2026N
20250515,0936,486.00,486.00,486.00,486.00,2,CPA2026N
20250515,1259,489.90,489.90,489.90,489.90,0,CPA2026N
20250516,1259,481.30,481.30,481.30,481.30,0,CPA2026N
20250519,1259,489.35,489.35,489.35,489.35,0,CPA2026N
20250519,1600,488.50,488.50,488.50,488.50,3,CPA2026N
20250520,1259,487.65,487.65,487.65,487.65,0,CPA2026N
20250520,1613,490.25,490.25,490.25,490.25,1,CPA2026N
20250520,2108,489.40,489.40,489.40,489.40,9,CPA2026N
20250520,2109,489.40,489.40,489.40,489.40,1,CPA2026N
20250520,2110,489.40,489.40,489.40,489.40,4,CPA2026N
20250520,2111,489.35,489.35,489.35,489.35,2,CPA2026N
20250520,2112,489.35,489.40,489.35,489.40,7,CPA2026N
20250520,2118,488.70,488.70,488.70,488.70,4,CPA2026N
20250521,1259,488.85,488.85,488.85,488.85,0,CPA2026N
20250522,1259,489.45,489.45,489.45,489.45,0,CPA2026N
20250523,1259,505.25,505.25,505.25,505.25,0,CPA2026N
20250527,1259,496.40,496.40,496.40,496.40,0,CPA2026N
20250528,1259,490.95,490.95,490.95,490.95,0,CPA2026N
20250529,1259,491.65,491.65,491.65,491.65,0,CPA2026N
20250529,1532,491.55,491.55,491.55,491.55,3,CPA2026N
20250530,1259,491.10,491.10,491.10,491.10,0,CPA2026N
20250602,0936,509.45,509.45,509.40,509.40,2,CPA2026N
20250602,1259,508.40,508.40,508.40,508.40,0,CPA2026N
20250603,1259,506.35,506.35,506.35,506.35,0,CPA2026N
20250604,0322,511.20,511.20,511.20,511.20,1,CPA2026N
20250604,1259,511.05,511.05,511.05,511.05,0,CPA2026N
20250605,1116,518.10,518.10,518.10,518.10,1,CPA2026N
20250605,1259,515.50,515.50,515.50,515.50,0,CPA2026N
20250605,1539,514.50,514.50,514.50,514.50,9,CPA2026N
20250605,2327,515.85,515.90,515.85,515.90,10,CPA2026N
20250606,1259,507.95,507.95,507.95,507.95,0,CPA2026N
20250608,2104,508.35,508.35,508.35,508.35,20,CPA2026N
20250609,0855,511.95,511.95,511.95,511.95,10,CPA2026N
20250609,1202,515.80,515.80,515.80,515.80,11,CPA2026N
20250609,1259,515.45,515.45,515.45,515.45,0,CPA2026N
20250609,1330,514.55,514.55,514.55,514.55,4,CPA2026N
20250610,1259,512.20,512.20,512.20,512.20,0,CPA2026N
20250610,2011,512.15,512.15,512.15,512.15,10,CPA2026N
20250610,2012,512.45,512.45,512.45,512.45,22,CPA2026N
20250610,2013,512.45,512.45,512.15,512.15,4,CPA2026N
20250610,2017,512.15,512.15,512.15,512.15,2,CPA2026N
20250610,2018,512.15,512.15,512.15,512.15,11,CPA2026N
20250610,2019,512.15,512.15,512.15,512.15,7,CPA2026N
20250610,2020,512.15,512.15,512.15,512.15,4,CPA2026N
20250610,2031,512.15,512.15,512.15,512.15,5,CPA2026N
20250611,1259,503.80,503.80,503.80,503.80,0,CPA2026N
20250612,1259,505.75,505.75,505.75,505.75,0,CPA2026N
20250613,1259,503.80,503.80,503.80,503.80,0,CPA2026N
20250616,1259,506.60,506.60,506.60,506.60,0,CPA2026N
20250617,0547,503.80,503.80,503.75,503.75,12,CPA2026N
20250617,0550,503.75,503.75,503.75,503.75,13,CPA2026N
20250617,0551,503.75,503.75,503.75,503.75,7,CPA2026N
20250617,0554,503.55,503.55,503.45,503.45,9,CPA2026N
20250617,0555,503.45,503.45,503.45,503.45,4,CPA2026N
20250617,0556,503.45,503.45,503.45,503.45,5,CPA2026N
20250617,0558,503.25,503.25,503.20,503.20,10,CPA2026N
20250617,0559,503.45,503.45,503.45,503.45,2,CPA2026N
20250617,0601,503.35,503.35,503.25,503.25,15,CPA2026N
20250617,0631,504.90,504.90,504.90,504.90,9,CPA2026N
20250617,0632,504.90,504.90,504.90,504.90,1,CPA2026N
20250617,0633,504.90,504.90,504.90,504.90,2,CPA2026N
20250617,0635,504.90,504.90,504.90,504.90,1,CPA2026N
20250617,0636,504.90,504.90,504.90,504.90,10,CPA2026N
20250617,1259,503.45,503.45,503.45,503.45,0,CPA2026N
20250618,1259,507.55,507.55,507.55,507.55,0,CPA2026N
20250618,1819,508.35,508.35,508.35,508.35,1,CPA2026N
20250620,1259,505.25,505.25,505.25,505.25,0,CPA2026N
20250623,1259,506.85,506.85,506.85,506.85,0,CPA2026N
20250624,1259,509.50,509.50,509.50,509.50,0,CPA2026N
20250625,1259,514.30,514.30,514.30,514.30,0,CPA2026N
20250626,1259,529.00,529.00,529.00,529.00,0,CPA2026N
20250627,1259,529.25,529.25,529.25,529.25,0,CPA2026N
20250630,1259,524.75,524.75,524.75,524.75,0,CPA2026N
20250701,0324,533.25,533.25,533.05,533.05,4,CPA2026N
20250701,0325,533.10,533.15,533.05,533.05,8,CPA2026N
20250701,0326,533.20,533.20,532.65,532.65,8,CPA2026N
20250701,0745,531.00,531.00,531.00,531.00,2,CPA2026N
20250701,0942,533.95,533.95,533.95,533.95,1,CPA2026N
20250701,1240,525.15,525.15,525.15,525.15,1,CPA2026N
20250701,1259,526.75,526.75,526.75,526.75,0,CPA2026N
20250702,1259,537.00,537.00,537.00,537.00,0,CPA2026N
20250703,0625,535.40,535.40,535.40,535.40,1,CPA2026N
20250703,1259,531.65,531.65,531.65,531.65,0,CPA2026N
20250707,0930,518.95,518.95,518.95,518.95,12,CPA2026N
20250707,1259,520.20,520.20,520.20,520.20,0,CPA2026N
20250708,0117,520.15,520.15,520.15,520.15,1,CPA2026N
20250708,0522,521.05,521.05,521.05,521.05,2,CPA2026N
20250708,0530,521.05,521.20,521.05,521.20,4,CPA2026N
20250708,0531,520.90,520.95,520.90,520.95,7,CPA2026N
20250708,1259,586.15,586.15,586.15,586.15,0,CPA2026N
20250708,1843,568.90,568.90,568.90,568.90,1,CPA2026N
20250709,0417,563.35,563.45,563.20,563.45,6,CPA2026N
20250709,0418,563.30,563.50,563.30,563.50,5,CPA2026N
20250709,0509,564.45,564.45,564.00,564.00,10,CPA2026N
20250709,0510,564.15,564.15,564.15,564.15,1,CPA2026N
20250709,0610,563.95,563.95,563.95,563.95,1,CPA2026N
20250709,1259,560.65,560.65,560.65,560.65,0,CPA2026N
20250710,1259,572.20,572.20,572.20,572.20,0,CPA2026N
20250711,0906,566.05,566.05,566.05,566.05,1,CPA2026N
20250711,1259,574.10,574.10,574.10,574.10,0,CPA2026N
20250714,1259,569.10,569.10,569.10,569.10,0,CPA2026N
20250715,1107,564.90,565.15,564.90,565.15,6,CPA2026N
20250715,1110,564.90,565.10,564.90,565.10,6,CPA2026N
20250715,1112,564.80,564.80,564.80,564.80,1,CPA2026N
20250715,1113,564.75,564.80,564.75,564.75,5,CPA2026N
20250715,1118,566.15,566.30,566.15,566.30,5,CPA2026N
20250715,1259,571.55,571.55,571.55,571.55,0,CPA2026N
20250715,1326,572.10,572.10,572.10,572.10,4,CPA2026N
20250715,2331,568.00,568.00,568.00,568.00,1,CPA2026N
20250716,1259,566.20,566.20,566.20,566.20,0,CPA2026N
20250717,0920,562.00,562.00,562.00,562.00,1,CPA2026N
20250717,1259,564.75,564.75,564.75,564.75,0,CPA2026N
20250718,1002,571.70,571.70,571.70,571.70,2,CPA2026N
20250718,1005,572.10,572.10,571.85,571.85,4,CPA2026N
20250718,1006,571.55,571.55,571.30,571.40,10,CPA2026N
20250718,1007,571.40,571.40,570.50,570.50,6,CPA2026N
20250718,1008,570.50,570.50,570.50,570.50,2,CPA2026N
20250718,1259,573.85,573.85,573.85,573.85,0,CPA2026N
20250720,2145,575.00,575.00,575.00,575.00,1,CPA2026N
20250721,0048,574.30,574.30,574.30,574.30,1,CPA2026N
20250721,0133,575.00,575.00,575.00,575.00,2,CPA2026N
20250721,0135,575.00,575.00,575.00,575.00,2,CPA2026N
20250721,0136,575.00,575.00,575.00,575.00,1,CPA2026N
20250721,0304,580.00,580.00,580.00,580.00,1,CPA2026N
20250721,1259,576.95,576.95,576.95,576.95,0,CPA2026N
20250722,1259,585.35,585.35,585.35,585.35,0,CPA2026N
20250722,1912,588.50,588.50,588.50,588.50,1,CPA2026N
20250723,0608,595.65,595.65,595.65,595.65,1,CPA2026N
20250723,0929,600.00,600.00,600.00,600.00,1,CPA2026N
20250723,1259,594.50,594.50,594.50,594.50,0,CPA2026N
20250724,1259,594.00,594.00,594.00,594.00,0,CPA2026N
20250725,1259,592.05,592.05,592.05,592.05,0,CPA2026N
20250728,0805,593.50,593.50,593.50,593.50,1,CPA2026N
20250728,1258,576.40,576.50,575.80,576.35,5,CPA2026N
20250728,1259,576.15,576.15,574.85,575.15,6,CPA2026N
20250728,1300,575.00,575.00,575.00,575.00,3,CPA2026N
20250728,1301,574.30,574.30,574.30,574.30,1,CPA2026N
20250728,1813,576.15,576.15,576.15,576.15,1,CPA2026N
20250729,1258,576.30,576.30,576.10,576.10,11,CPA2026N
20250729,1259,576.15,577.10,576.15,576.65,22,CPA2026N
20250729,1300,576.90,576.90,576.90,576.90,1,CPA2026N
20250729,1305,576.55,576.55,576.55,576.55,1,CPA2026N
20250730,1258,572.55,573.00,572.55,573.00,25,CPA2026N
20250730,1259,572.85,572.85,572.10,572.25,30,CPA2026N
20250730,1300,572.15,572.15,572.15,572.15,1,CPA2026N
20250730,1304,571.20,571.20,571.20,571.20,1,CPA2026N
20250730,2109,472.75,472.75,472.75,472.75,1,CPA2026N
20250730,2145,470.00,470.00,470.00,470.00,34,CPA2026N
20250730,2331,463.50,463.50,463.00,463.00,2,CPA2026N
20250730,2332,463.00,463.00,463.00,463.00,2,CPA2026N
20250730,2341,462.40,462.40,462.40,462.40,1,CPA2026N
20250731,0101,464.40,464.85,464.40,464.85,11,CPA2026N
20250731,0126,463.50,463.50,463.50,463.50,2,CPA2026N
20250731,0129,463.70,463.70,463.70,463.70,4,CPA2026N
20250731,0130,463.35,463.60,463.35,463.60,6,CPA2026N
20250731,0131,463.20,463.20,463.20,463.20,1,CPA2026N
20250731,0201,462.00,462.00,462.00,462.00,2,CPA2026N
20250731,0206,461.00,461.00,461.00,461.00,2,CPA2026N
20250731,0212,459.10,459.10,458.80,458.80,12,CPA2026N
20250731,0239,455.00,455.00,455.00,455.00,2,CPA2026N
20250731,0300,455.25,455.25,455.25,455.25,15,CPA2026N
20250731,0301,455.25,455.25,455.25,455.25,12,CPA2026N
20250731,0344,456.95,456.95,456.95,456.95,1,CPA2026N
20250731,1128,454.90,454.90,454.90,454.90,1,CPA2026N
20250731,1258,454.25,454.25,453.95,454.00,15,CPA2026N
20250731,1259,453.95,454.10,453.30,453.60,35,CPA2026N
20250731,1300,453.75,453.75,453.75,453.75,1,CPA2026N
20250731,1621,460.75,460.75,460.75,460.75,3,CPA2026N
20250731,1624,460.90,460.90,460.90,460.90,1,CPA2026N
20250731,2323,461.25,461.25,461.25,461.25,1,CPA2026N
20250731,2337,460.00,460.00,460.00,460.00,1,CPA2026N
20250801,0900,459.00,459.00,459.00,459.00,1,CPA2026N
20250801,1258,460.65,461.10,460.65,461.05,22,CPA2026N
20250801,1259,461.00,461.15,459.90,460.50,28,CPA2026N
20250801,1300,460.45,460.45,460.10,460.10,2,CPA2026N
20250801,1655,461.65,461.65,461.65,461.65,1,CPA2026N
20250804,0852,460.90,460.90,460.90,460.90,1,CPA2026N
20250804,1258,460.15,460.25,460.15,460.15,3,CPA2026N
20250804,1259,460.05,460.20,459.95,460.10,4,CPA2026N
20250804,1300,459.95,459.95,459.95,459.95,1,CPA2026N
20250804,1301,460.40,460.40,460.40,460.40,1,CPA2026N
20250804,1413,461.40,461.40,461.40,461.40,1,CPA2026N
20250804,1419,461.30,461.30,461.30,461.30,1,CPA2026N
20250804,1421,461.40,461.55,461.40,461.55,2,CPA2026N
20250804,1426,461.65,461.65,461.65,461.65,1,CPA2026N
20250804,1428,461.75,461.75,461.75,461.75,1,CPA2026N
20250804,1448,461.30,461.30,461.15,461.15,3,CPA2026N
20250804,1450,461.15,461.15,461.15,461.15,1,CPA2026N
20250804,1451,461.20,461.20,461.15,461.15,4,CPA2026N
20250804,1508,461.40,461.40,461.40,461.40,1,CPA2026N
20250804,1515,461.55,461.55,461.55,461.55,1,CPA2026N
20250804,1518,461.75,461.75,461.75,461.75,1,CPA2026N
20250805,1204,455.75,455.75,455.75,455.75,3,CPA2026N
20250805,1221,455.30,455.30,455.30,455.30,1,CPA2026N
20250805,1222,455.80,455.80,455.80,455.80,1,CPA2026N
20250805,1259,455.00,455.20,455.00,455.20,19,CPA2026N
20250805,1447,455.00,455.00,455.00,455.00,10,CPA2026N
20250805,1448,455.00,455.00,455.00,455.00,12,CPA2026N
20250805,1451,455.00,455.00,455.00,455.00,2,CPA2026N
20250805,1456,455.00,455.00,455.00,455.00,2,CPA2026N
20250805,1500,455.00,455.00,455.00,455.00,2,CPA2026N
20250805,1814,455.50,455.50,455.50,455.50,1,CPA2026N
20250805,2153,455.35,455.35,455.35,455.35,1,CPA2026N
20250805,2300,456.55,456.55,456.55,456.55,1,CPA2026N
20250805,2307,457.00,457.00,457.00,457.00,1,CPA2026N
20250806,0429,458.10,458.10,458.10,458.10,1,CPA2026N
20250806,1259,458.25,458.25,458.25,458.25,0,CPA2026N
20250806,1811,459.05,459.05,459.05,459.05,4,CPA2026N
20250806,2112,458.15,458.15,458.15,458.15,1,CPA2026N
20250806,2127,459.15,459.15,459.15,459.15,1,CPA2026N
20250807,0238,460.15,460.15,460.15,460.15,1,CPA2026N
20250807,0308,459.30,459.30,459.30,459.30,1,CPA2026N
20250807,0739,459.25,459.25,459.25,459.25,1,CPA2026N
20250807,1257,457.00,457.00,457.00,457.00,2,CPA2026N
20250807,1259,457.55,457.60,457.40,457.40,4,CPA2026N
20250807,1523,457.85,457.85,457.85,457.85,5,CPA2026N
20250807,1613,459.45,459.45,459.45,459.45,4,CPA2026N
