Date,Time,Open,High,Low,Close,TradeVolume,Contract
20211222,1259,435.20,435.20,435.20,435.20,0,CPA2026K
20211223,1259,436.05,436.05,436.05,436.05,0,CPA2026K
20211227,1259,442.80,442.80,442.80,442.80,0,CPA2026K
20211228,1259,439.85,439.85,439.85,439.85,0,CPA2026K
20211229,1259,437.30,437.30,437.30,437.30,0,CPA2026K
20211230,1259,437.45,437.45,437.45,437.45,0,CPA2026K
20211231,1259,443.50,443.50,443.50,443.50,0,CPA2026K
20220103,1259,441.05,441.05,441.05,441.05,0,CPA2026K
20220104,1259,446.15,446.15,446.15,446.15,0,CPA2026K
20220105,1259,442.70,442.70,442.70,442.70,0,CPA2026K
20220106,1259,437.10,437.10,437.10,437.10,0,CPA2026K
20220107,1259,442.05,442.05,442.05,442.05,0,CPA2026K
20220110,1259,437.25,437.25,437.25,437.25,0,CPA2026K
20220111,1259,443.95,443.95,443.95,443.95,0,CPA2026K
20220112,1259,455.00,455.00,455.00,455.00,0,CPA2026K
20220113,1259,452.70,452.70,452.70,452.70,0,CPA2026K
20220114,1259,441.15,441.15,441.15,441.15,0,CPA2026K
20220119,1259,445.60,445.60,445.60,445.60,0,CPA2026K
20220120,1259,453.55,453.55,453.55,453.55,0,CPA2026K
20220121,1259,445.90,445.90,445.90,445.90,0,CPA2026K
20220124,1259,435.85,435.85,435.85,435.85,0,CPA2026K
20220125,1259,439.10,439.10,439.10,439.10,0,CPA2026K
20220126,1259,444.95,444.95,444.95,444.95,0,CPA2026K
20220127,1259,436.15,436.15,436.15,436.15,0,CPA2026K
20220128,1259,427.35,427.35,427.35,427.35,0,CPA2026K
20220131,1259,430.05,430.05,430.05,430.05,0,CPA2026K
20220201,1259,439.65,439.65,439.65,439.65,0,CPA2026K
20220202,1259,445.15,445.15,445.15,445.15,0,CPA2026K
20220203,1259,444.10,444.10,444.10,444.10,0,CPA2026K
20220204,1259,446.75,446.75,446.75,446.75,0,CPA2026K
20220207,1259,444.50,444.50,444.50,444.50,0,CPA2026K
20220208,1259,441.55,441.55,441.55,441.55,0,CPA2026K
20220209,1259,450.65,450.65,450.65,450.65,0,CPA2026K
20220210,1259,458.10,458.10,458.10,458.10,0,CPA2026K
20220211,1259,447.65,447.65,447.65,447.65,0,CPA2026K
20220214,1259,445.60,445.60,445.60,445.60,0,CPA2026K
20220215,1259,450.10,450.10,450.10,450.10,0,CPA2026K
20220216,1259,449.35,449.35,449.35,449.35,0,CPA2026K
20220217,1259,448.55,448.55,448.55,448.55,0,CPA2026K
20220218,1259,448.00,448.00,448.00,448.00,0,CPA2026K
20220222,1259,447.00,447.00,447.00,447.00,0,CPA2026K
20220223,1259,445.60,445.60,445.60,445.60,0,CPA2026K
20220224,1259,443.15,443.15,443.15,443.15,0,CPA2026K
20220225,1259,446.80,446.80,446.80,446.80,0,CPA2026K
20220228,1259,446.30,446.30,446.30,446.30,0,CPA2026K
20220301,1259,462.55,462.55,462.55,462.55,0,CPA2026K
20220302,1259,468.00,468.00,468.00,468.00,0,CPA2026K
20220303,1259,473.15,473.15,473.15,473.15,0,CPA2026K
20220304,1259,478.60,478.60,478.60,478.60,0,CPA2026K
20220307,1259,466.30,466.30,466.30,466.30,0,CPA2026K
20220308,1259,469.50,469.50,469.50,469.50,0,CPA2026K
20220309,1259,464.35,464.35,464.35,464.35,0,CPA2026K
20220310,1259,467.45,467.45,467.45,467.45,0,CPA2026K
20220311,1259,465.95,465.95,465.95,465.95,0,CPA2026K
20220314,1259,463.35,463.35,463.35,463.35,0,CPA2026K
20220315,1259,463.70,463.70,463.70,463.70,0,CPA2026K
20220316,1259,470.20,470.20,470.20,470.20,0,CPA2026K
20220317,1259,477.30,477.30,477.30,477.30,0,CPA2026K
20220318,1259,477.70,477.70,477.70,477.70,0,CPA2026K
20220321,1259,476.85,476.85,476.85,476.85,0,CPA2026K
20220322,1259,477.80,477.80,477.80,477.80,0,CPA2026K
20220323,1259,478.20,478.20,478.20,478.20,0,CPA2026K
20220324,1259,475.75,475.75,475.75,475.75,0,CPA2026K
20220325,1259,476.05,476.05,476.05,476.05,0,CPA2026K
20220328,1259,477.80,477.80,477.80,477.80,0,CPA2026K
20220329,1259,476.55,476.55,476.55,476.55,0,CPA2026K
20220330,1259,478.00,478.00,478.00,478.00,0,CPA2026K
20220331,1259,478.10,478.10,478.10,478.10,0,CPA2026K
20220401,1259,472.85,472.85,472.85,472.85,0,CPA2026K
20220404,1259,478.50,478.50,478.50,478.50,0,CPA2026K
20220405,1259,478.70,478.70,478.70,478.70,0,CPA2026K
20220406,1259,473.20,473.20,473.20,473.20,0,CPA2026K
20220407,1259,470.15,470.15,470.15,470.15,0,CPA2026K
20220408,1259,473.45,473.45,473.45,473.45,0,CPA2026K
20220411,1259,466.50,466.50,466.50,466.50,0,CPA2026K
20220412,1259,474.10,474.10,474.10,474.10,0,CPA2026K
20220413,1259,473.50,473.50,473.50,473.50,0,CPA2026K
20220414,1259,473.45,473.45,473.45,473.45,0,CPA2026K
20220418,1259,478.80,478.80,478.80,478.80,0,CPA2026K
20220419,1259,472.10,472.10,472.10,472.10,0,CPA2026K
20220420,1259,467.10,467.10,467.10,467.10,0,CPA2026K
20220421,1259,471.80,471.80,471.80,471.80,0,CPA2026K
20220422,1259,460.80,460.80,460.80,460.80,0,CPA2026K
20220425,1259,448.90,448.90,448.90,448.90,0,CPA2026K
20220426,1259,447.95,447.95,447.95,447.95,0,CPA2026K
20220427,1259,448.75,448.75,448.75,448.75,0,CPA2026K
20220428,1259,444.45,444.45,444.45,444.45,0,CPA2026K
20220429,1259,442.00,442.00,442.00,442.00,0,CPA2026K
20220502,1259,429.00,429.00,429.00,429.00,0,CPA2026K
20220503,1259,430.90,430.90,430.90,430.90,0,CPA2026K
20220504,1259,435.85,435.85,435.85,435.85,0,CPA2026K
20220505,1259,431.80,431.80,431.80,431.80,0,CPA2026K
20220506,1259,431.15,431.15,431.15,431.15,0,CPA2026K
20220509,1259,423.55,423.55,423.55,423.55,0,CPA2026K
20220510,1259,420.35,420.35,420.35,420.35,0,CPA2026K
20220511,1259,425.00,425.00,425.00,425.00,0,CPA2026K
20220512,1259,414.55,414.55,414.55,414.55,0,CPA2026K
20220513,1259,421.30,421.30,421.30,421.30,0,CPA2026K
20220516,1259,422.60,422.60,422.60,422.60,0,CPA2026K
20220517,1259,427.40,427.40,427.40,427.40,0,CPA2026K
20220518,1259,421.25,421.25,421.25,421.25,0,CPA2026K
20220519,1259,430.15,430.15,430.15,430.15,0,CPA2026K
20220520,1259,430.45,430.45,430.45,430.45,0,CPA2026K
20220523,1259,437.15,437.15,437.15,437.15,0,CPA2026K
20220524,1259,434.30,434.30,434.30,434.30,0,CPA2026K
20220525,1259,430.65,430.65,430.65,430.6500,0,CPA2026K
20220526,1259,432.30,432.30,432.30,432.3000,0,CPA2026K
20220527,1259,437.15,437.15,437.15,437.1500,0,CPA2026K
20220531,1259,436.00,436.00,436.00,436.0000,0,CPA2026K
20220601,1259,438.60,438.60,438.60,438.6000,0,CPA2026K
20220602,1259,460.55,460.55,460.55,460.5500,0,CPA2026K
20220603,1259,453.40,453.40,453.40,453.4000,0,CPA2026K
20220606,1259,448.35,448.35,448.35,448.3500,0,CPA2026K
20220607,1259,448.65,448.65,448.65,448.6500,0,CPA2026K
20220608,1259,448.90,448.90,448.90,448.90,0,CPA2026K
20220609,1259,442.75,442.75,442.75,442.75,0,CPA2026K
20220610,1259,435.35,435.35,435.35,435.35,0,CPA2026K
20220613,1259,427.70,427.70,427.70,427.70,0,CPA2026K
20220614,1259,424.05,424.05,424.05,424.05,0,CPA2026K
20220615,1259,424.45,424.45,424.45,424.45,0,CPA2026K
20220616,1259,419.65,419.65,419.65,419.65,0,CPA2026K
20220617,1259,410.40,410.40,410.40,410.40,0,CPA2026K
20220621,1259,411.55,411.55,411.55,411.55,0,CPA2026K
20220622,1259,402.55,402.55,402.55,402.55,0,CPA2026K
20220623,1259,383.30,383.30,383.30,383.30,0,CPA2026K
20220624,1259,388.45,388.45,388.45,388.45,0,CPA2026K
20220627,1259,390.25,390.25,390.25,390.25,0,CPA2026K
20220628,1259,392.35,392.35,392.35,392.35,0,CPA2026K
20220629,1259,392.60,392.60,392.60,392.60,0,CPA2026K
20220630,1259,384.90,384.90,384.90,384.90,0,CPA2026K
20220701,1259,374.60,374.60,374.60,374.60,0,CPA2026K
20220705,1259,356.05,356.05,356.05,356.05,0,CPA2026K
20220706,1259,352.85,352.85,352.85,352.85,0,CPA2026K
20220707,1259,368.70,368.70,368.70,368.70,0,CPA2026K
20220708,1259,365.90,365.90,365.90,365.90,0,CPA2026K
20220711,1259,355.90,355.90,355.90,355.90,0,CPA2026K
20220712,1259,348.80,348.80,348.80,348.80,0,CPA2026K
20220713,1259,352.40,352.40,352.40,352.40,0,CPA2026K
20220714,1259,340.95,340.95,340.95,340.95,0,CPA2026K
20220715,1259,343.25,343.25,343.25,343.25,0,CPA2026K
20220718,1259,354.20,354.20,354.20,354.20,0,CPA2026K
20220719,1259,349.45,349.45,349.45,349.45,0,CPA2026K
20220720,1259,353.15,353.15,353.15,353.15,0,CPA2026K
20220721,1259,349.95,349.95,349.95,349.95,0,CPA2026K
20220722,1259,356.65,356.65,356.65,356.65,0,CPA2026K
20220725,1259,358.55,358.55,358.55,358.55,0,CPA2026K
20220726,1259,361.15,361.15,361.15,361.15,0,CPA2026K
20220727,1259,365.15,365.15,365.15,365.15,0,CPA2026K
20220728,1259,369.95,369.95,369.95,369.95,0,CPA2026K
20220729,1259,378.65,378.65,378.65,378.65,0,CPA2026K
20220801,1259,376.05,376.05,376.05,376.05,0,CPA2026K
20220802,1259,373.35,373.35,373.35,373.35,0,CPA2026K
20220803,1259,368.55,368.55,368.55,368.55,0,CPA2026K
20220804,1259,370.50,370.50,370.50,370.50,0,CPA2026K
20220805,1259,377.75,377.75,377.75,377.75,0,CPA2026K
20220808,1259,380.60,380.60,380.60,380.60,0,CPA2026K
20220809,1259,380.60,380.60,380.60,380.60,0,CPA2026K
20220810,1259,386.30,386.30,386.30,386.30,0,CPA2026K
20220811,1259,389.40,389.40,389.40,389.40,0,CPA2026K
20220812,1259,384.25,384.25,384.25,384.25,0,CPA2026K
20220815,1259,379.40,379.40,379.40,379.40,0,CPA2026K
20220816,1259,379.60,379.60,379.60,379.60,0,CPA2026K
20220817,1259,374.80,374.80,374.80,374.80,0,CPA2026K
20220818,1259,378.80,378.80,378.80,378.80,0,CPA2026K
20220819,1259,382.10,382.10,382.10,382.10,0,CPA2026K
20220822,1259,379.90,379.90,379.90,379.90,0,CPA2026K
20220823,1259,383.30,383.30,383.30,383.30,0,CPA2026K
20220824,1259,379.90,379.90,379.90,379.90,0,CPA2026K
20220825,1259,382.80,382.80,382.80,382.80,0,CPA2026K
20220826,1259,383.85,383.85,383.85,383.85,0,CPA2026K
20220829,1259,375.65,375.65,375.65,375.65,0,CPA2026K
20220830,1259,370.50,370.50,370.50,370.50,0,CPA2026K
20220831,1259,366.45,366.45,366.45,366.45,0,CPA2026K
20220901,1259,355.70,355.70,355.70,355.70,0,CPA2026K
20220902,1259,356.00,356.00,356.00,356.00,0,CPA2026K
20220906,1259,360.20,360.20,360.20,360.20,0,CPA2026K
20220907,1259,357.15,357.15,357.15,357.15,0,CPA2026K
20220908,1259,365.30,365.30,365.30,365.30,0,CPA2026K
20220909,1259,369.30,369.30,369.30,369.30,0,CPA2026K
20220912,1259,372.70,372.70,372.70,372.70,0,CPA2026K
20220913,1259,368.35,368.35,368.35,368.35,0,CPA2026K
20220914,1259,363.80,363.80,363.80,363.80,0,CPA2026K
20220915,1259,359.60,359.60,359.60,359.60,0,CPA2026K
20220916,1259,360.05,360.05,360.05,360.05,0,CPA2026K
20220919,1259,361.15,361.15,361.15,361.15,0,CPA2026K
20220920,1259,360.95,360.95,360.95,360.95,0,CPA2026K
20220921,1259,357.90,357.90,357.90,357.90,0,CPA2026K
20220922,1259,358.95,358.95,358.95,358.95,0,CPA2026K
20220923,1259,346.70,346.70,346.70,346.70,0,CPA2026K
20220926,1259,341.50,341.50,341.50,341.50,0,CPA2026K
20220927,1259,340.70,340.70,340.70,340.70,0,CPA2026K
20220928,1259,345.50,345.50,345.50,345.50,0,CPA2026K
20220929,1259,350.30,350.30,350.30,350.30,0,CPA2026K
20220930,1259,348.75,348.75,348.75,348.75,0,CPA2026K
20221003,1259,349.45,349.45,349.45,349.45,0,CPA2026K
20221004,1259,357.30,357.30,357.30,357.30,0,CPA2026K
20221005,1259,359.85,359.85,359.85,359.85,0,CPA2026K
20221006,1259,354.45,354.45,354.45,354.45,0,CPA2026K
20221007,1259,349.30,349.30,349.30,349.30,0,CPA2026K
20221010,1259,353.90,353.90,353.90,353.90,0,CPA2026K
20221011,1259,357.65,357.65,357.65,357.65,0,CPA2026K
20221012,1259,353.60,353.60,353.60,353.60,0,CPA2026K
20221013,1259,354.15,354.15,354.15,354.15,0,CPA2026K
20221014,1259,351.40,351.40,351.40,351.40,0,CPA2026K
20221017,1259,351.95,351.95,351.95,351.95,0,CPA2026K
20221018,1259,348.45,348.45,348.45,348.45,0,CPA2026K
20221019,1259,345.05,345.05,345.05,345.05,0,CPA2026K
20221020,1259,353.40,353.40,353.40,353.40,0,CPA2026K
20221021,1259,358.05,358.05,358.05,358.05,0,CPA2026K
20221024,1259,354.60,354.60,354.60,354.60,0,CPA2026K
20221025,1259,351.50,351.50,351.50,351.50,0,CPA2026K
20221026,1259,364.25,364.25,364.25,364.25,0,CPA2026K
20221027,1259,362.30,362.30,362.30,362.30,0,CPA2026K
20221028,1259,353.70,353.70,353.70,353.70,0,CPA2026K
20221031,1259,348.25,348.25,348.25,348.25,0,CPA2026K
20221101,1259,354.80,354.80,354.80,354.80,0,CPA2026K
20221102,1259,355.25,355.25,355.25,355.25,0,CPA2026K
20221103,1259,352.30,352.30,352.30,352.30,0,CPA2026K
20221104,1259,377.05,377.05,377.05,377.05,0,CPA2026K
20221107,1259,370.80,370.80,370.80,370.80,0,CPA2026K
20221108,1259,378.15,378.15,378.15,378.15,0,CPA2026K
20221109,1259,379.00,379.00,379.00,379.00,0,CPA2026K
20221110,1259,381.40,381.40,381.40,381.40,0,CPA2026K
20221111,1259,396.70,396.70,396.70,396.70,0,CPA2026K
20221114,1259,390.50,390.50,390.50,390.50,0,CPA2026K
20221115,1259,390.55,390.55,390.55,390.55,0,CPA2026K
20221116,1259,386.10,386.10,386.10,386.10,0,CPA2026K
20221117,1259,380.30,380.30,380.30,380.30,0,CPA2026K
20221118,1259,375.35,375.35,375.35,375.35,0,CPA2026K
20221121,1259,368.80,368.80,368.80,368.80,0,CPA2026K
20221122,1259,372.15,372.15,372.15,372.15,0,CPA2026K
20221123,1259,372.25,372.25,372.25,372.25,0,CPA2026K
20221125,1159,373.40,373.40,373.40,373.40,0,CPA2026K
20221128,1259,370.85,370.85,370.85,370.85,0,CPA2026K
20221129,1259,373.55,373.55,373.55,373.55,0,CPA2026K
20221130,1259,382.50,382.50,382.50,382.50,0,CPA2026K
20221201,1259,390.90,390.90,390.90,390.90,0,CPA2026K
20221202,1259,393.80,393.80,393.80,393.80,0,CPA2026K
20221205,1259,389.85,389.85,389.85,389.85,0,CPA2026K
20221206,1259,392.35,392.35,392.35,392.35,0,CPA2026K
20221207,1259,386.55,386.55,386.55,386.55,0,CPA2026K
20221208,1259,387.55,387.55,387.55,387.55,0,CPA2026K
20221209,1259,388.90,388.90,388.90,388.90,0,CPA2026K
20221212,1259,382.30,382.30,382.30,382.30,0,CPA2026K
20221213,1259,385.25,385.25,385.25,385.25,0,CPA2026K
20221214,1259,388.85,388.85,388.85,388.85,0,CPA2026K
20221215,1259,378.75,378.75,378.75,378.75,0,CPA2026K
20221216,1259,378.65,378.65,378.65,378.65,0,CPA2026K
20221219,1259,380.20,380.20,380.20,380.20,0,CPA2026K
20221220,1259,381.45,381.45,381.45,381.45,0,CPA2026K
20221221,1259,381.75,381.75,381.75,381.75,0,CPA2026K
20221222,1259,377.20,377.20,377.20,377.20,0,CPA2026K
20221223,1259,382.15,382.15,382.15,382.15,0,CPA2026K
20221227,1259,386.50,386.50,386.50,386.50,0,CPA2026K
20221228,1259,386.90,386.90,386.90,386.90,0,CPA2026K
20221229,1259,384.20,384.20,384.20,384.20,0,CPA2026K
20221230,1259,382.10,382.10,382.10,382.10,0,CPA2026K
20230103,1259,379.40,379.40,379.40,379.40,0,CPA2026K
20230104,1259,377.15,377.15,377.15,377.15,0,CPA2026K
20230105,1259,384.00,384.00,384.00,384.00,0,CPA2026K
20230106,1259,392.00,392.00,392.00,392.00,0,CPA2026K
20230109,1259,403.85,403.85,403.85,403.85,0,CPA2026K
20230110,1259,408.75,408.75,408.75,408.75,0,CPA2026K
20230111,1259,417.25,417.25,417.25,417.25,0,CPA2026K
20230112,1259,420.90,420.90,420.90,420.90,0,CPA2026K
20230113,1259,422.85,422.85,422.85,422.85,0,CPA2026K
20230117,1259,423.30,423.30,423.30,423.30,0,CPA2026K
20230118,1259,424.05,424.05,424.05,424.05,0,CPA2026K
20230119,1259,423.60,423.60,423.60,423.60,0,CPA2026K
20230120,1259,425.45,425.45,425.45,425.45,0,CPA2026K
20230123,1259,427.70,427.70,427.70,427.70,0,CPA2026K
20230124,1259,426.60,426.60,426.60,426.60,0,CPA2026K
20230125,1259,426.70,426.70,426.70,426.70,0,CPA2026K
20230126,1259,427.90,427.90,427.90,427.90,0,CPA2026K
20230127,1259,423.65,423.65,423.65,423.65,0,CPA2026K
20230130,1259,422.25,422.25,422.25,422.25,0,CPA2026K
20230131,1259,424.25,424.25,424.25,424.25,0,CPA2026K
20230201,1259,413.85,413.85,413.85,413.85,0,CPA2026K
20230202,1259,412.90,412.90,412.90,412.90,0,CPA2026K
20230203,1259,409.85,409.85,409.85,409.85,0,CPA2026K
20230206,1259,408.70,408.70,408.70,408.70,0,CPA2026K
20230207,1259,410.20,410.20,410.20,410.20,0,CPA2026K
20230208,1259,404.20,404.20,404.20,404.20,0,CPA2026K
20230209,1259,409.95,409.95,409.95,409.95,0,CPA2026K
20230210,1259,403.70,403.70,403.70,403.70,0,CPA2026K
20230213,1259,408.15,408.15,408.15,408.15,0,CPA2026K
20230214,1259,409.70,409.70,409.70,409.70,0,CPA2026K
20230215,1259,402.40,402.40,402.40,402.40,0,CPA2026K
20230216,1259,411.95,411.95,411.95,411.95,0,CPA2026K
20230217,1259,410.75,410.75,410.75,410.75,0,CPA2026K
20230221,1259,419.70,419.70,419.70,419.70,0,CPA2026K
20230222,1259,417.20,417.20,417.20,417.20,0,CPA2026K
20230223,1259,405.35,405.35,405.35,405.35,0,CPA2026K
20230224,1259,396.55,396.55,396.55,396.55,0,CPA2026K
20230227,1259,402.00,402.00,402.00,402.00,0,CPA2026K
20230228,1259,409.70,409.70,409.70,409.70,0,CPA2026K
20230301,1259,415.40,415.40,415.40,415.40,0,CPA2026K
20230302,1259,408.70,408.70,408.70,408.70,0,CPA2026K
20230303,1259,408.00,408.00,408.00,408.00,0,CPA2026K
20230306,1259,410.55,410.55,410.55,410.55,0,CPA2026K
20230307,1259,399.70,399.70,399.70,399.70,0,CPA2026K
20230308,1259,404.45,404.45,404.45,404.45,0,CPA2026K
20230309,1259,405.20,405.20,405.20,405.20,0,CPA2026K
20230310,1259,405.50,405.50,405.50,405.50,0,CPA2026K
20230313,1259,407.80,407.80,407.80,407.80,0,CPA2026K
20230314,1259,403.40,403.40,403.40,403.40,0,CPA2026K
20230315,1259,388.70,388.70,388.70,388.70,0,CPA2026K
20230316,1259,390.05,390.05,390.05,390.05,0,CPA2026K
20230317,1259,392.15,392.15,392.15,392.15,0,CPA2026K
20230320,1259,397.80,397.80,397.80,397.80,0,CPA2026K
20230321,1259,401.30,401.30,401.30,401.30,0,CPA2026K
20230322,1259,404.65,404.65,404.65,404.65,0,CPA2026K
20230323,1259,411.00,411.00,411.00,411.00,0,CPA2026K
20230324,1259,408.65,408.65,408.65,408.65,0,CPA2026K
20230327,1259,409.90,409.90,409.90,409.90,0,CPA2026K
20230328,1259,410.20,410.20,410.20,410.20,0,CPA2026K
20230329,1259,409.50,409.50,409.50,409.50,0,CPA2026K
20230330,1259,410.50,410.50,410.50,410.50,0,CPA2026K
20230331,1259,410.65,410.65,410.65,410.65,0,CPA2026K
20230403,1259,406.45,406.45,406.45,406.45,0,CPA2026K
20230404,1259,399.15,399.15,399.15,399.15,0,CPA2026K
20230405,1259,399.45,399.45,399.45,399.45,0,CPA2026K
20230406,1259,402.40,402.40,402.40,402.40,0,CPA2026K
20230410,1259,399.70,399.70,399.70,399.70,0,CPA2026K
20230411,1259,403.35,403.35,403.35,403.35,0,CPA2026K
20230412,1259,407.70,407.70,407.70,407.70,0,CPA2026K
20230413,1259,411.05,411.05,411.05,411.05,0,CPA2026K
20230414,1259,410.05,410.05,410.05,410.05,0,CPA2026K
20230417,1259,407.30,407.30,407.30,407.30,0,CPA2026K
20230418,1259,410.15,410.15,410.15,410.15,0,CPA2026K
20230419,1259,408.75,408.75,408.75,408.75,0,CPA2026K
20230420,1259,404.45,404.45,404.45,404.45,0,CPA2026K
20230421,1259,400.80,400.80,400.80,400.80,0,CPA2026K
20230424,1259,399.15,399.15,399.15,399.15,0,CPA2026K
20230425,1259,389.10,389.10,389.10,389.10,0,CPA2026K
20230426,1259,388.45,388.45,388.45,388.45,0,CPA2026K
20230427,1259,390.40,390.40,390.40,390.40,0,CPA2026K
20230428,1259,392.05,392.05,392.05,392.05,0,CPA2026K
20230501,1259,396.65,396.65,396.65,396.65,0,CPA2026K
20230502,1259,390.10,390.10,390.10,390.10,0,CPA2026K
20230503,1259,388.60,388.60,388.60,388.60,0,CPA2026K
20230504,1259,391.25,391.25,391.25,391.25,0,CPA2026K
20230505,1259,393.10,393.10,393.10,393.10,0,CPA2026K
20230508,1259,398.25,398.25,398.25,398.25,0,CPA2026K
20230509,1259,395.95,395.95,395.95,395.95,0,CPA2026K
20230510,1259,390.95,390.95,390.95,390.95,0,CPA2026K
20230511,1259,377.55,377.55,377.55,377.55,0,CPA2026K
20230512,1259,379.05,379.05,379.05,379.05,0,CPA2026K
20230515,1259,381.60,381.60,381.60,381.60,0,CPA2026K
20230516,1259,374.15,374.15,374.15,374.15,0,CPA2026K
20230517,1259,382.70,382.70,382.70,382.70,0,CPA2026K
20230518,1259,377.75,377.75,377.75,377.75,0,CPA2026K
20230519,1259,381.40,381.40,381.40,381.40,0,CPA2026K
20230522,1259,377.90,377.90,377.90,377.90,0,CPA2026K
20230523,1259,375.20,375.20,375.20,375.20,0,CPA2026K
20230524,1259,366.85,366.85,366.85,366.85,0,CPA2026K
20230525,1259,369.00,369.00,369.00,369.00,0,CPA2026K
20230526,1259,377.30,377.30,377.30,377.30,0,CPA2026K
20230530,1259,376.35,376.35,376.35,376.35,0,CPA2026K
20230531,1259,374.05,374.05,374.05,374.05,0,CPA2026K
20230601,1259,380.60,380.60,380.60,380.60,0,CPA2026K
20230602,1259,381.95,381.95,381.95,381.95,0,CPA2026K
20230605,1259,384.90,384.90,384.90,384.90,0,CPA2026K
20230606,1259,383.90,383.90,383.90,383.90,0,CPA2026K
20230607,1259,380.55,380.55,380.55,380.55,0,CPA2026K
20230608,1259,384.95,384.95,384.95,384.95,0,CPA2026K
20230609,1259,385.30,385.30,385.30,385.30,0,CPA2026K
20230612,1259,382.65,382.65,382.65,382.65,0,CPA2026K
20230613,1259,388.20,388.20,388.20,388.20,0,CPA2026K
20230614,1259,390.50,390.50,390.50,390.50,0,CPA2026K
20230615,1259,393.10,393.10,393.10,393.10,0,CPA2026K
20230616,1259,394.10,394.10,394.10,394.10,0,CPA2026K
20230620,1259,391.70,391.70,391.70,391.70,0,CPA2026K
20230621,1259,392.80,392.80,392.80,392.80,0,CPA2026K
20230622,1259,393.30,393.30,393.30,393.30,0,CPA2026K
20230623,1259,385.80,385.80,385.80,385.80,0,CPA2026K
20230626,1259,384.65,384.65,384.65,384.65,0,CPA2026K
20230627,1259,382.45,382.45,382.45,382.45,0,CPA2026K
20230628,1259,379.00,379.00,379.00,379.00,0,CPA2026K
20230629,1259,374.50,374.50,374.50,374.50,0,CPA2026K
20230630,1259,381.15,381.15,381.15,381.15,0,CPA2026K
20230703,1259,384.30,384.30,384.30,384.30,0,CPA2026K
20230705,1259,382.80,382.80,382.80,382.80,0,CPA2026K
20230706,1259,381.75,381.75,381.75,381.75,0,CPA2026K
20230707,1259,385.90,385.90,385.90,385.90,0,CPA2026K
20230710,1259,386.65,386.65,386.65,386.65,0,CPA2026K
20230711,1259,385.45,385.45,385.45,385.45,0,CPA2026K
20230712,1259,393.00,393.00,393.00,393.00,0,CPA2026K
20230713,1259,400.50,400.50,400.50,400.50,0,CPA2026K
20230714,1259,400.20,400.20,400.20,400.20,0,CPA2026K
20230717,1259,391.90,391.90,391.90,391.90,0,CPA2026K
20230718,1259,390.80,390.80,390.80,390.80,0,CPA2026K
20230719,1259,388.75,388.75,388.75,388.75,0,CPA2026K
20230720,1259,391.55,391.55,391.55,391.55,0,CPA2026K
20230721,1259,390.90,390.90,390.90,390.90,0,CPA2026K
20230724,1259,394.45,394.45,394.45,394.45,0,CPA2026K
20230725,1259,399.70,399.70,399.70,399.70,0,CPA2026K
20230726,1259,398.30,398.30,398.30,398.30,0,CPA2026K
20230727,1259,396.55,396.55,396.55,396.55,0,CPA2026K
20230728,1259,401.15,401.15,401.15,401.15,0,CPA2026K
20230731,1259,408.00,408.00,408.00,408.00,0,CPA2026K
20230801,1259,399.65,399.65,399.65,399.65,0,CPA2026K
20230802,1259,394.35,394.35,394.35,394.35,0,CPA2026K
20230803,1259,400.60,400.60,400.60,400.60,0,CPA2026K
20230804,1259,397.70,397.70,397.70,397.70,0,CPA2026K
20230807,1259,395.45,395.45,395.45,395.45,0,CPA2026K
20230808,1259,388.70,388.70,388.70,388.70,0,CPA2026K
20230809,1259,389.45,389.45,389.45,389.45,0,CPA2026K
20230810,1259,388.60,388.60,388.60,388.60,0,CPA2026K
20230811,1259,385.50,385.50,385.50,385.50,0,CPA2026K
20230814,1259,384.85,384.85,384.85,384.85,0,CPA2026K
20230815,1259,382.05,382.05,382.05,382.05,0,CPA2026K
20230816,1259,380.65,380.65,380.65,380.65,0,CPA2026K
20230817,1259,383.40,383.40,383.40,383.40,0,CPA2026K
20230818,1259,383.35,383.35,383.35,383.35,0,CPA2026K
20230821,1259,385.05,385.05,385.05,385.05,0,CPA2026K
20230822,1259,388.40,388.40,388.40,388.40,0,CPA2026K
20230823,1259,392.80,392.80,392.80,392.80,0,CPA2026K
20230824,1259,389.30,389.30,389.30,389.30,0,CPA2026K
20230825,1259,388.25,388.25,388.25,388.25,0,CPA2026K
20230828,1259,389.40,389.40,389.40,389.40,0,CPA2026K
20230829,1259,394.25,394.25,394.25,394.25,0,CPA2026K
20230830,1259,394.75,394.75,394.75,394.75,0,CPA2026K
20230831,1259,392.85,392.85,392.85,392.85,0,CPA2026K
20230901,1259,395.40,395.40,395.40,395.40,0,CPA2026K
20230905,1259,394.70,394.70,394.70,394.70,0,CPA2026K
20230906,1259,389.65,389.65,389.65,389.65,0,CPA2026K
20230907,1259,387.45,387.45,387.45,387.45,0,CPA2026K
20230908,1259,383.30,383.30,383.30,383.30,0,CPA2026K
20230911,1259,392.10,392.10,392.10,392.10,0,CPA2026K
20230912,1259,390.70,390.70,390.70,390.70,0,CPA2026K
20230913,1259,390.55,390.55,390.55,390.55,0,CPA2026K
20230914,1259,390.70,390.70,390.70,390.70,0,CPA2026K
20230915,1259,389.80,389.80,389.80,389.80,0,CPA2026K
20230918,1259,388.35,388.35,388.35,388.35,0,CPA2026K
20230919,1259,385.45,385.45,385.45,385.45,0,CPA2026K
20230920,1259,388.25,388.25,388.25,388.25,0,CPA2026K
20230921,1259,381.75,381.75,381.75,381.75,0,CPA2026K
20230922,1259,382.65,382.65,382.65,382.65,0,CPA2026K
20230925,1259,381.00,381.00,381.00,381.00,0,CPA2026K
20230926,1259,378.45,378.45,378.45,378.45,0,CPA2026K
20230927,1259,376.75,376.75,376.75,376.75,0,CPA2026K
20230928,1259,382.15,382.15,382.15,382.15,0,CPA2026K
20230929,1259,385.95,385.95,385.95,385.95,0,CPA2026K
20231002,1259,377.45,377.45,377.45,377.45,0,CPA2026K
20231003,1259,374.85,374.85,374.85,374.85,0,CPA2026K
20231004,1259,371.70,371.70,371.70,371.70,0,CPA2026K
20231005,1259,368.00,368.00,368.00,368.00,0,CPA2026K
20231006,1259,375.05,375.05,375.05,375.05,0,CPA2026K
20231009,1259,377.25,377.25,377.25,377.25,0,CPA2026K
20231010,1259,374.70,374.70,374.70,374.70,0,CPA2026K
20231011,1259,374.40,374.40,374.40,374.40,0,CPA2026K
20231012,1259,374.35,374.35,374.35,374.35,0,CPA2026K
20231013,1259,372.45,372.45,372.45,372.45,0,CPA2026K
20231016,1259,375.25,375.25,375.25,375.25,0,CPA2026K
20231017,1259,375.30,375.30,375.30,375.30,0,CPA2026K
20231018,1259,374.50,374.50,374.50,374.50,0,CPA2026K
20231019,1259,375.25,375.25,375.25,375.25,0,CPA2026K
20231020,1259,373.30,373.30,373.30,373.30,0,CPA2026K
20231023,1259,373.90,373.90,373.90,373.90,0,CPA2026K
20231024,1259,374.75,374.75,374.75,374.75,0,CPA2026K
20231025,1259,372.95,372.95,372.95,372.95,0,CPA2026K
20231026,1259,375.10,375.10,375.10,375.10,0,CPA2026K
20231027,1259,380.50,380.50,380.50,380.50,0,CPA2026K
20231030,1259,381.75,381.75,381.75,381.75,0,CPA2026K
20231031,1259,380.95,380.95,380.95,380.95,0,CPA2026K
20231101,1259,382.15,382.15,382.15,382.15,0,CPA2026K
20231102,1259,384.65,384.65,384.65,384.65,0,CPA2026K
20231103,1259,385.40,385.40,385.40,385.40,0,CPA2026K
20231106,1259,389.45,389.45,389.45,389.45,0,CPA2026K
20231107,1259,387.55,387.55,387.55,387.55,0,CPA2026K
20231108,1259,384.10,384.10,384.10,384.10,0,CPA2026K
20231109,1259,384.20,384.20,384.20,384.20,0,CPA2026K
20231110,1259,381.40,381.40,381.40,381.40,0,CPA2026K
20231113,1259,387.20,387.20,387.20,387.20,0,CPA2026K
20231114,1259,389.30,389.30,389.30,389.30,0,CPA2026K
20231115,1259,392.75,392.75,392.75,392.75,0,CPA2026K
20231116,1259,391.00,391.00,391.00,391.00,0,CPA2026K
20231117,1259,394.30,394.30,394.30,394.30,0,CPA2026K
20231120,1259,401.05,401.05,401.05,401.05,0,CPA2026K
20231121,1259,402.65,402.65,402.65,402.65,0,CPA2026K
20231122,1259,397.55,397.55,397.55,397.55,0,CPA2026K
20231124,1159,400.80,400.80,400.80,400.80,0,CPA2026K
20231127,1259,398.10,398.10,398.10,398.10,0,CPA2026K
20231128,1259,400.95,400.95,400.95,400.95,0,CPA2026K
20231129,1259,399.50,399.50,399.50,399.50,0,CPA2026K
20231130,1259,401.45,401.45,401.45,401.45,0,CPA2026K
20231201,1259,408.00,408.00,408.00,408.00,0,CPA2026K
20231204,1259,400.65,400.65,400.65,400.65,0,CPA2026K
20231205,1259,394.70,394.70,394.70,394.70,0,CPA2026K
20231206,1259,390.20,390.20,390.20,390.20,0,CPA2026K
20231207,1259,395.90,395.90,395.90,395.90,0,CPA2026K
20231208,1259,397.40,397.40,397.40,397.40,0,CPA2026K
20231211,1259,393.00,393.00,393.00,393.00,0,CPA2026K
20231212,1259,392.00,392.00,392.00,392.00,0,CPA2026K
20231213,1259,391.05,391.05,391.05,391.05,0,CPA2026K
20231214,1259,399.90,399.90,399.90,399.90,0,CPA2026K
20231215,1259,398.90,398.90,398.90,398.90,0,CPA2026K
20231218,1259,395.55,395.55,395.55,395.55,0,CPA2026K
20231219,1259,399.00,399.00,399.00,399.00,0,CPA2026K
20231220,1259,399.60,399.60,399.60,399.60,0,CPA2026K
20231221,1259,401.00,401.00,401.00,401.00,0,CPA2026K
20231222,1259,399.80,399.80,399.80,399.80,0,CPA2026K
20231226,1259,400.30,400.30,400.30,400.30,0,CPA2026K
20231227,1259,405.20,405.20,405.20,405.20,0,CPA2026K
20231228,1259,401.80,401.80,401.80,401.80,0,CPA2026K
20231229,1259,398.70,398.70,398.70,398.70,0,CPA2026K
20240102,1259,397.75,397.75,397.75,397.75,0,CPA2026K
20240103,1259,395.65,395.65,395.65,395.65,0,CPA2026K
20240104,1259,393.70,393.70,393.70,393.70,0,CPA2026K
20240105,1259,391.35,391.35,391.35,391.35,0,CPA2026K
20240108,1259,392.90,392.90,392.90,392.90,0,CPA2026K
20240109,1259,388.85,388.85,388.85,388.85,0,CPA2026K
20240110,1259,390.15,390.15,390.15,390.15,0,CPA2026K
20240111,1259,388.35,388.35,388.35,388.35,0,CPA2026K
20240112,1259,385.50,385.50,385.50,385.50,0,CPA2026K
20240116,1259,387.65,387.65,387.65,387.65,0,CPA2026K
20240117,1259,384.25,384.25,384.25,384.25,0,CPA2026K
20240118,1259,385.70,385.70,385.70,385.70,0,CPA2026K
20240119,1259,389.35,389.35,389.35,389.35,0,CPA2026K
20240122,1259,387.65,387.65,387.65,387.65,0,CPA2026K
20240123,1259,389.85,389.85,389.85,389.85,0,CPA2026K
20240124,1259,398.20,398.20,398.20,398.20,0,CPA2026K
20240125,1259,397.70,397.70,397.70,397.70,0,CPA2026K
20240126,1259,396.45,396.45,396.45,396.45,0,CPA2026K
20240129,1259,398.85,398.85,398.85,398.85,0,CPA2026K
20240130,1259,400.45,400.45,400.45,400.45,0,CPA2026K
20240131,1259,399.90,399.90,399.90,399.90,0,CPA2026K
20240201,1259,395.60,395.60,395.60,395.60,0,CPA2026K
20240202,1259,393.75,393.75,393.75,393.75,0,CPA2026K
20240205,1259,389.90,389.90,389.90,389.90,0,CPA2026K
20240206,1259,390.60,390.60,390.60,390.60,0,CPA2026K
20240207,1259,386.85,386.85,386.85,386.85,0,CPA2026K
20240208,1259,382.95,382.95,382.95,382.95,0,CPA2026K
20240209,1259,380.65,380.65,380.65,380.65,0,CPA2026K
20240212,1259,384.20,384.20,384.20,384.20,0,CPA2026K
20240213,1259,382.60,382.60,382.60,382.60,0,CPA2026K
20240214,1259,380.25,380.25,380.25,380.25,0,CPA2026K
20240215,1259,384.60,384.60,384.60,384.60,0,CPA2026K
20240216,1259,392.40,392.40,392.40,392.40,0,CPA2026K
20240220,1259,394.35,394.35,394.35,394.35,0,CPA2026K
20240221,1259,395.55,395.55,395.55,395.55,0,CPA2026K
20240222,1259,398.70,398.70,398.70,398.70,0,CPA2026K
20240223,1259,397.90,397.90,397.90,397.90,0,CPA2026K
20240226,1259,390.80,390.80,390.80,390.80,0,CPA2026K
20240227,1259,393.00,393.00,393.00,393.00,0,CPA2026K
20240228,1259,391.30,391.30,391.30,391.30,0,CPA2026K
20240229,1259,391.70,391.70,391.70,391.70,0,CPA2026K
20240301,1259,393.40,393.40,393.40,393.40,0,CPA2026K
20240304,1259,393.30,393.30,393.30,393.30,0,CPA2026K
20240305,1259,392.45,392.45,392.45,392.45,0,CPA2026K
20240306,1259,395.00,395.00,395.00,395.00,0,CPA2026K
20240307,1259,399.80,399.80,399.80,399.80,0,CPA2026K
20240308,1259,396.75,396.75,396.75,396.75,0,CPA2026K
20240311,1259,400.15,400.15,400.15,400.15,0,CPA2026K
20240312,1259,400.50,400.50,400.50,400.50,0,CPA2026K
20240313,1259,411.50,411.50,411.50,411.50,0,CPA2026K
20240314,1259,411.45,411.45,411.45,411.45,0,CPA2026K
20240315,1259,419.75,419.75,419.75,419.75,0,CPA2026K
20240318,1259,420.35,420.35,420.35,420.35,0,CPA2026K
20240319,1259,415.70,415.70,415.70,415.70,0,CPA2026K
20240320,1259,413.80,413.80,413.80,413.80,0,CPA2026K
20240321,1259,415.95,415.95,415.95,415.95,0,CPA2026K
20240322,1259,411.15,411.15,411.15,411.15,0,CPA2026K
20240325,1259,412.65,412.65,412.65,412.65,0,CPA2026K
20240326,1259,412.15,412.15,412.15,412.15,0,CPA2026K
20240327,1259,411.65,411.65,411.65,411.65,0,CPA2026K
20240328,1259,413.00,413.00,413.00,413.00,0,CPA2026K
20240401,1259,417.25,417.25,417.25,417.25,0,CPA2026K
20240402,1259,419.75,419.75,419.75,419.75,0,CPA2026K
20240403,1259,432.50,432.50,432.50,432.50,0,CPA2026K
20240404,1259,437.75,437.75,437.75,437.75,0,CPA2026K
20240405,1259,436.60,436.60,436.60,436.60,0,CPA2026K
20240408,1259,439.60,439.60,439.60,439.60,0,CPA2026K
20240409,1259,440.30,440.30,440.30,440.30,0,CPA2026K
20240410,1259,439.30,439.30,439.30,439.30,0,CPA2026K
20240411,1259,438.10,438.10,438.10,438.10,0,CPA2026K
20240412,1259,438.60,438.60,438.60,438.60,0,CPA2026K
20240415,1259,446.15,446.15,446.15,446.15,0,CPA2026K
20240416,1259,439.00,439.00,439.00,439.00,0,CPA2026K
20240417,1259,440.70,440.70,440.70,440.70,0,CPA2026K
20240418,1259,451.25,451.25,451.25,451.25,0,CPA2026K
20240419,1259,456.65,456.65,456.65,456.65,0,CPA2026K
20240422,1259,454.75,454.75,454.75,454.75,0,CPA2026K
20240423,1259,450.00,450.00,450.00,450.00,0,CPA2026K
20240424,1259,452.15,452.15,452.15,452.15,0,CPA2026K
20240425,1259,457.55,457.55,457.55,457.55,0,CPA2026K
20240426,1259,462.15,462.15,462.15,462.15,0,CPA2026K
20240429,1259,470.60,470.60,470.60,470.60,0,CPA2026K
20240430,1259,460.35,460.35,460.35,460.35,0,CPA2026K
20240501,1259,457.65,457.65,457.65,457.65,0,CPA2026K
20240502,1259,452.20,452.20,452.20,452.20,0,CPA2026K
20240503,1259,459.10,459.10,459.10,459.10,0,CPA2026K
20240506,1259,464.50,464.50,464.50,464.50,0,CPA2026K
20240507,1259,464.20,464.20,464.20,464.20,0,CPA2026K
20240508,1259,458.65,458.65,458.65,458.65,0,CPA2026K
20240509,1259,460.55,460.55,460.55,460.55,0,CPA2026K
20240510,1259,461.80,461.80,461.80,461.80,0,CPA2026K
20240513,1259,468.15,468.15,468.15,468.15,0,CPA2026K
20240514,1259,460.95,460.95,460.95,460.95,0,CPA2026K
20240515,1259,469.05,469.05,469.05,469.05,0,CPA2026K
20240516,1259,473.70,473.70,473.70,473.70,0,CPA2026K
20240517,1259,487.45,487.45,487.45,487.45,0,CPA2026K
20240520,1259,495.50,495.50,495.50,495.50,0,CPA2026K
20240521,1259,495.65,495.65,495.65,495.65,0,CPA2026K
20240522,1259,476.80,476.80,476.80,476.80,0,CPA2026K
20240523,1259,474.75,474.75,474.75,474.75,0,CPA2026K
20240524,1259,473.10,473.10,473.10,473.10,0,CPA2026K
20240528,1259,483.80,483.80,483.80,483.80,0,CPA2026K
20240529,1259,480.25,480.25,480.25,480.25,0,CPA2026K
20240530,1259,467.05,467.05,467.05,467.05,0,CPA2026K
20240531,1259,464.50,464.50,464.50,464.50,0,CPA2026K
20240603,1259,469.30,469.30,469.30,469.30,0,CPA2026K
20240604,1259,456.70,456.70,456.70,456.70,0,CPA2026K
20240605,1259,458.90,458.90,458.90,458.90,0,CPA2026K
20240606,1259,467.05,467.05,467.05,467.05,0,CPA2026K
20240607,1259,452.30,452.30,452.30,452.30,0,CPA2026K
20240610,1259,458.05,458.05,458.05,458.05,0,CPA2026K
20240611,1259,452.10,452.10,452.10,452.10,0,CPA2026K
20240612,1259,458.40,458.40,458.40,458.40,0,CPA2026K
20240613,1259,451.85,451.85,451.85,451.85,0,CPA2026K
20240614,1259,451.25,451.25,451.25,451.25,0,CPA2026K
20240617,1259,447.60,447.60,447.60,447.60,0,CPA2026K
20240618,1259,450.30,450.30,450.30,450.30,0,CPA2026K
20240620,1259,456.50,456.50,456.50,456.50,0,CPA2026K
20240621,1259,448.70,448.70,448.70,448.70,0,CPA2026K
20240624,1259,447.65,447.65,447.65,447.65,0,CPA2026K
20240625,1259,444.15,444.15,444.15,444.15,0,CPA2026K
20240626,1259,444.30,444.30,444.30,444.30,0,CPA2026K
20240627,1259,443.30,443.30,443.30,443.30,0,CPA2026K
20240628,1259,447.15,447.15,447.15,447.15,0,CPA2026K
20240701,1259,449.65,449.65,449.65,449.65,0,CPA2026K
20240702,1259,449.00,449.00,449.00,449.00,0,CPA2026K
20240703,1259,458.90,458.90,458.90,458.90,0,CPA2026K
20240705,1259,465.65,465.65,465.65,465.65,0,CPA2026K
20240708,1259,464.40,464.40,464.40,464.40,0,CPA2026K
20240709,1259,461.10,461.10,461.10,461.10,0,CPA2026K
20240710,1259,461.95,461.95,461.95,461.95,0,CPA2026K
20240711,1259,457.90,457.90,457.90,457.90,0,CPA2026K
20240712,1259,463.65,463.65,463.65,463.65,0,CPA2026K
20240715,1259,459.85,459.85,459.85,459.85,0,CPA2026K
20240716,1259,453.85,453.85,453.85,453.85,0,CPA2026K
20240717,1259,452.10,452.10,452.10,452.10,0,CPA2026K
20240718,1259,441.20,441.20,441.20,441.20,0,CPA2026K
20240719,1259,438.15,438.15,438.15,438.15,0,CPA2026K
20240722,1259,434.65,434.65,434.65,434.65,0,CPA2026K
20240723,1259,430.20,430.20,430.20,430.20,0,CPA2026K
20240724,1259,426.95,426.95,426.95,426.95,0,CPA2026K
20240725,1259,428.45,428.45,428.45,428.45,0,CPA2026K
20240726,1259,429.75,429.75,429.75,429.75,0,CPA2026K
20240729,1259,426.20,426.20,426.20,426.20,0,CPA2026K
20240730,1259,426.55,426.55,426.55,426.55,0,CPA2026K
20240731,1259,434.85,434.85,434.85,434.85,0,CPA2026K
20240801,1259,426.95,426.95,426.95,426.95,0,CPA2026K
20240802,1259,428.80,428.80,428.80,428.80,0,CPA2026K
20240805,1259,418.05,418.05,418.05,418.05,0,CPA2026K
20240806,1259,420.55,420.55,420.55,420.55,0,CPA2026K
20240807,1259,415.05,415.05,415.05,415.05,0,CPA2026K
20240808,1259,415.00,415.00,415.00,415.00,0,CPA2026K
20240809,1259,417.70,417.70,417.70,417.70,0,CPA2026K
20240812,1259,424.70,424.70,424.70,424.70,0,CPA2026K
20240813,1259,422.75,422.75,422.75,422.75,0,CPA2026K
20240814,1259,421.55,421.55,421.55,421.55,0,CPA2026K
20240815,1259,429.75,429.75,429.75,429.75,0,CPA2026K
20240816,1259,431.55,431.55,431.55,431.55,0,CPA2026K
20240819,1259,435.05,435.05,435.05,435.05,0,CPA2026K
20240820,1259,433.05,433.05,433.05,433.05,0,CPA2026K
20240821,1259,434.55,434.55,434.55,434.55,0,CPA2026K
20240822,1259,431.55,431.55,431.55,431.55,0,CPA2026K
20240823,1259,436.80,436.80,436.80,436.80,0,CPA2026K
20240826,1259,440.95,440.95,440.95,440.95,0,CPA2026K
20240827,1259,443.50,443.50,443.50,443.50,0,CPA2026K
20240828,1259,436.20,436.20,436.20,436.20,0,CPA2026K
20240829,1259,437.15,437.15,437.15,437.15,0,CPA2026K
20240830,1259,435.90,435.90,435.90,435.90,0,CPA2026K
20240903,1259,423.15,423.15,423.15,423.15,0,CPA2026K
20240904,1259,422.20,422.20,422.20,422.20,0,CPA2026K
20240905,1259,428.30,428.30,428.30,428.30,0,CPA2026K
20240906,1259,423.25,423.25,423.25,423.25,0,CPA2026K
20240909,1259,429.85,429.85,429.85,429.85,0,CPA2026K
20240910,1259,424.80,424.80,424.80,424.80,0,CPA2026K
20240911,1259,428.75,428.75,428.75,428.75,0,CPA2026K
20240912,1259,433.55,433.55,433.55,433.55,0,CPA2026K
20240913,1259,436.60,436.60,436.60,436.60,0,CPA2026K
20240916,1259,440.80,440.80,440.80,440.80,0,CPA2026K
20240917,1259,441.45,441.45,441.45,441.45,0,CPA2026K
20240918,1259,442.95,442.95,442.95,442.95,0,CPA2026K
20240919,1259,447.45,447.45,447.45,447.45,0,CPA2026K
20240920,1259,447.45,447.45,447.45,447.45,0,CPA2026K
20240923,1259,448.15,448.15,448.15,448.15,0,CPA2026K
20240924,1259,460.90,460.90,460.90,460.90,0,CPA2026K
20240925,1259,462.05,462.05,462.05,462.05,0,CPA2026K
20240925,1652,463.40,463.40,463.40,463.40,2,CPA2026K
20240926,1259,472.55,472.55,472.55,472.55,0,CPA2026K
20240927,1259,470.55,470.55,470.55,470.55,0,CPA2026K
20240930,1259,463.85,463.85,463.85,463.85,0,CPA2026K
20241001,1259,470.15,470.15,470.15,470.15,0,CPA2026K
20241002,1259,476.20,476.20,476.20,476.20,0,CPA2026K
20241003,1259,468.30,468.30,468.30,468.30,0,CPA2026K
20241004,1259,472.15,472.15,472.15,472.15,0,CPA2026K
20241007,1259,471.55,471.55,471.55,471.55,0,CPA2026K
20241008,1259,462.40,462.40,462.40,462.40,0,CPA2026K
20241009,1259,456.20,456.20,456.20,456.20,0,CPA2026K
20241010,1259,458.50,458.50,458.50,458.50,0,CPA2026K
20241011,1259,464.70,464.70,464.70,464.70,0,CPA2026K
20241014,1259,458.00,458.00,458.00,458.00,0,CPA2026K
20241015,1259,452.30,452.30,452.30,452.30,0,CPA2026K
20241016,1259,454.45,454.45,454.45,454.45,0,CPA2026K
20241017,1259,451.30,451.30,451.30,451.30,0,CPA2026K
20241018,1259,457.35,457.35,457.35,457.35,0,CPA2026K
20241021,1259,455.15,455.15,455.15,455.15,0,CPA2026K
20241022,1259,457.15,457.15,457.15,457.15,0,CPA2026K
20241023,1259,454.00,454.00,454.00,454.00,0,CPA2026K
20241024,1259,454.95,454.95,454.95,454.95,0,CPA2026K
20241025,1259,455.65,455.65,455.65,455.65,0,CPA2026K
20241028,1259,454.30,454.30,454.30,454.30,0,CPA2026K
20241029,1259,453.50,453.50,453.50,453.50,0,CPA2026K
20241030,1259,452.25,452.25,452.25,452.25,0,CPA2026K
20241030,1513,454.15,454.15,454.15,454.15,2,CPA2026K
20241031,1259,451.40,451.40,451.40,451.40,0,CPA2026K
20241101,1259,454.85,454.85,454.85,454.85,0,CPA2026K
20241104,1259,459.90,459.90,459.90,459.90,0,CPA2026K
20241105,1259,464.30,464.30,464.30,464.30,0,CPA2026K
20241106,1259,443.80,443.80,443.80,443.80,0,CPA2026K
20241107,1259,460.85,460.85,460.85,460.85,0,CPA2026K
20241108,1259,449.85,449.85,449.85,449.85,0,CPA2026K
20241111,1259,442.95,442.95,442.95,442.95,0,CPA2026K
20241112,1259,434.95,434.95,434.95,434.95,0,CPA2026K
20241113,1259,429.20,429.20,429.20,429.20,0,CPA2026K
20241113,1635,428.75,428.75,428.75,428.75,1,CPA2026K
20241113,1636,429.00,429.20,429.00,429.20,6,CPA2026K
20241114,1259,429.05,429.05,429.05,429.05,0,CPA2026K
20241115,1259,425.65,425.65,425.65,425.65,0,CPA2026K
20241115,1638,426.80,426.80,426.80,426.80,2,CPA2026K
20241118,1259,431.05,431.05,431.05,431.05,0,CPA2026K
20241119,1259,432.20,432.20,432.20,432.20,0,CPA2026K
20241120,1259,432.45,432.45,432.45,432.45,0,CPA2026K
20241121,1259,430.35,430.35,430.35,430.35,0,CPA2026K
20241122,1259,427.20,427.20,427.20,427.20,0,CPA2026K
20241125,1259,430.10,430.10,430.10,430.10,0,CPA2026K
20241126,1259,426.30,426.30,426.30,426.30,0,CPA2026K
20241127,1259,427.90,427.90,427.90,427.90,0,CPA2026K
20241129,1259,428.15,428.15,428.15,428.15,0,CPA2026K
20241202,1259,427.50,427.50,427.50,427.50,0,CPA2026K
20241203,1259,433.80,433.80,433.80,433.80,0,CPA2026K
20241204,1259,434.25,434.25,434.25,434.25,0,CPA2026K
20241205,1259,433.05,433.05,433.05,433.05,0,CPA2026K
20241206,1259,433.10,433.10,433.10,433.10,0,CPA2026K
20241209,1259,440.65,440.65,440.65,440.65,0,CPA2026K
20241210,1259,439.90,439.90,439.90,439.90,0,CPA2026K
20241211,1259,438.15,438.15,438.15,438.15,0,CPA2026K
20241212,1259,436.40,436.40,436.40,436.40,0,CPA2026K
20241213,1259,431.90,431.90,431.90,431.90,0,CPA2026K
20241216,1259,431.55,431.55,431.55,431.55,0,CPA2026K
20241217,1259,428.75,428.75,428.75,428.75,0,CPA2026K
20241218,1259,430.05,430.05,430.05,430.05,0,CPA2026K
20241219,1259,422.80,422.80,422.80,422.80,0,CPA2026K
20241220,1259,424.70,424.70,424.70,424.70,0,CPA2026K
20241223,1259,423.60,423.60,423.60,423.60,0,CPA2026K
20241224,1159,425.75,425.75,425.75,425.75,0,CPA2026K
20241226,1259,427.75,427.75,427.75,427.75,0,CPA2026K
20241227,1259,427.35,427.35,427.35,427.35,0,CPA2026K
20241230,1259,424.35,424.35,424.35,424.35,0,CPA2026K
20241231,1259,417.60,417.60,417.60,417.60,0,CPA2026K
20250102,1259,417.60,417.60,417.60,417.60,0,CPA2026K
20250103,1259,421.60,421.60,421.60,421.60,0,CPA2026K
20250106,1259,429.20,429.20,429.20,429.20,0,CPA2026K
20250106,1644,429.30,429.30,429.30,429.30,1,CPA2026K
20250107,1259,433.50,433.50,433.50,433.50,0,CPA2026K
20250108,1259,438.35,438.35,438.35,438.35,0,CPA2026K
20250109,1259,442.05,442.05,442.05,442.05,0,CPA2026K
20250110,1259,440.85,440.85,440.85,440.85,0,CPA2026K
20250113,1259,445.25,445.25,445.25,445.25,0,CPA2026K
20250114,1259,447.80,447.80,447.80,447.80,0,CPA2026K
20250115,1259,451.40,451.40,451.40,451.40,0,CPA2026K
20250116,1259,457.00,457.00,457.00,457.00,0,CPA2026K
20250117,1259,450.30,450.30,450.30,450.30,0,CPA2026K
20250121,1259,449.20,449.20,449.20,449.20,0,CPA2026K
20250122,1259,446.40,446.40,446.40,446.40,0,CPA2026K
20250123,1259,448.60,448.60,448.60,448.60,0,CPA2026K
20250124,1259,449.70,449.70,449.70,449.70,0,CPA2026K
20250124,1654,449.90,450.10,449.90,450.10,2,CPA2026K
20250127,0807,448.10,448.10,448.10,448.10,1,CPA2026K
20250127,1259,442.15,442.15,442.15,442.15,0,CPA2026K
20250128,1259,442.35,442.35,442.35,442.35,0,CPA2026K
20250129,1028,446.35,446.35,446.35,446.35,1,CPA2026K
20250129,1259,445.60,445.60,445.60,445.60,0,CPA2026K
20250130,1259,450.05,450.05,450.05,450.05,0,CPA2026K
20250131,1259,447.10,447.10,447.10,447.10,0,CPA2026K
20250203,1259,448.90,448.90,448.90,448.90,0,CPA2026K
20250204,1259,453.45,453.45,453.45,453.45,0,CPA2026K
20250205,1259,461.90,461.90,461.90,461.90,0,CPA2026K
20250206,1259,464.60,464.60,464.60,464.60,0,CPA2026K
20250207,1259,477.25,477.25,477.25,477.25,0,CPA2026K
20250210,1259,487.60,487.60,487.60,487.60,0,CPA2026K
20250211,1259,477.30,477.30,477.30,477.30,0,CPA2026K
20250212,1259,488.85,488.85,488.85,488.85,0,CPA2026K
20250213,1259,497.10,497.10,497.10,497.10,0,CPA2026K
20250214,1259,486.15,486.15,486.15,486.15,0,CPA2026K
20250218,1259,480.70,480.70,480.70,480.70,0,CPA2026K
20250219,1259,477.60,477.60,477.60,477.60,0,CPA2026K
20250220,1259,482.30,482.30,482.30,482.30,0,CPA2026K
20250221,1259,478.10,478.10,478.10,478.10,0,CPA2026K
20250224,0942,474.20,474.20,474.20,474.20,1,CPA2026K
20250224,1259,473.10,473.10,473.10,473.10,0,CPA2026K
20250224,1813,473.10,473.10,473.10,473.10,2,CPA2026K
20250225,1259,469.65,469.65,469.65,469.65,0,CPA2026K
20250226,0924,477.55,477.55,477.55,477.55,6,CPA2026K
20250226,1259,475.70,475.70,475.70,475.70,0,CPA2026K
20250227,1259,478.65,478.65,478.65,478.65,0,CPA2026K
20250227,1528,477.35,477.35,477.35,477.35,1,CPA2026K
20250228,0808,474.70,474.70,474.70,474.70,1,CPA2026K
20250228,1259,472.30,472.30,472.30,472.30,0,CPA2026K
20250303,1037,479.35,479.35,479.35,479.35,1,CPA2026K
20250303,1259,479.60,479.60,479.60,479.60,0,CPA2026K
20250304,1259,474.90,474.90,474.90,474.90,0,CPA2026K
20250305,1259,498.45,498.45,498.45,498.45,0,CPA2026K
20250306,1259,499.35,499.35,499.35,499.35,0,CPA2026K
20250306,1335,499.80,499.80,499.80,499.80,2,CPA2026K
20250307,1259,491.00,491.00,491.00,491.00,0,CPA2026K
20250310,1259,487.45,487.45,487.45,487.45,0,CPA2026K
20250311,1259,497.50,497.50,497.50,497.50,0,CPA2026K
20250312,1259,506.25,506.25,506.25,506.25,0,CPA2026K
20250313,1259,513.70,513.70,513.70,513.70,0,CPA2026K
20250314,1259,511.00,511.00,511.00,511.00,0,CPA2026K
20250314,1435,511.00,511.00,511.00,511.00,1,CPA2026K
20250317,1259,517.70,517.70,517.70,517.70,0,CPA2026K
20250318,1154,520.85,520.85,520.85,520.85,2,CPA2026K
20250318,1259,524.25,524.25,524.25,524.25,0,CPA2026K
20250319,1259,531.90,531.90,531.90,531.90,0,CPA2026K
20250320,1259,533.10,533.10,533.10,533.10,0,CPA2026K
20250321,1259,533.10,533.10,533.10,533.10,0,CPA2026K
20250321,1540,532.15,532.15,532.15,532.15,1,CPA2026K
20250324,1259,530.80,530.80,530.80,530.80,0,CPA2026K
20250325,1111,541.80,541.80,541.80,541.80,2,CPA2026K
20250325,1259,542.10,542.10,542.10,542.10,0,CPA2026K
20250326,0635,544.30,544.30,544.10,544.10,42,CPA2026K
20250326,0636,543.95,544.10,543.80,544.10,26,CPA2026K
20250326,0743,544.10,544.10,544.10,544.10,4,CPA2026K
20250326,0745,544.10,544.10,544.10,544.10,12,CPA2026K
20250326,0842,541.55,541.55,541.55,541.55,1,CPA2026K
20250326,0848,541.80,541.80,541.80,541.80,1,CPA2026K
20250326,0849,542.10,542.10,542.10,542.10,1,CPA2026K
20250326,0851,542.35,542.35,542.35,542.35,1,CPA2026K
20250326,0904,544.20,544.20,544.20,544.20,13,CPA2026K
20250326,0906,543.35,543.35,543.20,543.20,4,CPA2026K
20250326,0907,543.50,543.50,543.50,543.50,2,CPA2026K
20250326,0913,543.75,543.80,543.75,543.80,2,CPA2026K
20250326,0917,543.95,543.95,543.95,543.95,1,CPA2026K
20250326,0918,544.20,544.20,544.20,544.20,5,CPA2026K
20250326,0929,544.20,544.20,544.20,544.20,9,CPA2026K
20250326,1259,539.00,539.00,539.00,539.00,0,CPA2026K
20250326,1342,538.75,538.75,538.75,538.75,2,CPA2026K
20250327,0440,535.60,535.60,535.60,535.60,6,CPA2026K
20250327,1259,526.50,526.50,526.50,526.50,0,CPA2026K
20250328,1259,528.05,528.05,528.05,528.05,0,CPA2026K
20250331,0642,518.65,518.65,518.65,518.65,4,CPA2026K
20250331,1259,519.60,519.60,519.60,519.60,0,CPA2026K
20250401,0130,524.15,524.15,524.15,524.15,6,CPA2026K
20250401,0142,522.60,522.60,522.60,522.60,1,CPA2026K
20250401,1259,520.80,520.80,520.80,520.80,0,CPA2026K
20250402,1259,521.10,521.10,520.75,521.10,36,CPA2026K
20250403,0954,502.10,502.10,502.10,502.10,2,CPA2026K
20250403,1058,503.70,503.70,503.70,503.70,2,CPA2026K
20250403,1259,500.95,500.95,500.95,500.95,0,CPA2026K
20250404,1259,459.20,459.20,459.20,459.20,0,CPA2026K
20250406,1920,439.65,439.65,439.65,439.65,1,CPA2026K
20250406,2101,435.00,435.10,435.00,435.10,3,CPA2026K
20250406,2103,432.75,433.15,432.75,433.15,3,CPA2026K
20250407,0837,438.30,438.50,438.10,438.10,9,CPA2026K
20250407,0842,437.30,437.30,437.30,437.30,1,CPA2026K
20250407,0845,436.55,436.55,436.55,436.55,1,CPA2026K
20250407,0909,450.10,450.10,449.50,449.50,5,CPA2026K
20250407,0915,448.50,448.50,448.50,448.50,5,CPA2026K
20250407,0932,447.50,447.50,447.10,447.10,2,CPA2026K
20250407,1259,439.35,439.35,439.35,439.35,0,CPA2026K
20250408,1259,435.85,435.85,435.85,435.85,0,CPA2026K
20250408,1845,431.00,431.00,431.00,431.00,1,CPA2026K
20250409,1259,440.70,440.70,440.70,440.70,0,CPA2026K
20250410,1259,454.75,454.75,454.75,454.75,0,CPA2026K
20250411,0630,468.05,468.05,468.05,468.05,1,CPA2026K
20250411,1219,475.00,475.00,475.00,475.00,1,CPA2026K
20250411,1259,473.30,473.30,473.30,473.30,0,CPA2026K
20250414,0754,482.70,482.70,482.70,482.70,1,CPA2026K
20250414,0830,480.35,480.35,480.35,480.35,1,CPA2026K
20250414,0900,479.05,479.05,479.05,479.05,1,CPA2026K
20250414,0943,478.80,478.80,478.80,478.80,1,CPA2026K
20250414,1236,483.30,483.30,483.30,483.30,3,CPA2026K
20250414,1237,483.30,483.30,483.30,483.30,1,CPA2026K
20250414,1259,485.25,485.25,484.85,484.85,1,CPA2026K
20250415,1259,484.60,484.60,484.60,484.60,0,CPA2026K
20250416,0902,479.80,479.80,479.80,479.80,1,CPA2026K
20250416,1259,490.00,490.25,490.00,490.25,1,CPA2026K
20250417,1259,495.15,495.15,495.15,495.15,0,CPA2026K
20250421,1259,494.45,494.45,494.45,494.45,0,CPA2026K
20250421,1315,493.25,493.25,493.25,493.25,1,CPA2026K
20250422,0812,501.40,501.40,501.40,501.40,1,CPA2026K
20250422,1201,505.75,505.75,505.75,505.75,2,CPA2026K
20250422,1259,508.70,508.70,508.70,508.70,0,CPA2026K
20250423,0905,510.60,510.60,510.60,510.60,1,CPA2026K
20250423,1259,505.85,505.85,505.85,505.85,0,CPA2026K
20250424,1259,507.80,507.80,507.80,507.80,0,CPA2026K
20250424,1437,508.70,508.70,508.70,508.70,1,CPA2026K
20250424,1934,511.00,511.00,511.00,511.00,2,CPA2026K
20250424,1937,511.00,511.00,511.00,511.00,1,CPA2026K
20250425,1259,506.10,506.10,506.10,506.10,0,CPA2026K
20250428,0940,505.00,505.00,505.00,505.00,1,CPA2026K
20250428,0949,505.00,505.00,505.00,505.00,1,CPA2026K
20250428,1259,504.80,504.80,504.80,504.80,0,CPA2026K
20250429,1259,503.40,503.40,503.40,503.40,0,CPA2026K
20250430,0319,490.75,490.75,490.75,490.75,1,CPA2026K
20250430,1020,475.80,475.80,475.80,475.80,1,CPA2026K
20250430,1043,477.55,477.55,477.55,477.55,1,CPA2026K
20250430,1100,479.45,479.45,479.45,479.45,1,CPA2026K
20250430,1120,478.70,478.95,478.70,478.95,2,CPA2026K
20250430,1259,477.80,477.80,477.80,477.80,0,CPA2026K
20250501,1259,480.35,480.35,480.35,480.35,0,CPA2026K
20250502,1102,486.40,486.40,486.40,486.40,1,CPA2026K
20250502,1259,485.45,485.45,485.45,485.45,0,CPA2026K
20250505,1259,488.55,488.55,488.55,488.55,0,CPA2026K
20250506,1259,496.50,496.50,496.50,496.50,0,CPA2026K
20250507,0246,492.00,492.00,492.00,492.00,2,CPA2026K
20250507,1023,484.20,484.20,484.20,484.20,1,CPA2026K
20250507,1049,484.80,484.80,484.80,484.80,1,CPA2026K
20250507,1053,484.25,484.25,484.25,484.25,1,CPA2026K
20250507,1119,483.80,484.00,483.80,484.00,2,CPA2026K
20250507,1126,483.80,483.80,483.80,483.80,1,CPA2026K
20250507,1259,485.80,485.80,485.80,485.80,0,CPA2026K
20250508,1259,480.20,480.20,480.20,480.20,0,CPA2026K
20250509,1259,485.00,485.00,485.00,485.00,0,CPA2026K
20250509,1647,485.65,485.65,485.65,485.65,3,CPA2026K
20250512,0029,489.10,489.10,489.10,489.10,1,CPA2026K
20250512,0030,489.20,489.20,489.20,489.20,2,CPA2026K
20250512,0031,489.20,489.20,489.20,489.20,4,CPA2026K
20250512,0032,489.20,489.20,489.20,489.20,11,CPA2026K
20250512,0037,489.20,489.20,489.20,489.20,1,CPA2026K
20250512,0043,489.20,489.20,489.20,489.20,2,CPA2026K
20250512,0112,489.10,489.10,489.10,489.10,12,CPA2026K
20250512,0115,489.10,489.10,489.10,489.10,4,CPA2026K
20250512,0116,489.10,489.10,489.10,489.10,3,CPA2026K
20250512,0122,489.00,489.00,489.00,489.00,3,CPA2026K
20250512,0125,489.00,489.00,489.00,489.00,2,CPA2026K
20250512,0126,489.00,489.00,488.90,488.90,16,CPA2026K
20250512,0220,488.90,488.90,488.90,488.90,6,CPA2026K
20250512,0222,488.90,488.90,488.90,488.90,7,CPA2026K
20250512,0236,488.90,488.90,488.90,488.90,5,CPA2026K
20250512,0237,488.90,488.90,488.90,488.90,1,CPA2026K
20250512,1259,482.05,482.05,482.05,482.05,0,CPA2026K
20250513,1259,492.20,492.20,492.20,492.20,0,CPA2026K
20250513,1646,491.40,491.40,491.40,491.40,3,CPA2026K
20250513,1647,491.40,491.40,491.40,491.40,1,CPA2026K
20250514,1259,485.40,485.40,485.40,485.40,0,CPA2026K
20250515,1112,486.25,486.25,486.25,486.25,5,CPA2026K
20250515,1259,487.80,487.80,487.80,487.80,0,CPA2026K
20250516,1259,479.35,479.35,479.35,479.35,0,CPA2026K
20250519,1259,487.40,487.40,487.40,487.40,0,CPA2026K
20250519,1558,486.35,486.35,486.35,486.35,2,CPA2026K
20250520,1259,485.65,485.65,485.65,485.65,0,CPA2026K
20250520,1613,488.15,488.15,488.15,488.15,1,CPA2026K
20250520,2104,487.95,487.95,487.90,487.90,9,CPA2026K
20250520,2106,487.35,487.40,487.35,487.35,18,CPA2026K
20250521,1259,487.05,487.05,487.05,487.05,0,CPA2026K
20250522,1259,487.60,487.60,487.60,487.60,0,CPA2026K
20250523,0003,488.35,488.35,488.35,488.35,1,CPA2026K
20250523,1109,496.90,496.90,496.90,496.90,4,CPA2026K
20250523,1259,503.25,503.25,503.25,503.25,0,CPA2026K
20250527,0429,496.40,496.40,496.40,496.40,1,CPA2026K
20250527,1259,494.35,494.35,494.35,494.35,0,CPA2026K
20250528,1259,488.80,488.80,488.80,488.80,0,CPA2026K
20250529,1259,489.45,489.45,489.45,489.45,0,CPA2026K
20250529,1525,489.40,489.40,489.40,489.40,3,CPA2026K
20250530,1112,487.50,487.50,487.50,487.50,1,CPA2026K
20250530,1113,487.65,487.65,487.65,487.65,1,CPA2026K
20250530,1132,487.30,487.30,487.30,487.30,1,CPA2026K
20250530,1201,488.70,488.70,488.70,488.70,1,CPA2026K
20250530,1216,488.85,488.85,488.85,488.85,1,CPA2026K
20250530,1259,489.05,489.05,489.05,489.05,0,CPA2026K
20250602,0934,507.05,507.05,507.05,507.05,5,CPA2026K
20250602,1259,506.30,506.30,506.30,506.30,0,CPA2026K
20250603,1259,504.10,504.10,504.10,504.10,0,CPA2026K
20250604,1259,508.90,508.90,508.90,508.90,0,CPA2026K
20250605,1116,515.85,515.85,515.85,515.85,1,CPA2026K
20250605,1259,513.20,513.20,513.20,513.20,0,CPA2026K
20250606,1032,510.55,510.55,510.55,510.55,1,CPA2026K
20250606,1033,510.10,510.10,510.10,510.10,1,CPA2026K
20250606,1053,508.15,508.15,508.15,508.15,1,CPA2026K
20250606,1120,507.90,507.90,507.90,507.90,1,CPA2026K
20250606,1142,508.70,508.70,508.70,508.70,1,CPA2026K
20250606,1259,505.95,505.95,505.65,505.65,3,CPA2026K
20250609,1259,513.00,513.30,513.00,513.25,4,CPA2026K
20250610,1259,510.10,510.10,510.00,510.00,5,CPA2026K
20250611,1259,501.35,501.60,501.35,501.40,6,CPA2026K
20250612,1259,503.45,503.45,503.45,503.45,0,CPA2026K
20250612,1414,504.45,504.55,504.35,504.55,6,CPA2026K
20250613,1259,501.55,501.80,501.50,501.50,5,CPA2026K
20250616,1259,504.30,504.50,504.20,504.30,5,CPA2026K
20250617,1259,501.30,501.30,501.15,501.15,6,CPA2026K
20250618,1259,505.30,505.30,505.30,505.30,0,CPA2026K
20250618,1806,505.55,505.55,505.55,505.55,1,CPA2026K
20250618,2044,506.00,506.00,506.00,506.00,2,CPA2026K
20250620,0312,495.10,495.10,495.10,495.10,2,CPA2026K
20250620,0334,497.05,497.05,497.05,497.05,3,CPA2026K
20250620,0339,496.90,496.90,496.90,496.90,2,CPA2026K
20250620,1259,502.95,502.95,502.95,502.95,0,CPA2026K
20250623,0308,500.40,500.40,500.40,500.40,3,CPA2026K
20250623,1259,504.30,504.70,504.30,504.70,1,CPA2026K
20250624,0311,508.85,508.85,508.85,508.85,2,CPA2026K
20250624,0324,508.45,508.45,508.45,508.45,2,CPA2026K
20250624,0328,508.60,508.60,508.60,508.60,1,CPA2026K
20250624,0330,508.90,508.90,508.90,508.90,1,CPA2026K
20250624,0331,507.90,508.00,507.90,508.00,2,CPA2026K
20250624,1132,507.00,507.00,507.00,507.00,1,CPA2026K
20250624,1134,506.15,506.15,506.15,506.15,1,CPA2026K
20250624,1207,505.55,505.55,505.55,505.55,1,CPA2026K
20250624,1259,507.70,507.70,507.35,507.35,2,CPA2026K
20250624,1307,507.80,507.80,507.80,507.80,1,CPA2026K
20250625,0306,510.45,510.45,510.45,510.45,2,CPA2026K
20250625,0309,510.20,510.20,510.20,510.20,1,CPA2026K
20250625,0319,510.25,510.25,510.25,510.25,1,CPA2026K
20250625,0831,511.15,511.15,511.10,511.10,3,CPA2026K
20250625,1259,512.10,512.10,512.10,512.10,0,CPA2026K
20250625,1313,511.15,511.15,511.15,511.15,4,CPA2026K
20250625,2226,515.75,516.00,515.75,516.00,2,CPA2026K
20250626,0933,526.60,526.60,526.60,526.60,1,CPA2026K
20250626,0941,526.00,526.00,526.00,526.00,2,CPA2026K
20250626,1013,526.85,526.85,526.85,526.85,1,CPA2026K
20250626,1130,527.05,527.05,527.05,527.05,1,CPA2026K
20250626,1259,526.85,526.85,526.85,526.85,0,CPA2026K
20250626,1300,526.55,527.20,526.55,527.20,3,CPA2026K
20250626,1331,528.00,528.00,528.00,528.00,1,CPA2026K
20250627,0944,519.75,519.75,519.75,519.75,1,CPA2026K
20250627,1053,521.85,521.85,521.85,521.85,1,CPA2026K
20250627,1112,524.25,524.25,524.25,524.25,1,CPA2026K
20250627,1123,526.20,526.95,526.20,526.95,2,CPA2026K
20250627,1134,526.35,526.35,526.35,526.35,2,CPA2026K
20250627,1259,527.10,527.10,527.10,527.10,0,CPA2026K
20250627,1610,526.35,526.35,526.35,526.35,1,CPA2026K
20250627,1620,526.70,526.70,526.70,526.70,1,CPA2026K
20250630,0357,523.55,523.55,523.55,523.55,1,CPA2026K
20250630,0822,523.55,523.55,523.55,523.55,1,CPA2026K
20250630,0944,522.15,522.15,522.15,522.15,1,CPA2026K
20250630,1100,521.80,521.80,521.80,521.80,1,CPA2026K
20250630,1258,521.80,521.80,521.80,521.80,1,CPA2026K
20250630,1259,522.15,522.70,522.15,522.55,4,CPA2026K
20250630,1300,523.00,523.00,523.00,523.00,1,CPA2026K
20250701,0302,531.10,531.10,531.10,531.10,1,CPA2026K
20250701,0313,531.90,531.90,531.90,531.90,1,CPA2026K
20250701,0827,529.35,529.35,529.35,529.35,1,CPA2026K
20250701,0941,531.70,531.70,531.70,531.70,1,CPA2026K
20250701,0943,531.50,531.50,531.50,531.50,1,CPA2026K
20250701,0946,531.25,531.25,531.25,531.25,2,CPA2026K
20250701,1036,531.70,531.70,531.70,531.70,1,CPA2026K
20250701,1056,529.05,529.05,529.05,529.05,1,CPA2026K
20250701,1106,528.80,528.80,528.80,528.80,4,CPA2026K
20250701,1122,526.95,526.95,526.95,526.95,2,CPA2026K
20250701,1125,526.55,526.65,526.55,526.65,2,CPA2026K
20250701,1153,525.55,525.65,525.55,525.65,3,CPA2026K
20250701,1154,525.60,525.70,525.60,525.70,3,CPA2026K
20250701,1207,525.20,525.20,524.55,524.55,2,CPA2026K
20250701,1220,525.65,525.65,525.65,525.65,1,CPA2026K
20250701,1227,524.15,524.15,524.15,524.15,1,CPA2026K
20250701,1239,523.80,523.80,523.65,523.65,3,CPA2026K
20250701,1242,523.20,523.20,523.20,523.20,1,CPA2026K
20250701,1259,524.55,524.55,524.55,524.55,1,CPA2026K
20250701,1314,523.85,523.85,523.85,523.85,1,CPA2026K
20250701,1343,523.95,523.95,523.95,523.95,1,CPA2026K
20250702,0314,525.55,525.55,525.55,525.55,1,CPA2026K
20250702,0315,525.55,525.55,525.55,525.55,1,CPA2026K
20250702,0408,525.00,525.00,525.00,525.00,1,CPA2026K
20250702,0844,528.60,528.60,528.60,528.60,1,CPA2026K
20250702,0849,528.60,528.60,528.60,528.60,1,CPA2026K
20250702,0859,528.30,528.30,528.30,528.30,1,CPA2026K
20250702,0922,529.20,529.20,529.20,529.20,1,CPA2026K
20250702,1023,533.10,533.10,533.10,533.10,1,CPA2026K
20250702,1047,532.55,532.55,532.55,532.55,1,CPA2026K
20250702,1058,533.20,533.20,533.10,533.10,3,CPA2026K
20250702,1100,533.40,533.40,533.40,533.40,1,CPA2026K
20250702,1259,534.85,534.85,534.75,534.75,1,CPA2026K
20250702,2155,533.60,533.60,533.60,533.60,1,CPA2026K
20250703,0348,534.65,534.65,534.55,534.55,2,CPA2026K
20250703,0349,534.75,534.75,534.75,534.75,1,CPA2026K
20250703,0539,530.50,530.50,530.50,530.50,1,CPA2026K
20250703,0842,529.50,529.50,529.50,529.50,1,CPA2026K
20250703,0902,529.90,529.90,529.90,529.90,1,CPA2026K
20250703,0918,531.15,531.15,531.15,531.15,1,CPA2026K
20250703,1259,529.40,529.40,529.40,529.40,0,CPA2026K
20250704,1220,521.35,521.35,521.35,521.35,1,CPA2026K
20250704,1222,521.55,521.55,521.55,521.55,1,CPA2026K
20250707,0930,516.60,516.60,516.60,516.60,1,CPA2026K
20250707,0943,515.35,515.35,515.35,515.35,1,CPA2026K
20250707,1017,516.05,516.05,516.05,516.05,1,CPA2026K
20250707,1032,517.25,517.25,517.25,517.25,1,CPA2026K
20250707,1040,517.25,517.25,517.25,517.25,1,CPA2026K
20250707,1212,519.70,519.70,519.70,519.70,1,CPA2026K
20250707,1259,518.00,518.00,517.80,517.95,6,CPA2026K
20250708,0505,519.25,519.25,519.25,519.25,2,CPA2026K
20250708,0506,519.00,519.00,519.00,519.00,2,CPA2026K
20250708,0510,519.00,519.00,519.00,519.00,1,CPA2026K
20250708,0522,518.70,518.70,518.70,518.70,1,CPA2026K
20250708,0932,516.20,516.20,516.20,516.20,1,CPA2026K
20250708,1034,516.15,516.15,516.15,516.15,1,CPA2026K
20250708,1040,515.60,515.60,515.60,515.60,1,CPA2026K
20250708,1113,514.75,514.75,514.75,514.75,1,CPA2026K
20250708,1136,515.70,515.70,515.70,515.70,11,CPA2026K
20250708,1138,515.65,515.65,515.60,515.60,11,CPA2026K
20250708,1140,515.95,515.95,515.90,515.90,11,CPA2026K
20250708,1141,516.00,516.00,516.00,516.00,11,CPA2026K
20250708,1142,515.85,515.85,515.70,515.70,22,CPA2026K
20250708,1143,515.70,515.70,515.70,515.70,5,CPA2026K
20250708,1144,515.45,515.45,515.45,515.45,2,CPA2026K
20250708,1145,515.15,515.15,515.15,515.15,4,CPA2026K
20250708,1147,515.20,515.20,515.05,515.05,11,CPA2026K
20250708,1212,516.20,516.20,516.20,516.20,1,CPA2026K
20250708,1256,519.00,541.00,519.00,541.00,29,CPA2026K
20250708,1257,549.00,549.00,549.00,549.00,2,CPA2026K
20250708,1258,557.35,559.35,549.50,559.35,11,CPA2026K
20250708,1259,565.10,603.70,565.10,583.85,5,CPA2026K
20250708,1309,570.35,570.35,570.35,570.35,2,CPA2026K
20250708,1310,572.30,572.30,571.45,571.45,2,CPA2026K
20250708,1311,572.30,572.30,569.70,569.70,10,CPA2026K
20250708,1312,570.65,570.65,570.65,570.65,2,CPA2026K
20250708,1313,570.35,570.35,570.35,570.35,1,CPA2026K
20250708,1320,566.05,570.15,566.05,570.15,3,CPA2026K
20250708,1321,569.00,571.70,569.00,571.70,3,CPA2026K
20250708,1330,571.45,571.45,571.45,571.45,1,CPA2026K
20250708,1331,572.05,572.05,572.05,572.05,1,CPA2026K
20250708,1332,572.75,572.75,572.75,572.75,1,CPA2026K
20250708,1343,562.50,563.60,561.55,561.55,3,CPA2026K
20250708,1344,560.40,560.40,560.40,560.40,1,CPA2026K
20250708,1347,552.00,552.00,552.00,552.00,1,CPA2026K
20250708,1348,553.45,555.65,553.45,555.65,3,CPA2026K
20250708,1349,555.00,556.25,555.00,555.25,5,CPA2026K
20250708,1350,557.40,557.40,556.75,556.75,2,CPA2026K
20250708,1351,558.45,558.45,558.45,558.45,1,CPA2026K
20250708,1352,560.00,560.00,558.65,558.65,3,CPA2026K
20250708,1353,558.25,558.25,557.55,557.55,2,CPA2026K
20250708,1355,560.40,560.40,560.40,560.40,1,CPA2026K
20250708,1407,569.20,569.20,569.20,569.20,2,CPA2026K
20250708,1409,570.00,570.00,570.00,570.00,1,CPA2026K
20250708,1410,568.50,568.50,568.50,568.50,1,CPA2026K
20250708,1420,568.50,568.50,568.50,568.50,1,CPA2026K
20250708,1423,568.50,568.50,568.50,568.50,1,CPA2026K
20250708,2019,559.55,559.55,559.45,559.45,3,CPA2026K
20250708,2113,567.05,567.05,567.05,567.05,1,CPA2026K
20250708,2115,567.05,567.05,567.05,567.05,8,CPA2026K
20250708,2200,575.00,575.00,575.00,575.00,1,CPA2026K
20250708,2204,574.90,574.90,574.90,574.90,9,CPA2026K
20250708,2208,577.50,577.50,577.50,577.50,1,CPA2026K
20250709,0259,580.85,580.85,580.85,580.85,1,CPA2026K
20250709,0401,561.10,561.10,561.10,561.10,1,CPA2026K
20250709,0410,561.70,562.10,561.70,562.10,2,CPA2026K
20250709,0458,562.60,562.60,562.60,562.60,1,CPA2026K
20250709,0759,566.60,566.60,566.60,566.60,2,CPA2026K
20250709,0808,567.50,567.50,567.50,567.50,1,CPA2026K
20250709,0934,568.90,568.90,568.90,568.90,1,CPA2026K
20250709,0946,564.00,564.00,563.55,563.55,2,CPA2026K
20250709,1100,561.00,561.00,561.00,561.00,1,CPA2026K
20250709,1139,556.25,556.25,556.25,556.25,1,CPA2026K
20250709,1208,557.65,557.65,557.65,557.65,1,CPA2026K
20250709,1216,557.40,557.40,557.40,557.40,1,CPA2026K
20250709,1229,557.95,557.95,557.95,557.95,1,CPA2026K
20250709,1240,558.50,558.50,558.50,558.50,1,CPA2026K
20250709,1250,559.35,559.35,559.35,559.35,1,CPA2026K
20250709,1258,560.40,560.65,560.40,560.65,2,CPA2026K
20250709,1259,559.20,559.50,558.55,559.50,3,CPA2026K
20250709,1300,560.35,560.35,560.35,560.35,1,CPA2026K
20250709,1313,563.10,563.10,563.10,563.10,1,CPA2026K
20250709,2029,570.00,570.00,570.00,570.00,1,CPA2026K
20250709,2123,570.00,570.00,570.00,570.00,1,CPA2026K
20250709,2127,572.00,572.00,572.00,572.00,1,CPA2026K
20250710,0304,578.00,578.00,578.00,578.00,9,CPA2026K
20250710,0306,576.65,576.65,576.65,576.65,3,CPA2026K
20250710,0307,576.30,576.35,576.00,576.00,3,CPA2026K
20250710,0308,574.95,574.95,574.95,574.95,1,CPA2026K
20250710,0311,574.15,574.15,573.80,573.80,2,CPA2026K
20250710,0758,569.25,569.25,569.25,569.25,2,CPA2026K
20250710,1024,568.80,568.80,568.80,568.80,1,CPA2026K
20250710,1203,571.95,571.95,571.95,571.95,1,CPA2026K
20250710,1259,570.75,571.20,570.75,570.95,5,CPA2026K
20250710,1301,570.75,570.75,570.75,570.75,1,CPA2026K
20250711,0309,566.60,566.60,566.60,566.60,2,CPA2026K
20250711,0310,566.05,566.05,566.05,566.05,1,CPA2026K
20250711,0421,566.55,566.55,566.55,566.55,1,CPA2026K
20250711,0949,564.90,564.90,564.90,564.90,1,CPA2026K
20250711,1022,566.10,566.10,566.10,566.10,1,CPA2026K
20250711,1157,571.25,571.25,571.25,571.25,1,CPA2026K
20250711,1200,571.70,571.70,571.70,571.70,2,CPA2026K
20250711,1245,573.40,573.40,573.40,573.40,1,CPA2026K
20250711,1256,573.80,573.80,573.80,573.80,1,CPA2026K
20250711,1259,572.65,572.90,572.10,572.90,3,CPA2026K
20250711,1300,571.95,571.95,571.90,571.90,2,CPA2026K
20250711,1310,572.80,572.80,572.80,572.80,1,CPA2026K
20250711,1331,573.80,574.45,573.80,574.45,2,CPA2026K
20250714,0400,567.00,567.00,567.00,567.00,1,CPA2026K
20250714,0737,564.55,564.55,564.55,564.55,1,CPA2026K
20250714,0815,564.80,564.80,564.80,564.80,1,CPA2026K
20250714,0843,563.20,563.20,563.20,563.20,1,CPA2026K
20250714,0844,562.65,562.65,561.95,562.15,3,CPA2026K
20250714,0909,562.25,562.25,562.25,562.25,1,CPA2026K
20250714,0930,562.15,562.15,562.15,562.15,1,CPA2026K
20250714,0934,561.30,561.30,561.30,561.30,1,CPA2026K
20250714,0935,560.75,560.75,559.60,559.60,2,CPA2026K
20250714,0937,559.20,559.20,559.20,559.20,1,CPA2026K
20250714,1105,566.70,566.85,566.45,566.85,18,CPA2026K
20250714,1132,565.40,565.40,565.40,565.40,1,CPA2026K
20250714,1215,566.70,566.70,566.70,566.70,1,CPA2026K
20250714,1219,566.85,566.85,566.85,566.85,1,CPA2026K
20250714,1248,567.55,567.55,567.55,567.55,1,CPA2026K
20250714,1259,568.15,568.15,567.80,567.85,8,CPA2026K
20250715,0206,567.50,567.50,567.50,567.50,1,CPA2026K
20250715,0207,567.50,567.50,567.50,567.50,1,CPA2026K
20250715,0445,568.00,568.00,568.00,568.00,1,CPA2026K
20250715,0452,567.85,567.85,567.85,567.85,1,CPA2026K
20250715,1033,566.55,566.55,566.55,566.55,2,CPA2026K
20250715,1035,566.55,566.60,566.55,566.60,3,CPA2026K
20250715,1054,565.00,565.00,565.00,565.00,1,CPA2026K
20250715,1101,563.75,563.75,563.75,563.75,1,CPA2026K
20250715,1140,569.25,569.75,569.25,569.75,4,CPA2026K
20250715,1219,566.50,566.50,566.50,566.50,1,CPA2026K
20250715,1259,569.70,570.90,569.70,570.35,5,CPA2026K
20250715,1830,565.25,565.25,565.25,565.25,6,CPA2026K
20250715,1831,565.25,565.25,565.25,565.25,3,CPA2026K
20250715,2305,565.95,565.95,565.95,565.95,1,CPA2026K
20250715,2313,565.90,565.90,565.90,565.90,1,CPA2026K
20250715,2331,566.80,566.80,566.80,566.80,1,CPA2026K
20250716,0401,565.85,566.00,565.85,566.00,5,CPA2026K
20250716,0403,566.30,566.30,566.30,566.30,1,CPA2026K
20250716,0440,563.65,563.65,563.65,563.65,9,CPA2026K
20250716,0632,565.50,565.50,565.50,565.50,1,CPA2026K
20250716,0755,565.05,565.05,565.05,565.05,1,CPA2026K
20250716,0757,565.55,565.55,565.55,565.55,1,CPA2026K
20250716,0859,565.80,565.80,565.80,565.80,1,CPA2026K
20250716,1005,561.00,561.00,561.00,561.00,1,CPA2026K
20250716,1051,560.40,560.40,560.40,560.40,1,CPA2026K
20250716,1054,560.75,560.75,560.75,560.75,1,CPA2026K
20250716,1115,562.55,562.55,562.55,562.55,1,CPA2026K
20250716,1116,563.55,563.55,563.55,563.55,1,CPA2026K
20250716,1128,565.80,565.80,565.80,565.80,1,CPA2026K
20250716,1131,567.05,567.05,567.05,567.05,1,CPA2026K
20250716,1134,566.70,566.70,566.70,566.70,1,CPA2026K
20250716,1259,564.35,565.00,564.35,565.00,1,CPA2026K
20250717,0300,561.65,561.65,561.65,561.65,1,CPA2026K
20250717,0305,561.55,561.55,561.55,561.55,1,CPA2026K
20250717,0317,561.65,561.65,561.65,561.65,1,CPA2026K
20250717,0422,564.00,564.00,564.00,564.00,1,CPA2026K
20250717,0423,564.10,564.10,564.10,564.10,1,CPA2026K
20250717,0818,563.20,563.20,563.20,563.20,1,CPA2026K
20250717,1021,560.00,560.00,560.00,560.00,1,CPA2026K
20250717,1230,563.05,563.05,563.05,563.05,1,CPA2026K
20250717,1231,563.35,563.35,563.35,563.35,1,CPA2026K
20250717,1232,563.70,563.70,563.70,563.70,1,CPA2026K
20250717,1234,563.95,563.95,563.95,563.95,1,CPA2026K
20250717,1236,564.00,564.00,564.00,564.00,1,CPA2026K
20250717,1239,563.85,563.85,563.85,563.85,1,CPA2026K
20250717,1241,564.15,564.15,564.15,564.15,1,CPA2026K
20250717,1243,564.70,564.70,564.70,564.70,1,CPA2026K
20250717,1246,564.45,564.45,564.45,564.45,1,CPA2026K
20250717,1248,564.85,564.85,564.85,564.85,1,CPA2026K
20250717,1250,564.30,564.30,564.30,564.30,1,CPA2026K
20250717,1253,563.90,563.90,563.90,563.90,1,CPA2026K
20250717,1255,563.65,563.65,563.65,563.65,1,CPA2026K
20250717,1257,563.85,563.85,563.85,563.85,1,CPA2026K
20250717,1259,563.50,563.55,563.30,563.55,3,CPA2026K
20250717,1309,563.50,563.50,563.50,563.50,1,CPA2026K
20250717,1401,562.50,562.50,562.50,562.50,1,CPA2026K
20250717,2246,566.50,566.50,566.50,566.50,1,CPA2026K
20250718,0307,567.70,567.70,567.70,567.70,1,CPA2026K
20250718,0311,567.35,567.35,567.35,567.35,1,CPA2026K
20250718,0312,567.55,567.55,567.55,567.55,1,CPA2026K
20250718,0457,570.05,570.05,570.05,570.05,1,CPA2026K
20250718,0531,570.70,570.70,570.70,570.70,1,CPA2026K
20250718,0812,571.90,571.90,571.90,571.90,1,CPA2026K
20250718,1008,569.35,569.35,569.35,569.35,1,CPA2026K
20250718,1045,570.85,570.95,570.85,570.95,2,CPA2026K
20250718,1046,570.80,570.80,570.80,570.80,1,CPA2026K
20250718,1228,572.90,572.90,572.90,572.90,1,CPA2026K
20250718,1229,572.85,572.85,572.85,572.85,1,CPA2026K
20250718,1259,572.90,572.90,572.70,572.70,3,CPA2026K
20250718,1305,572.60,572.60,572.60,572.60,2,CPA2026K
20250718,1307,572.50,572.50,572.50,572.50,1,CPA2026K
20250718,1308,572.35,572.35,572.35,572.35,1,CPA2026K
20250720,1821,568.80,568.80,568.80,568.80,1,CPA2026K
20250720,1828,569.80,569.80,569.80,569.80,1,CPA2026K
20250720,2054,570.00,570.00,570.00,570.00,1,CPA2026K
20250720,2216,573.00,573.00,573.00,573.00,1,CPA2026K
20250720,2219,573.65,573.65,573.65,573.65,1,CPA2026K
20250721,0108,573.15,573.15,573.15,573.15,1,CPA2026K
20250721,0111,572.80,572.80,572.80,572.80,1,CPA2026K
20250721,0302,575.65,575.65,575.65,575.65,1,CPA2026K
20250721,0303,575.75,575.75,575.75,575.75,3,CPA2026K
20250721,0410,577.35,577.35,577.35,577.35,1,CPA2026K
20250721,0958,572.50,572.50,572.50,572.50,1,CPA2026K
20250721,1220,575.60,575.60,575.55,575.55,2,CPA2026K
20250721,1245,574.65,574.65,574.55,574.55,2,CPA2026K
20250721,1247,574.45,574.45,574.45,574.45,1,CPA2026K
20250721,1248,575.20,575.20,575.20,575.20,1,CPA2026K
20250721,1259,575.75,576.00,575.75,575.75,3,CPA2026K
20250721,1303,576.00,576.00,576.00,576.00,1,CPA2026K
20250722,0117,571.15,571.15,571.15,571.15,1,CPA2026K
20250722,0503,578.00,578.00,578.00,578.00,1,CPA2026K
20250722,0550,578.25,578.25,578.25,578.25,1,CPA2026K
20250722,0628,577.95,577.95,577.95,577.95,1,CPA2026K
20250722,0706,577.80,577.80,577.80,577.80,2,CPA2026K
20250722,0707,577.80,577.80,577.80,577.80,2,CPA2026K
20250722,0714,578.20,578.20,578.20,578.20,2,CPA2026K
20250722,0723,578.10,578.10,578.10,578.10,2,CPA2026K
20250722,0911,582.85,582.85,582.85,582.85,1,CPA2026K
20250722,0914,582.05,582.05,582.05,582.05,1,CPA2026K
20250722,1000,574.75,574.75,574.75,574.75,1,CPA2026K
20250722,1107,582.00,582.00,582.00,582.00,1,CPA2026K
20250722,1259,584.20,584.20,584.20,584.20,0,CPA2026K
20250722,1300,584.55,584.70,584.55,584.70,2,CPA2026K
20250722,1410,583.80,583.80,583.80,583.80,1,CPA2026K
20250722,1632,586.85,586.85,586.85,586.85,1,CPA2026K
20250722,2004,589.00,589.00,589.00,589.00,1,CPA2026K
20250722,2025,590.00,590.00,590.00,590.00,1,CPA2026K
20250723,0333,587.45,587.45,587.45,587.45,2,CPA2026K
20250723,0351,586.35,586.35,586.35,586.35,1,CPA2026K
20250723,0506,593.00,593.00,593.00,593.00,1,CPA2026K
20250723,0602,592.80,592.80,592.80,592.80,2,CPA2026K
20250723,0604,592.80,592.80,592.80,592.80,7,CPA2026K
20250723,0608,594.50,594.50,594.50,594.50,1,CPA2026K
20250723,0612,594.50,594.50,594.50,594.50,8,CPA2026K
20250723,0931,600.00,600.00,600.00,600.00,1,CPA2026K
20250723,0946,602.25,602.25,602.25,602.25,1,CPA2026K
20250723,1043,600.55,600.55,600.50,600.50,2,CPA2026K
20250723,1048,599.35,599.35,599.35,599.35,1,CPA2026K
20250723,1100,596.75,596.75,596.75,596.75,1,CPA2026K
20250723,1259,593.40,593.40,593.40,593.40,0,CPA2026K
20250723,1301,593.40,593.40,593.40,593.40,1,CPA2026K
20250723,1302,593.35,593.35,593.35,593.35,1,CPA2026K
20250723,1430,594.60,594.60,594.60,594.60,4,CPA2026K
20250723,2302,599.00,599.00,599.00,599.00,1,CPA2026K
20250724,0106,598.65,598.65,598.65,598.65,1,CPA2026K
20250724,0218,602.25,603.00,602.25,603.00,2,CPA2026K
20250724,0246,606.00,606.00,606.00,606.00,1,CPA2026K
20250724,0308,602.75,602.75,602.75,602.75,2,CPA2026K
20250724,0506,600.30,600.30,600.30,600.30,1,CPA2026K
20250724,0718,601.15,601.15,601.15,601.15,1,CPA2026K
20250724,0815,598.70,598.70,598.70,598.70,1,CPA2026K
20250724,0816,598.50,598.50,598.50,598.50,1,CPA2026K
20250724,0835,597.00,597.00,597.00,597.00,1,CPA2026K
20250724,0853,594.00,594.00,592.70,592.70,3,CPA2026K
20250724,1134,592.65,592.65,592.65,592.65,1,CPA2026K
20250724,1200,592.00,592.00,592.00,592.00,1,CPA2026K
20250724,1201,592.35,592.35,592.35,592.35,1,CPA2026K
20250724,1259,592.55,593.15,592.55,592.80,2,CPA2026K
20250725,0320,594.10,594.10,594.10,594.10,1,CPA2026K
20250725,0341,594.05,594.05,594.05,594.05,1,CPA2026K
20250725,0342,594.15,594.15,594.15,594.15,1,CPA2026K
20250725,0750,593.35,593.35,593.35,593.35,1,CPA2026K
20250725,1121,587.75,587.75,587.75,587.75,1,CPA2026K
20250725,1258,590.45,590.50,590.45,590.50,2,CPA2026K
20250725,1259,590.05,590.85,590.05,590.85,2,CPA2026K
20250725,1654,592.60,592.60,592.60,592.60,1,CPA2026K
20250728,0353,588.95,588.95,588.95,588.95,1,CPA2026K
20250728,0405,589.70,589.70,589.70,589.70,1,CPA2026K
20250728,0640,590.15,590.15,590.15,590.15,1,CPA2026K
20250728,0900,589.60,589.75,589.60,589.75,2,CPA2026K
20250728,1023,583.00,583.00,583.00,583.00,1,CPA2026K
20250728,1024,566.50,566.50,558.25,558.25,3,CPA2026K
20250728,1025,562.55,566.50,562.55,566.50,2,CPA2026K
20250728,1030,572.90,572.90,572.90,572.90,1,CPA2026K
20250728,1047,578.00,578.60,578.00,578.60,2,CPA2026K
20250728,1259,573.45,573.90,573.45,573.90,2,CPA2026K
20250729,0259,570.55,570.55,570.55,570.55,2,CPA2026K
20250729,0302,570.85,570.85,570.85,570.85,1,CPA2026K
20250729,0415,571.70,571.70,571.70,571.70,1,CPA2026K
20250729,0916,576.45,576.45,576.45,576.45,1,CPA2026K
20250729,1259,575.35,575.85,575.35,575.40,10,CPA2026K
20250730,0321,578.55,578.55,578.55,578.55,1,CPA2026K
20250730,0422,573.60,573.60,573.60,573.60,1,CPA2026K
20250730,0423,573.95,573.95,573.95,573.95,1,CPA2026K
20250730,0843,573.95,573.95,573.95,573.95,1,CPA2026K
20250730,1258,571.35,571.45,571.35,571.45,5,CPA2026K
20250730,1259,570.95,571.10,570.95,570.95,11,CPA2026K
20250730,1300,570.70,570.70,570.65,570.65,2,CPA2026K
20250730,1302,570.00,570.00,570.00,570.00,1,CPA2026K
20250730,1304,570.10,570.10,570.10,570.10,1,CPA2026K
20250730,1400,578.00,594.00,578.00,594.00,4,CPA2026K
20250730,1401,574.45,574.45,574.45,574.45,1,CPA2026K
20250730,1416,479.00,479.00,479.00,479.00,1,CPA2026K
20250730,1424,473.75,473.75,473.75,473.75,1,CPA2026K
20250730,1436,477.25,477.30,477.25,477.30,4,CPA2026K
20250730,1509,470.75,470.85,470.75,470.85,11,CPA2026K
20250730,1510,470.85,470.85,470.75,470.80,32,CPA2026K
20250730,1511,470.80,470.90,470.80,470.90,81,CPA2026K
20250730,1513,472.25,472.25,472.25,472.25,16,CPA2026K
20250730,1515,474.55,475.05,474.55,475.05,46,CPA2026K
20250730,1516,475.05,475.05,475.05,475.05,20,CPA2026K
20250730,1523,470.00,470.00,470.00,470.00,50,CPA2026K
20250730,1524,470.00,470.00,470.00,470.00,133,CPA2026K
20250730,1527,471.95,472.00,471.60,471.80,53,CPA2026K
20250730,1528,471.80,471.90,471.80,471.90,144,CPA2026K
20250730,1529,471.90,471.90,471.90,471.90,36,CPA2026K
20250730,1530,471.90,471.90,470.95,470.95,41,CPA2026K
20250730,1533,471.35,471.35,471.35,471.35,17,CPA2026K
20250730,1534,471.35,471.35,471.35,471.35,13,CPA2026K
20250730,1535,471.50,471.50,471.50,471.50,20,CPA2026K
20250730,1536,471.50,471.50,471.50,471.50,24,CPA2026K
20250730,1538,471.50,472.35,471.50,472.35,51,CPA2026K
20250730,1539,472.35,472.35,472.35,472.35,122,CPA2026K
20250730,1540,472.35,472.35,472.35,472.35,3,CPA2026K
20250730,1543,470.90,470.90,470.90,470.90,5,CPA2026K
20250730,1544,470.90,470.90,470.90,470.90,5,CPA2026K
20250730,1635,477.30,478.40,477.30,478.40,5,CPA2026K
20250730,1636,478.40,478.40,478.40,478.40,2,CPA2026K
20250730,1637,480.45,480.45,480.45,480.45,5,CPA2026K
20250730,1803,479.30,479.30,479.30,479.30,5,CPA2026K
20250730,1805,481.30,481.30,481.30,481.30,12,CPA2026K
20250730,1806,481.30,481.30,481.30,481.30,1,CPA2026K
20250730,2000,470.00,470.00,470.00,470.00,17,CPA2026K
20250730,2001,470.00,470.00,468.25,468.25,18,CPA2026K
20250730,2059,471.70,471.70,471.70,471.70,2,CPA2026K
20250730,2109,470.40,470.40,470.40,470.40,1,CPA2026K
20250730,2113,470.10,470.10,470.10,470.10,9,CPA2026K
20250730,2123,468.60,468.60,468.60,468.60,2,CPA2026K
20250730,2138,468.85,468.85,468.85,468.85,1,CPA2026K
20250730,2142,468.25,468.25,468.25,468.25,1,CPA2026K
20250730,2149,465.10,465.10,465.10,465.10,1,CPA2026K
20250730,2159,462.45,462.45,462.45,462.45,1,CPA2026K
20250730,2200,463.75,463.75,463.75,463.75,1,CPA2026K
20250730,2216,459.95,459.95,459.95,459.95,2,CPA2026K
20250730,2225,461.90,461.90,461.90,461.90,1,CPA2026K
20250730,2249,461.35,461.35,461.35,461.35,1,CPA2026K
20250730,2254,461.10,461.10,461.10,461.10,1,CPA2026K
20250730,2309,461.30,461.35,461.20,461.20,3,CPA2026K
20250730,2343,459.00,459.00,459.00,459.00,1,CPA2026K
20250730,2358,457.90,458.05,457.90,458.05,5,CPA2026K
20250731,0034,461.40,461.40,461.40,461.40,1,CPA2026K
20250731,0106,461.30,461.30,461.30,461.30,1,CPA2026K
20250731,0108,462.10,462.15,462.10,462.15,3,CPA2026K
20250731,0116,461.35,461.35,461.35,461.35,1,CPA2026K
20250731,0124,461.50,461.50,461.50,461.50,2,CPA2026K
20250731,0126,461.00,461.00,461.00,461.00,2,CPA2026K
20250731,0134,460.50,460.50,460.50,460.50,3,CPA2026K
20250731,0138,460.95,460.95,460.95,460.95,2,CPA2026K
20250731,0158,460.30,460.30,460.30,460.30,1,CPA2026K
20250731,0200,460.00,460.00,459.85,459.85,4,CPA2026K
20250731,0210,458.05,458.05,458.05,458.05,1,CPA2026K
20250731,0212,457.05,457.05,457.00,457.00,20,CPA2026K
20250731,0213,455.85,456.05,455.85,456.00,3,CPA2026K
20250731,0253,453.25,453.25,453.25,453.25,19,CPA2026K
20250731,0254,453.25,453.25,453.25,453.25,8,CPA2026K
20250731,0344,453.15,453.15,453.15,453.15,2,CPA2026K
20250731,0418,452.45,452.45,452.45,452.45,1,CPA2026K
20250731,0443,455.85,455.85,455.80,455.85,4,CPA2026K
20250731,0444,455.15,455.15,455.15,455.15,1,CPA2026K
20250731,0456,456.85,456.85,456.85,456.85,1,CPA2026K
20250731,0517,454.70,454.75,454.65,454.65,3,CPA2026K
20250731,0530,455.40,455.40,455.40,455.40,1,CPA2026K
20250731,0540,455.45,455.45,455.45,455.45,1,CPA2026K
20250731,0604,452.65,452.80,452.65,452.80,3,CPA2026K
20250731,0632,451.50,451.50,451.50,451.50,1,CPA2026K
20250731,0635,451.35,451.35,451.35,451.35,1,CPA2026K
20250731,0647,451.80,451.80,451.80,451.80,1,CPA2026K
20250731,0656,450.05,450.05,449.75,449.75,2,CPA2026K
20250731,0657,450.35,450.40,450.35,450.40,4,CPA2026K
20250731,0658,450.40,450.40,450.40,450.40,1,CPA2026K
20250731,0659,450.50,450.70,450.50,450.65,4,CPA2026K
20250731,0700,450.30,450.30,450.30,450.30,1,CPA2026K
20250731,0701,450.55,450.55,450.55,450.55,1,CPA2026K
20250731,0705,450.65,450.95,450.65,450.80,5,CPA2026K
20250731,0706,451.00,451.10,450.90,451.05,9,CPA2026K
20250731,0707,451.25,451.55,451.25,451.55,13,CPA2026K
20250731,0708,451.50,451.50,451.50,451.50,1,CPA2026K
20250731,0709,451.70,451.70,451.55,451.55,2,CPA2026K
20250731,0710,451.50,451.60,451.45,451.45,10,CPA2026K
20250731,0711,451.60,451.85,451.55,451.75,25,CPA2026K
20250731,0712,451.70,451.85,451.60,451.80,18,CPA2026K
20250731,0713,451.95,451.95,451.75,451.80,22,CPA2026K
20250731,0714,451.80,451.80,451.60,451.60,7,CPA2026K
20250731,0715,451.50,451.50,451.50,451.50,1,CPA2026K
20250731,0716,451.30,451.30,451.25,451.30,4,CPA2026K
20250731,0717,451.65,451.65,451.65,451.65,2,CPA2026K
20250731,0718,451.60,451.85,451.60,451.80,9,CPA2026K
20250731,0719,451.80,452.20,451.80,452.20,38,CPA2026K
20250731,0720,452.30,452.30,451.75,451.80,9,CPA2026K
20250731,0721,451.75,451.95,451.70,451.75,13,CPA2026K
20250731,0722,451.75,451.95,451.75,451.95,9,CPA2026K
20250731,0723,452.05,452.05,452.00,452.00,6,CPA2026K
20250731,0724,452.00,452.05,452.00,452.05,4,CPA2026K
20250731,0725,451.85,452.15,451.85,452.15,4,CPA2026K
20250731,0726,452.20,452.30,452.20,452.20,10,CPA2026K
20250731,0727,452.20,452.25,452.20,452.25,3,CPA2026K
20250731,0730,452.15,452.15,452.15,452.15,1,CPA2026K
20250731,0731,452.25,452.25,452.25,452.25,1,CPA2026K
20250731,0734,452.70,453.35,452.70,453.10,67,CPA2026K
20250731,0735,452.90,452.90,452.60,452.60,4,CPA2026K
20250731,0736,452.90,452.90,452.90,452.90,3,CPA2026K
20250731,0737,453.10,453.45,453.10,453.45,16,CPA2026K
20250731,0738,453.45,453.45,453.10,453.30,45,CPA2026K
20250731,0739,453.30,453.30,453.05,453.10,28,CPA2026K
20250731,0740,453.35,453.35,453.25,453.25,22,CPA2026K
20250731,0741,453.50,453.50,453.25,453.25,4,CPA2026K
20250731,0742,452.95,453.05,452.95,453.05,7,CPA2026K
20250731,0743,452.80,452.95,452.50,452.50,6,CPA2026K
20250731,0744,452.10,452.20,451.75,451.75,12,CPA2026K
20250731,0745,451.70,451.85,451.15,451.40,100,CPA2026K
20250731,0746,451.70,451.70,451.70,451.70,1,CPA2026K
20250731,0753,451.65,451.65,451.65,451.65,2,CPA2026K
20250731,0754,451.65,451.75,451.15,451.55,22,CPA2026K
20250731,0755,451.65,451.65,451.50,451.60,22,CPA2026K
20250731,0756,451.65,451.85,451.65,451.85,11,CPA2026K
20250731,0757,451.75,451.85,451.75,451.85,3,CPA2026K
20250731,0801,451.85,452.15,451.85,452.15,3,CPA2026K
20250731,0802,452.25,452.25,452.00,452.00,10,CPA2026K
20250731,0803,452.00,452.00,451.80,451.85,12,CPA2026K
20250731,0804,451.90,451.90,451.80,451.85,16,CPA2026K
20250731,0805,451.80,452.15,451.80,452.05,8,CPA2026K
20250731,0810,451.40,451.40,451.40,451.40,1,CPA2026K
20250731,0811,451.55,451.55,451.55,451.55,1,CPA2026K
20250731,0814,451.80,451.85,451.80,451.85,4,CPA2026K
20250731,0815,451.85,451.90,451.70,451.75,29,CPA2026K
20250731,0816,452.05,452.05,452.05,452.05,2,CPA2026K
20250731,0819,452.10,452.10,452.10,452.10,1,CPA2026K
20250731,0820,451.80,451.90,451.80,451.85,6,CPA2026K
20250731,0821,451.65,451.70,451.60,451.65,5,CPA2026K
20250731,0822,451.50,451.50,451.50,451.50,4,CPA2026K
20250731,0823,451.60,451.60,451.50,451.50,7,CPA2026K
20250731,0825,451.60,451.65,451.45,451.50,12,CPA2026K
20250731,0826,451.45,451.50,451.25,451.25,23,CPA2026K
20250731,0827,451.50,451.50,450.85,451.30,67,CPA2026K
20250731,0828,451.35,451.35,451.05,451.05,10,CPA2026K
20250731,0829,451.25,451.25,451.15,451.15,10,CPA2026K
20250731,0830,451.20,451.20,451.00,451.20,19,CPA2026K
20250731,0831,451.20,451.20,451.20,451.20,3,CPA2026K
20250731,0832,451.20,451.25,451.20,451.25,3,CPA2026K
20250731,0833,451.20,451.20,451.20,451.20,2,CPA2026K
20250731,0835,451.55,451.55,451.55,451.55,3,CPA2026K
20250731,0836,451.70,451.70,451.70,451.70,2,CPA2026K
20250731,0837,451.60,451.60,451.55,451.55,4,CPA2026K
20250731,0838,452.80,452.85,452.80,452.85,2,CPA2026K
20250731,0843,453.60,453.95,453.60,453.70,33,CPA2026K
20250731,0844,453.70,453.90,453.70,453.90,8,CPA2026K
20250731,0846,455.25,455.40,455.15,455.25,13,CPA2026K
20250731,0847,455.35,455.40,454.65,454.70,32,CPA2026K
20250731,0848,454.65,454.95,454.65,454.70,42,CPA2026K
20250731,0849,454.65,454.80,454.35,454.55,38,CPA2026K
20250731,0850,454.35,454.45,454.35,454.40,22,CPA2026K
20250731,0855,454.30,454.30,454.30,454.30,1,CPA2026K
20250731,0907,453.25,453.25,453.25,453.25,1,CPA2026K
20250731,0909,452.25,452.25,452.25,452.25,1,CPA2026K
20250731,0915,452.15,452.15,452.15,452.15,1,CPA2026K
20250731,0927,451.40,451.40,451.40,451.40,1,CPA2026K
20250731,0930,450.65,450.65,450.65,450.65,1,CPA2026K
20250731,0932,452.00,452.00,452.00,452.00,1,CPA2026K
20250731,0935,451.95,451.95,451.95,451.95,2,CPA2026K
20250731,0940,452.00,452.00,452.00,452.00,1,CPA2026K
20250731,0947,453.40,453.40,453.40,453.40,1,CPA2026K
20250731,1004,453.25,453.25,453.15,453.15,2,CPA2026K
20250731,1016,453.15,453.15,453.15,453.15,1,CPA2026K
20250731,1034,450.50,450.50,450.50,450.50,1,CPA2026K
20250731,1035,450.55,450.55,450.55,450.55,1,CPA2026K
20250731,1040,451.05,451.05,450.80,450.80,2,CPA2026K
20250731,1043,451.45,451.80,451.45,451.80,3,CPA2026K
20250731,1044,451.80,451.80,451.80,451.80,1,CPA2026K
20250731,1045,452.05,452.05,452.05,452.05,1,CPA2026K
20250731,1059,452.10,452.10,452.10,452.10,1,CPA2026K
20250731,1101,451.60,451.60,451.55,451.55,2,CPA2026K
20250731,1122,453.00,453.00,453.00,453.00,1,CPA2026K
20250731,1125,452.65,452.65,452.65,452.65,1,CPA2026K
20250731,1128,452.35,452.35,452.25,452.25,2,CPA2026K
20250731,1130,452.70,452.70,452.40,452.40,3,CPA2026K
20250731,1141,452.05,452.05,452.05,452.05,2,CPA2026K
20250731,1150,452.15,452.15,452.15,452.15,3,CPA2026K
20250731,1200,453.65,453.65,453.65,453.65,3,CPA2026K
20250731,1209,454.20,454.20,454.20,454.20,1,CPA2026K
20250731,1210,454.20,454.20,454.20,454.20,1,CPA2026K
20250731,1211,453.45,453.45,453.45,453.45,2,CPA2026K
20250731,1229,451.10,451.10,451.10,451.10,2,CPA2026K
20250731,1232,450.90,450.90,450.90,450.90,1,CPA2026K
20250731,1259,451.65,451.65,451.00,451.25,6,CPA2026K
20250731,1336,453.40,453.40,453.40,453.40,2,CPA2026K
20250731,1442,457.10,457.10,457.10,457.10,1,CPA2026K
20250731,1443,456.95,456.95,456.95,456.95,1,CPA2026K
20250731,1501,457.95,457.95,457.95,457.95,1,CPA2026K
20250731,1525,458.80,458.80,458.80,458.80,1,CPA2026K
20250731,1541,458.80,458.80,458.80,458.80,1,CPA2026K
20250731,1542,459.00,459.00,459.00,459.00,1,CPA2026K
20250731,1601,457.30,457.30,457.30,457.30,1,CPA2026K
20250731,2016,458.75,458.75,458.75,458.75,1,CPA2026K
20250731,2056,457.75,457.75,457.75,457.75,1,CPA2026K
20250731,2102,457.55,457.60,457.55,457.60,2,CPA2026K
20250731,2121,457.75,457.75,457.75,457.75,1,CPA2026K
20250731,2123,457.60,457.60,457.60,457.60,1,CPA2026K
20250731,2140,457.15,457.15,457.15,457.15,1,CPA2026K
20250731,2200,457.65,457.65,457.65,457.65,1,CPA2026K
20250731,2201,457.85,457.85,457.80,457.80,3,CPA2026K
20250731,2207,457.65,457.65,457.65,457.65,1,CPA2026K
20250731,2223,458.05,458.05,458.05,458.05,1,CPA2026K
20250731,2247,457.10,457.25,457.10,457.25,5,CPA2026K
20250731,2253,457.50,457.50,457.50,457.50,1,CPA2026K
20250731,2306,458.25,458.25,458.25,458.25,1,CPA2026K
20250731,2307,458.65,458.95,458.65,458.95,2,CPA2026K
20250731,2344,457.75,457.80,457.75,457.80,2,CPA2026K
20250731,2349,457.55,457.55,457.45,457.45,2,CPA2026K
20250801,0204,457.90,457.90,457.90,457.90,1,CPA2026K
20250801,0217,457.05,457.05,457.05,457.05,3,CPA2026K
20250801,0234,456.00,456.00,456.00,456.00,1,CPA2026K
20250801,0240,456.85,456.95,456.85,456.95,2,CPA2026K
20250801,0242,457.70,457.70,457.70,457.70,1,CPA2026K
20250801,0256,457.30,457.30,457.30,457.30,1,CPA2026K
20250801,0311,455.90,455.90,455.90,455.90,2,CPA2026K
20250801,0315,455.85,455.85,455.85,455.85,1,CPA2026K
20250801,0316,455.65,455.65,455.65,455.65,1,CPA2026K
20250801,0317,455.65,455.65,455.65,455.65,2,CPA2026K
20250801,0321,454.60,454.60,454.60,454.60,1,CPA2026K
20250801,0323,454.90,454.90,454.90,454.90,2,CPA2026K
20250801,0330,454.45,454.45,454.45,454.45,1,CPA2026K
20250801,0331,454.45,454.45,454.45,454.45,2,CPA2026K
20250801,0335,454.50,454.50,454.50,454.50,3,CPA2026K
20250801,0341,453.60,453.60,453.60,453.60,1,CPA2026K
20250801,0350,453.75,453.75,453.75,453.75,1,CPA2026K
20250801,0359,453.35,453.35,453.35,453.35,1,CPA2026K
20250801,0411,453.30,453.30,453.25,453.25,2,CPA2026K
20250801,0412,454.05,454.05,454.05,454.05,1,CPA2026K
20250801,0426,453.35,453.35,453.35,453.35,2,CPA2026K
20250801,0427,453.25,453.25,453.15,453.15,5,CPA2026K
20250801,0431,453.50,453.50,453.50,453.50,1,CPA2026K
20250801,0531,455.15,455.15,455.15,455.15,1,CPA2026K
20250801,0633,455.90,455.90,455.90,455.90,1,CPA2026K
20250801,0720,456.00,456.00,456.00,456.00,1,CPA2026K
20250801,0746,453.85,453.85,453.85,453.85,3,CPA2026K
20250801,0751,454.25,454.25,454.25,454.25,1,CPA2026K
20250801,0814,454.70,454.70,454.70,454.70,1,CPA2026K
20250801,0815,453.85,453.85,453.65,453.65,2,CPA2026K
20250801,0821,455.10,455.40,455.10,455.40,2,CPA2026K
20250801,0829,455.35,455.35,455.35,455.35,1,CPA2026K
20250801,0900,456.55,456.55,456.55,456.55,1,CPA2026K
20250801,0904,456.20,456.20,456.20,456.20,1,CPA2026K
20250801,1005,455.15,455.25,455.15,455.25,3,CPA2026K
20250801,1011,455.20,455.20,455.20,455.20,1,CPA2026K
20250801,1026,454.00,454.05,454.00,454.05,5,CPA2026K
20250801,1028,453.85,453.85,453.85,453.85,1,CPA2026K
20250801,1042,453.85,453.85,453.85,453.85,1,CPA2026K
20250801,1101,454.90,454.90,454.90,454.90,2,CPA2026K
20250801,1112,455.75,455.75,455.75,455.75,1,CPA2026K
20250801,1136,455.25,455.25,455.25,455.25,1,CPA2026K
20250801,1216,456.70,456.90,456.70,456.90,2,CPA2026K
20250801,1217,456.60,456.60,456.60,456.60,1,CPA2026K
20250801,1258,458.20,458.20,458.20,458.20,1,CPA2026K
20250801,1259,458.50,458.50,457.65,458.05,27,CPA2026K
20250801,1300,457.60,457.60,456.45,456.45,3,CPA2026K
20250801,1301,456.30,456.30,456.30,456.30,1,CPA2026K
20250801,1310,455.85,455.85,455.85,455.85,1,CPA2026K
20250801,1359,458.45,458.45,458.45,458.45,1,CPA2026K
20250803,2127,455.95,456.10,455.95,456.10,3,CPA2026K
20250803,2155,456.75,456.75,456.75,456.75,1,CPA2026K
20250803,2323,457.95,458.10,457.95,458.10,2,CPA2026K
20250803,2327,458.05,458.05,458.05,458.05,1,CPA2026K
20250803,2328,458.10,458.10,458.10,458.10,1,CPA2026K
20250803,2339,458.20,458.20,458.20,458.20,1,CPA2026K
20250804,0005,458.60,458.60,458.60,458.60,1,CPA2026K
20250804,0222,458.70,458.70,458.40,458.40,16,CPA2026K
20250804,0223,458.00,458.00,457.45,457.45,26,CPA2026K
20250804,0306,458.25,458.25,458.25,458.25,2,CPA2026K
20250804,0310,458.25,458.30,458.25,458.30,2,CPA2026K
20250804,0325,457.45,457.45,457.45,457.45,1,CPA2026K
20250804,0330,457.80,457.80,457.80,457.80,3,CPA2026K
20250804,0331,458.00,458.00,458.00,458.00,3,CPA2026K
20250804,0334,458.15,458.15,458.15,458.15,3,CPA2026K
20250804,0344,458.10,458.10,458.10,458.10,2,CPA2026K
20250804,0359,459.10,459.10,459.10,459.10,1,CPA2026K
20250804,0413,459.15,459.15,459.15,459.15,1,CPA2026K
20250804,0428,459.15,459.15,459.15,459.15,1,CPA2026K
20250804,0526,461.00,461.00,461.00,461.00,1,CPA2026K
20250804,0604,457.85,457.90,457.85,457.90,4,CPA2026K
20250804,0613,458.15,458.15,458.15,458.15,1,CPA2026K
20250804,0621,457.50,457.50,457.50,457.50,1,CPA2026K
20250804,0622,457.65,457.65,457.65,457.65,1,CPA2026K
20250804,0626,457.35,457.35,457.35,457.35,1,CPA2026K
20250804,0711,458.30,458.30,458.30,458.30,1,CPA2026K
20250804,0713,458.30,458.30,458.30,458.30,1,CPA2026K
20250804,0731,458.85,458.85,458.85,458.85,1,CPA2026K
20250804,0732,458.50,458.50,458.50,458.50,1,CPA2026K
20250804,0800,458.80,458.80,458.80,458.80,1,CPA2026K
20250804,0811,457.60,457.60,457.20,457.20,2,CPA2026K
20250804,0813,457.50,457.55,457.50,457.55,2,CPA2026K
20250804,0836,458.65,458.65,458.65,458.65,1,CPA2026K
20250804,0837,458.60,458.60,458.60,458.60,1,CPA2026K
20250804,0852,458.40,458.40,458.40,458.40,1,CPA2026K
20250804,0901,458.75,458.75,458.75,458.75,1,CPA2026K
20250804,0902,458.70,458.70,458.70,458.70,1,CPA2026K
20250804,0905,459.65,459.65,459.65,459.65,1,CPA2026K
20250804,0930,458.30,458.30,458.30,458.30,1,CPA2026K
20250804,0944,458.30,458.35,458.30,458.35,2,CPA2026K
20250804,0951,457.60,457.60,457.60,457.60,1,CPA2026K
20250804,0955,457.80,457.80,457.80,457.80,1,CPA2026K
20250804,1000,458.00,458.00,458.00,458.00,1,CPA2026K
20250804,1014,457.95,457.95,457.95,457.95,2,CPA2026K
20250804,1025,460.30,460.30,460.30,460.30,1,CPA2026K
20250804,1048,458.80,458.80,458.80,458.80,1,CPA2026K
20250804,1056,457.60,457.60,457.60,457.60,1,CPA2026K
20250804,1100,457.25,457.25,457.25,457.25,2,CPA2026K
20250804,1156,457.75,457.75,457.75,457.75,1,CPA2026K
20250804,1232,457.70,457.70,457.70,457.70,1,CPA2026K
20250804,1259,457.70,457.70,457.70,457.70,1,CPA2026K
20250804,1333,459.00,459.00,459.00,459.00,1,CPA2026K
20250804,1334,459.45,459.45,459.45,459.45,1,CPA2026K
20250804,1419,458.95,458.95,458.95,458.95,1,CPA2026K
20250804,2057,459.90,459.90,459.90,459.90,1,CPA2026K
20250804,2124,459.30,459.30,459.30,459.30,1,CPA2026K
20250804,2129,459.20,459.20,459.20,459.20,1,CPA2026K
20250804,2211,460.55,460.55,460.55,460.55,1,CPA2026K
20250804,2217,460.55,460.55,460.55,460.55,1,CPA2026K
20250804,2226,460.50,460.50,460.50,460.50,1,CPA2026K
20250804,2247,458.50,458.50,458.50,458.50,1,CPA2026K
20250805,0136,459.50,459.75,459.50,459.75,3,CPA2026K
20250805,0258,458.25,458.25,458.25,458.25,1,CPA2026K
20250805,0311,459.25,459.25,459.25,459.25,4,CPA2026K
20250805,0312,459.25,459.25,459.25,459.25,1,CPA2026K
20250805,0316,459.20,459.20,459.20,459.20,2,CPA2026K
20250805,0318,459.40,459.40,459.40,459.40,1,CPA2026K
20250805,0353,458.35,458.35,458.35,458.35,1,CPA2026K
20250805,0354,458.10,458.10,458.10,458.10,1,CPA2026K
20250805,0400,458.15,458.15,458.15,458.15,3,CPA2026K
20250805,0436,457.25,457.25,457.25,457.25,1,CPA2026K
20250805,0437,457.20,457.20,457.20,457.20,1,CPA2026K
20250805,0849,455.00,455.00,455.00,455.00,1,CPA2026K
20250805,0951,453.90,453.90,453.70,453.70,4,CPA2026K
20250805,0956,453.80,453.80,453.80,453.80,1,CPA2026K
20250805,0958,454.05,454.05,454.05,454.05,1,CPA2026K
20250805,1028,453.25,453.25,453.25,453.25,1,CPA2026K
20250805,1101,453.50,453.50,453.50,453.50,2,CPA2026K
20250805,1109,452.70,452.70,452.70,452.70,1,CPA2026K
20250805,1142,452.95,453.00,452.95,453.00,15,CPA2026K
20250805,1144,453.00,453.25,453.00,453.25,14,CPA2026K
20250805,1145,453.40,453.50,453.40,453.50,18,CPA2026K
20250805,1156,453.35,453.35,453.35,453.35,1,CPA2026K
20250805,1220,453.00,453.00,453.00,453.00,1,CPA2026K
20250805,1227,453.00,453.00,453.00,453.00,1,CPA2026K
20250805,1230,453.70,453.70,453.70,453.70,1,CPA2026K
20250805,1258,452.80,452.80,452.80,452.80,1,CPA2026K
20250805,1259,452.95,452.95,452.65,452.65,2,CPA2026K
20250805,1304,453.00,453.00,453.00,453.00,1,CPA2026K
20250805,1502,451.50,451.50,451.50,451.50,1,CPA2026K
20250805,1814,452.90,452.90,452.90,452.90,1,CPA2026K
20250805,2230,453.20,453.35,453.20,453.35,4,CPA2026K
20250806,0313,454.65,454.65,454.60,454.60,2,CPA2026K
20250806,0325,454.65,454.65,454.65,454.65,2,CPA2026K
20250806,0328,454.20,454.20,454.20,454.20,1,CPA2026K
20250806,0329,454.10,454.10,454.10,454.10,1,CPA2026K
20250806,0342,454.40,454.40,454.40,454.40,1,CPA2026K
20250806,0428,455.40,455.45,455.40,455.45,6,CPA2026K
20250806,0436,455.45,455.45,455.45,455.45,1,CPA2026K
20250806,0701,456.25,456.25,456.15,456.20,5,CPA2026K
20250806,0713,455.75,455.75,455.75,455.75,2,CPA2026K
20250806,0724,455.90,455.90,455.90,455.90,1,CPA2026K
20250806,0729,456.65,456.65,456.65,456.65,1,CPA2026K
20250806,0752,456.15,456.15,456.15,456.15,1,CPA2026K
20250806,0852,455.80,455.80,455.80,455.80,1,CPA2026K
20250806,0917,456.70,456.70,456.70,456.70,1,CPA2026K
20250806,1000,455.35,455.40,455.30,455.30,4,CPA2026K
20250806,1002,455.20,455.20,455.20,455.20,1,CPA2026K
20250806,1004,455.00,455.00,455.00,455.00,1,CPA2026K
20250806,1005,455.40,455.40,455.40,455.40,1,CPA2026K
20250806,1016,454.20,454.20,454.20,454.20,1,CPA2026K
20250806,1040,454.80,454.80,454.80,454.80,1,CPA2026K
20250806,1050,454.45,454.45,454.45,454.45,1,CPA2026K
20250806,1058,454.45,454.45,454.45,454.45,1,CPA2026K
20250806,1156,455.90,455.90,455.85,455.85,2,CPA2026K
20250806,1159,455.80,455.80,455.80,455.80,1,CPA2026K
20250806,1204,455.40,455.40,455.40,455.40,1,CPA2026K
20250806,1245,455.30,455.30,455.30,455.30,1,CPA2026K
20250806,1259,455.75,455.85,455.55,455.65,3,CPA2026K
20250806,1304,455.85,455.85,455.85,455.85,1,CPA2026K
20250806,1813,456.35,456.40,456.35,456.40,5,CPA2026K
20250806,1847,456.60,456.60,456.60,456.60,1,CPA2026K
20250806,1858,456.15,456.15,456.15,456.15,1,CPA2026K
20250806,2112,455.55,455.55,455.50,455.50,2,CPA2026K
20250806,2150,457.40,457.40,457.40,457.40,1,CPA2026K
20250806,2208,456.65,456.65,456.65,456.65,1,CPA2026K
20250806,2210,457.00,457.00,457.00,457.00,1,CPA2026K
20250806,2218,456.55,456.55,456.55,456.55,1,CPA2026K
20250807,0033,457.05,457.05,457.05,457.05,1,CPA2026K
20250807,0202,456.60,456.60,456.60,456.60,1,CPA2026K
20250807,0230,456.65,456.65,456.65,456.65,1,CPA2026K
20250807,0303,456.15,456.15,456.15,456.15,1,CPA2026K
20250807,0307,456.45,456.45,456.45,456.45,1,CPA2026K
20250807,0308,456.55,456.55,456.55,456.55,1,CPA2026K
20250807,0316,457.50,457.50,457.50,457.50,1,CPA2026K
20250807,0333,457.55,457.55,457.55,457.55,1,CPA2026K
20250807,0356,458.00,458.00,458.00,458.00,1,CPA2026K
20250807,0440,458.00,458.00,458.00,458.00,1,CPA2026K
20250807,0612,458.40,458.40,458.40,458.40,1,CPA2026K
20250807,0631,457.40,457.40,457.40,457.40,1,CPA2026K
20250807,0634,457.40,457.45,457.40,457.45,2,CPA2026K
20250807,0641,457.55,457.55,457.55,457.55,1,CPA2026K
20250807,0741,456.30,456.30,456.30,456.30,4,CPA2026K
20250807,0840,456.10,456.10,456.10,456.10,1,CPA2026K
20250807,0841,456.05,456.05,456.05,456.05,1,CPA2026K
20250807,0851,456.30,456.30,456.30,456.30,1,CPA2026K
20250807,0852,456.40,456.40,456.40,456.40,1,CPA2026K
20250807,1011,456.45,456.45,456.45,456.45,1,CPA2026K
20250807,1024,456.15,456.15,456.15,456.15,1,CPA2026K
20250807,1039,455.80,455.80,455.80,455.80,1,CPA2026K
20250807,1105,455.80,455.80,455.80,455.80,1,CPA2026K
20250807,1128,455.75,455.75,455.75,455.75,1,CPA2026K
20250807,1145,455.00,455.00,454.80,454.80,2,CPA2026K
20250807,1259,454.60,454.65,454.55,454.55,2,CPA2026K
20250807,1314,454.60,454.60,454.60,454.60,1,CPA2026K
