Date,Time,Open,High,Low,Close,TradeVolume,Contract
20231220,1259,399.70,399.70,399.70,399.70,0,CPA2028K
20231221,1259,401.10,401.10,401.10,401.10,0,CPA2028K
20231222,1259,399.90,399.90,399.90,399.90,0,CPA2028K
20231226,1259,400.40,400.40,400.40,400.40,0,CPA2028K
20231227,1259,405.30,405.30,405.30,405.30,0,CPA2028K
20231228,1259,401.90,401.90,401.90,401.90,0,CPA2028K
20231229,1259,398.80,398.80,398.80,398.80,0,CPA2028K
20240102,1259,397.85,397.85,397.85,397.85,0,CPA2028K
20240103,1259,395.75,395.75,395.75,395.75,0,CPA2028K
20240104,1259,393.80,393.80,393.80,393.80,0,CPA2028K
20240105,1259,391.45,391.45,391.45,391.45,0,CPA2028K
20240108,1259,393.00,393.00,393.00,393.00,0,CPA2028K
20240109,1259,388.95,388.95,388.95,388.95,0,CPA2028K
20240110,1259,390.25,390.25,390.25,390.25,0,CPA2028K
20240111,1259,388.45,388.45,388.45,388.45,0,CPA2028K
20240112,1259,385.60,385.60,385.60,385.60,0,CPA2028K
20240116,1259,387.75,387.75,387.75,387.75,0,CPA2028K
20240117,1259,384.35,384.35,384.35,384.35,0,CPA2028K
20240118,1259,385.80,385.80,385.80,385.80,0,CPA2028K
20240119,1259,389.55,389.55,389.55,389.55,0,CPA2028K
20240122,1259,387.85,387.85,387.85,387.85,0,CPA2028K
20240123,1259,390.05,390.05,390.05,390.05,0,CPA2028K
20240124,1259,398.40,398.40,398.40,398.40,0,CPA2028K
20240125,1259,397.90,397.90,397.90,397.90,0,CPA2028K
20240126,1259,396.65,396.65,396.65,396.65,0,CPA2028K
20240129,1259,399.05,399.05,399.05,399.05,0,CPA2028K
20240130,1259,400.65,400.65,400.65,400.65,0,CPA2028K
20240131,1259,400.10,400.10,400.10,400.10,0,CPA2028K
20240201,1259,395.80,395.80,395.80,395.80,0,CPA2028K
20240202,1259,393.95,393.95,393.95,393.95,0,CPA2028K
20240205,1259,390.10,390.10,390.10,390.10,0,CPA2028K
20240206,1259,390.80,390.80,390.80,390.80,0,CPA2028K
20240207,1259,387.05,387.05,387.05,387.05,0,CPA2028K
20240208,1259,383.15,383.15,383.15,383.15,0,CPA2028K
20240209,1259,380.85,380.85,380.85,380.85,0,CPA2028K
20240212,1259,384.40,384.40,384.40,384.40,0,CPA2028K
20240213,1259,382.80,382.80,382.80,382.80,0,CPA2028K
20240214,1259,380.45,380.45,380.45,380.45,0,CPA2028K
20240220,1259,394.55,394.55,394.55,394.55,0,CPA2028K
20240221,1259,395.75,395.75,395.75,395.75,0,CPA2028K
20240222,1259,398.90,398.90,398.90,398.90,0,CPA2028K
20240223,1259,398.10,398.10,398.10,398.10,0,CPA2028K
20240226,1259,391.00,391.00,391.00,391.00,0,CPA2028K
20240227,1259,393.20,393.20,393.20,393.20,0,CPA2028K
20240228,1259,391.50,391.50,391.50,391.50,0,CPA2028K
20240229,1259,391.90,391.90,391.90,391.90,0,CPA2028K
20240301,1259,393.60,393.60,393.60,393.60,0,CPA2028K
20240304,1259,393.50,393.50,393.50,393.50,0,CPA2028K
20240305,1259,392.65,392.65,392.65,392.65,0,CPA2028K
20240306,1259,395.20,395.20,395.20,395.20,0,CPA2028K
20240307,1259,400.00,400.00,400.00,400.00,0,CPA2028K
20240308,1259,396.95,396.95,396.95,396.95,0,CPA2028K
20240311,1259,400.35,400.35,400.35,400.35,0,CPA2028K
20240312,1259,400.70,400.70,400.70,400.70,0,CPA2028K
20240313,1259,411.70,411.70,411.70,411.70,0,CPA2028K
20240314,1259,411.65,411.65,411.65,411.65,0,CPA2028K
20240315,1259,419.95,419.95,419.95,419.95,0,CPA2028K
20240318,1259,420.55,420.55,420.55,420.55,0,CPA2028K
20240319,1259,415.90,415.90,415.90,415.90,0,CPA2028K
20240320,1259,414.00,414.00,414.00,414.00,0,CPA2028K
20240321,1259,416.15,416.15,416.15,416.15,0,CPA2028K
20240322,1259,411.35,411.35,411.35,411.35,0,CPA2028K
20240325,1259,412.85,412.85,412.85,412.85,0,CPA2028K
20240326,1259,412.35,412.35,412.35,412.35,0,CPA2028K
20240327,1259,411.85,411.85,411.85,411.85,0,CPA2028K
20240328,1259,413.20,413.20,413.20,413.20,0,CPA2028K
20240401,1259,417.45,417.45,417.45,417.45,0,CPA2028K
20240402,1259,419.95,419.95,419.95,419.95,0,CPA2028K
20240403,1259,432.70,432.70,432.70,432.70,0,CPA2028K
20240404,1259,437.95,437.95,437.95,437.95,0,CPA2028K
20240405,1259,436.80,436.80,436.80,436.80,0,CPA2028K
20240408,1259,439.80,439.80,439.80,439.80,0,CPA2028K
20240409,1259,440.50,440.50,440.50,440.50,0,CPA2028K
20240410,1259,439.50,439.50,439.50,439.50,0,CPA2028K
20240411,1259,438.30,438.30,438.30,438.30,0,CPA2028K
20240412,1259,438.80,438.80,438.80,438.80,0,CPA2028K
20240415,1259,446.35,446.35,446.35,446.35,0,CPA2028K
20240416,1259,439.20,439.20,439.20,439.20,0,CPA2028K
20240417,1259,440.40,440.40,440.40,440.40,0,CPA2028K
20240418,1259,450.95,450.95,450.95,450.95,0,CPA2028K
20240419,1259,456.30,456.30,456.30,456.30,0,CPA2028K
20240422,1259,454.40,454.40,454.40,454.40,0,CPA2028K
20240423,1259,449.65,449.65,449.65,449.65,0,CPA2028K
20240424,1259,451.70,451.70,451.70,451.70,0,CPA2028K
20240425,1259,457.10,457.10,457.10,457.10,0,CPA2028K
20240426,1259,461.70,461.70,461.70,461.70,0,CPA2028K
20240429,1259,470.15,470.15,470.15,470.15,0,CPA2028K
20240430,1259,459.90,459.90,459.90,459.90,0,CPA2028K
20240501,1259,457.20,457.20,457.20,457.20,0,CPA2028K
20240502,1259,451.75,451.75,451.75,451.75,0,CPA2028K
20240503,1259,458.65,458.65,458.65,458.65,0,CPA2028K
20240506,1259,464.05,464.05,464.05,464.05,0,CPA2028K
20240507,1259,463.75,463.75,463.75,463.75,0,CPA2028K
20240508,1259,458.20,458.20,458.20,458.20,0,CPA2028K
20240509,1259,460.10,460.10,460.10,460.10,0,CPA2028K
20240510,1259,461.35,461.35,461.35,461.35,0,CPA2028K
20240513,1259,467.70,467.70,467.70,467.70,0,CPA2028K
20240514,1259,460.50,460.50,460.50,460.50,0,CPA2028K
20240515,1259,468.60,468.60,468.60,468.60,0,CPA2028K
20240516,1259,473.25,473.25,473.25,473.25,0,CPA2028K
20240517,1259,487.00,487.00,487.00,487.00,0,CPA2028K
20240520,1259,494.70,494.70,494.70,494.70,0,CPA2028K
20240521,1259,494.80,494.80,494.80,494.80,0,CPA2028K
20240522,1259,475.95,475.95,475.95,475.95,0,CPA2028K
20240523,1259,473.90,473.90,473.90,473.90,0,CPA2028K
20240524,1259,472.25,472.25,472.25,472.25,0,CPA2028K
20240528,1259,482.95,482.95,482.95,482.95,0,CPA2028K
20240529,1259,479.40,479.40,479.40,479.40,0,CPA2028K
20240530,1259,466.20,466.20,466.20,466.20,0,CPA2028K
20240531,1259,463.90,463.90,463.90,463.90,0,CPA2028K
20240603,1259,468.70,468.70,468.70,468.70,0,CPA2028K
20240604,1259,456.10,456.10,456.10,456.10,0,CPA2028K
20240605,1259,458.30,458.30,458.30,458.30,0,CPA2028K
20240606,1259,466.45,466.45,466.45,466.45,0,CPA2028K
20240607,1259,451.70,451.70,451.70,451.70,0,CPA2028K
20240610,1259,457.45,457.45,457.45,457.45,0,CPA2028K
20240611,1259,451.50,451.50,451.50,451.50,0,CPA2028K
20240612,1259,457.80,457.80,457.80,457.80,0,CPA2028K
20240613,1259,451.25,451.25,451.25,451.25,0,CPA2028K
20240614,1259,450.65,450.65,450.65,450.65,0,CPA2028K
20240617,1259,447.00,447.00,447.00,447.00,0,CPA2028K
20240618,1259,449.70,449.70,449.70,449.70,0,CPA2028K
20240620,1259,455.90,455.90,455.90,455.90,0,CPA2028K
20240621,1259,448.10,448.10,448.10,448.10,0,CPA2028K
20240624,1259,447.05,447.05,447.05,447.05,0,CPA2028K
20240625,1259,443.55,443.55,443.55,443.55,0,CPA2028K
20240626,1259,443.70,443.70,443.70,443.70,0,CPA2028K
20240627,1259,442.70,442.70,442.70,442.70,0,CPA2028K
20240628,1259,446.55,446.55,446.55,446.55,0,CPA2028K
20240701,1259,449.05,449.05,449.05,449.05,0,CPA2028K
20240702,1259,448.40,448.40,448.40,448.40,0,CPA2028K
20240703,1259,458.30,458.30,458.30,458.30,0,CPA2028K
20240705,1259,465.05,465.05,465.05,465.05,0,CPA2028K
20240708,1259,463.80,463.80,463.80,463.80,0,CPA2028K
20240709,1259,460.50,460.50,460.50,460.50,0,CPA2028K
20240710,1259,461.35,461.35,461.35,461.35,0,CPA2028K
20240711,1259,458.25,458.25,458.25,458.25,0,CPA2028K
20240712,1259,464.00,464.00,464.00,464.00,0,CPA2028K
20240715,1259,460.20,460.20,460.20,460.20,0,CPA2028K
20240716,1259,454.05,454.05,454.05,454.05,0,CPA2028K
20240717,1259,452.05,452.05,452.05,452.05,0,CPA2028K
20240718,1259,441.15,441.15,441.15,441.15,0,CPA2028K
20240719,1259,439.05,439.05,439.05,439.05,0,CPA2028K
20240722,1259,435.55,435.55,435.55,435.55,0,CPA2028K
20240723,1259,431.10,431.10,431.10,431.10,0,CPA2028K
20240724,1259,427.85,427.85,427.85,427.85,0,CPA2028K
20240725,1259,429.35,429.35,429.35,429.35,0,CPA2028K
20240726,1259,430.65,430.65,430.65,430.65,0,CPA2028K
20240729,1259,427.10,427.10,427.10,427.10,0,CPA2028K
20240730,1259,427.45,427.45,427.45,427.45,0,CPA2028K
20240731,1259,436.05,436.05,436.05,436.05,0,CPA2028K
20240801,1259,428.15,428.15,428.15,428.15,0,CPA2028K
20240802,1259,430.00,430.00,430.00,430.00,0,CPA2028K
20240805,1259,419.25,419.25,419.25,419.25,0,CPA2028K
20240806,1259,421.75,421.75,421.75,421.75,0,CPA2028K
20240807,1259,416.85,416.85,416.85,416.85,0,CPA2028K
20240808,1259,416.80,416.80,416.80,416.80,0,CPA2028K
20240809,1259,419.50,419.50,419.50,419.50,0,CPA2028K
20240812,1259,426.50,426.50,426.50,426.50,0,CPA2028K
20240813,1259,424.55,424.55,424.55,424.55,0,CPA2028K
20240814,1259,423.35,423.35,423.35,423.35,0,CPA2028K
20240815,1259,431.55,431.55,431.55,431.55,0,CPA2028K
20240816,1259,433.35,433.35,433.35,433.35,0,CPA2028K
20240819,1259,436.85,436.85,436.85,436.85,0,CPA2028K
20240820,1259,434.85,434.85,434.85,434.85,0,CPA2028K
20240821,1259,436.35,436.35,436.35,436.35,0,CPA2028K
20240822,1259,433.35,433.35,433.35,433.35,0,CPA2028K
20240823,1259,438.60,438.60,438.60,438.60,0,CPA2028K
20240826,1259,442.75,442.75,442.75,442.75,0,CPA2028K
20240827,1259,445.30,445.30,445.30,445.30,0,CPA2028K
20240828,1259,438.00,438.00,438.00,438.00,0,CPA2028K
20240829,1259,438.95,438.95,438.95,438.95,0,CPA2028K
20240830,1259,437.70,437.70,437.70,437.70,0,CPA2028K
20240903,1259,425.10,425.10,425.10,425.10,0,CPA2028K
20240904,1259,424.15,424.15,424.15,424.15,0,CPA2028K
20240905,1259,430.25,430.25,430.25,430.25,0,CPA2028K
20240906,1259,425.20,425.20,425.20,425.20,0,CPA2028K
20240909,1259,432.10,432.10,432.10,432.10,0,CPA2028K
20240910,1259,427.05,427.05,427.05,427.05,0,CPA2028K
20240911,1259,431.00,431.00,431.00,431.00,0,CPA2028K
20240912,1259,435.80,435.80,435.80,435.80,0,CPA2028K
20240913,1259,438.85,438.85,438.85,438.85,0,CPA2028K
20240916,1259,443.05,443.05,443.05,443.05,0,CPA2028K
20240917,1259,443.70,443.70,443.70,443.70,0,CPA2028K
20240918,1259,445.20,445.20,445.20,445.20,0,CPA2028K
20240919,1259,449.70,449.70,449.70,449.70,0,CPA2028K
20240920,1259,449.70,449.70,449.70,449.70,0,CPA2028K
20240923,1259,450.40,450.40,450.40,450.40,0,CPA2028K
20240924,1259,463.05,463.05,463.05,463.05,0,CPA2028K
20240925,1259,462.70,462.70,462.70,462.70,0,CPA2028K
20240926,1259,462.55,462.55,462.55,462.55,0,CPA2028K
20240927,1259,460.80,460.80,460.80,460.80,0,CPA2028K
20240930,1259,454.10,454.10,454.10,454.10,0,CPA2028K
20241001,1259,460.40,460.40,460.40,460.40,0,CPA2028K
20241002,1259,466.45,466.45,466.45,466.45,0,CPA2028K
20241003,1259,458.55,458.55,458.55,458.55,0,CPA2028K
20241004,1259,462.50,462.50,462.50,462.50,0,CPA2028K
20241007,1259,462.45,462.45,462.45,462.45,0,CPA2028K
20241008,1259,453.40,453.40,453.40,453.40,0,CPA2028K
20241009,1259,447.20,447.20,447.20,447.20,0,CPA2028K
20241010,1259,449.50,449.50,449.50,449.50,0,CPA2028K
20241011,1259,455.45,455.45,455.45,455.45,0,CPA2028K
20241014,1259,449.55,449.55,449.55,449.55,0,CPA2028K
20241015,1259,449.40,449.40,449.40,449.40,0,CPA2028K
20241016,1259,451.55,451.55,451.55,451.55,0,CPA2028K
20241017,1259,449.45,449.45,449.45,449.45,0,CPA2028K
20241018,1259,455.50,455.50,455.50,455.50,0,CPA2028K
20241021,1259,453.30,453.30,453.30,453.30,0,CPA2028K
20241022,1259,455.30,455.30,455.30,455.30,0,CPA2028K
20241023,1259,452.15,452.15,452.15,452.15,0,CPA2028K
20241024,1259,453.10,453.10,453.10,453.10,0,CPA2028K
20241025,1259,453.80,453.80,453.80,453.80,0,CPA2028K
20241028,1259,451.45,451.45,451.45,451.45,0,CPA2028K
20241029,1259,450.65,450.65,450.65,450.65,0,CPA2028K
20241030,1259,449.55,449.55,449.55,449.55,0,CPA2028K
20241031,1259,449.30,449.30,449.30,449.30,0,CPA2028K
20241101,1259,452.70,452.70,452.70,452.70,0,CPA2028K
20241104,1259,457.70,457.70,457.70,457.70,0,CPA2028K
20241105,1259,462.10,462.10,462.10,462.10,0,CPA2028K
20241106,1259,441.60,441.60,441.60,441.60,0,CPA2028K
20241107,1259,458.50,458.50,458.50,458.50,0,CPA2028K
20241108,1259,447.50,447.50,447.50,447.50,0,CPA2028K
20241111,1259,440.50,440.50,440.50,440.50,0,CPA2028K
20241112,1259,435.80,435.80,435.80,435.80,0,CPA2028K
20241113,1259,432.05,432.05,432.05,432.05,0,CPA2028K
20241114,1259,431.90,431.90,431.90,431.90,0,CPA2028K
20241115,1259,428.40,428.40,428.40,428.40,0,CPA2028K
20241118,1259,433.80,433.80,433.80,433.80,0,CPA2028K
20241119,1259,435.10,435.10,435.10,435.10,0,CPA2028K
20241120,1259,435.30,435.30,435.30,435.30,0,CPA2028K
20241121,1259,433.20,433.20,433.20,433.20,0,CPA2028K
20241122,1259,430.10,430.10,430.10,430.10,0,CPA2028K
20241125,1259,433.00,433.00,433.00,433.00,0,CPA2028K
20241126,1259,429.50,429.50,429.50,429.50,0,CPA2028K
20241127,1259,431.35,431.35,431.35,431.35,0,CPA2028K
20241129,1259,431.50,431.50,431.50,431.50,0,CPA2028K
20241202,1259,431.20,431.20,431.20,431.20,0,CPA2028K
20241203,1259,442.65,442.65,442.65,442.65,0,CPA2028K
20241204,1259,442.40,442.40,442.40,442.40,0,CPA2028K
20241205,1259,448.70,448.70,448.70,448.70,0,CPA2028K
20241206,1259,448.40,448.40,448.40,448.40,0,CPA2028K
20241209,1259,455.95,455.95,455.95,455.95,0,CPA2028K
20241210,1259,455.20,455.20,455.20,455.20,0,CPA2028K
20241211,1259,453.45,453.45,453.45,453.45,0,CPA2028K
20241212,1259,451.75,451.75,451.75,451.75,0,CPA2028K
20241213,1259,447.25,447.25,447.25,447.25,0,CPA2028K
20241216,1259,447.00,447.00,447.00,447.00,0,CPA2028K
20241217,1259,444.25,444.25,444.25,444.25,0,CPA2028K
20241218,1259,445.50,445.50,445.50,445.50,0,CPA2028K
20241219,1259,438.10,438.10,438.10,438.10,0,CPA2028K
20241220,1259,439.85,439.85,439.85,439.85,0,CPA2028K
20241223,1259,438.55,438.55,438.55,438.55,0,CPA2028K
20241224,1159,440.35,440.35,440.35,440.35,0,CPA2028K
20241226,1259,442.35,442.35,442.35,442.35,0,CPA2028K
20241227,1259,441.25,441.25,441.25,441.25,0,CPA2028K
20241230,1259,437.25,437.25,437.25,437.25,0,CPA2028K
20241231,1259,429.80,429.80,429.80,429.80,0,CPA2028K
20250102,1259,430.05,430.05,430.05,430.05,0,CPA2028K
20250103,1259,434.05,434.05,434.05,434.05,0,CPA2028K
20250106,1259,441.65,441.65,441.65,441.65,0,CPA2028K
20250107,1259,445.95,445.95,445.95,445.95,0,CPA2028K
20250108,1259,450.45,450.45,450.45,450.45,0,CPA2028K
20250109,1259,454.10,454.10,454.10,454.10,0,CPA2028K
20250110,1259,452.10,452.10,452.10,452.10,0,CPA2028K
20250113,1259,456.75,456.75,456.75,456.75,0,CPA2028K
20250114,1259,459.25,459.25,459.25,459.25,0,CPA2028K
20250115,1259,462.90,462.90,462.90,462.90,0,CPA2028K
20250116,1259,468.50,468.50,468.50,468.50,0,CPA2028K
20250117,1259,461.80,461.80,461.80,461.80,0,CPA2028K
20250121,1259,460.65,460.65,460.65,460.65,0,CPA2028K
20250122,1259,457.85,457.85,457.85,457.85,0,CPA2028K
20250123,1259,460.05,460.05,460.05,460.05,0,CPA2028K
20250124,1259,461.20,461.20,461.20,461.20,0,CPA2028K
20250127,1259,453.70,453.70,453.70,453.70,0,CPA2028K
20250128,1259,454.05,454.05,454.05,454.05,0,CPA2028K
20250129,1259,457.30,457.30,457.30,457.30,0,CPA2028K
20250130,1259,461.75,461.75,461.75,461.75,0,CPA2028K
20250131,1259,458.80,458.80,458.80,458.80,0,CPA2028K
20250203,1259,460.70,460.70,460.70,460.70,0,CPA2028K
20250204,1259,465.25,465.25,465.25,465.25,0,CPA2028K
20250205,1259,473.50,473.50,473.50,473.50,0,CPA2028K
20250206,1259,476.30,476.30,476.30,476.30,0,CPA2028K
20250207,1259,488.85,488.85,488.85,488.85,0,CPA2028K
20250210,1259,499.25,499.25,499.25,499.25,0,CPA2028K
20250211,1259,489.20,489.20,489.20,489.20,0,CPA2028K
20250212,1259,500.20,500.20,500.20,500.20,0,CPA2028K
20250213,1259,507.80,507.80,507.80,507.80,0,CPA2028K
20250214,1259,496.80,496.80,496.80,496.80,0,CPA2028K
20250218,1259,491.60,491.60,491.60,491.60,0,CPA2028K
20250219,1259,488.50,488.50,488.50,488.50,0,CPA2028K
20250220,1259,493.30,493.30,493.30,493.30,0,CPA2028K
20250221,1259,489.10,489.10,489.10,489.10,0,CPA2028K
20250224,1259,484.10,484.10,484.10,484.10,0,CPA2028K
20250225,1259,480.65,480.65,480.65,480.65,0,CPA2028K
20250226,1259,486.70,486.70,486.70,486.70,0,CPA2028K
20250227,1259,489.80,489.80,489.80,489.80,0,CPA2028K
20250228,1259,483.35,483.35,483.35,483.35,0,CPA2028K
20250303,1259,490.85,490.85,490.85,490.85,0,CPA2028K
20250304,1259,486.40,486.40,486.40,486.40,0,CPA2028K
20250305,1259,510.35,510.35,510.35,510.35,0,CPA2028K
20250306,1259,511.80,511.80,511.80,511.80,0,CPA2028K
20250307,1259,503.70,503.70,503.70,503.70,0,CPA2028K
20250310,1259,500.80,500.80,500.80,500.80,0,CPA2028K
20250311,1259,511.15,511.15,511.15,511.15,0,CPA2028K
20250312,1259,520.05,520.05,520.05,520.05,0,CPA2028K
20250313,1259,528.10,528.10,528.10,528.10,0,CPA2028K
20250314,1259,525.40,525.40,525.40,525.40,0,CPA2028K
20250317,1259,532.10,532.10,532.10,532.10,0,CPA2028K
20250318,1259,538.65,538.65,538.65,538.65,0,CPA2028K
20250319,1259,546.10,546.10,546.10,546.10,0,CPA2028K
20250320,1259,547.70,547.70,547.70,547.70,0,CPA2028K
20250321,1259,548.30,548.30,548.30,548.30,0,CPA2028K
20250324,1259,545.95,545.95,545.95,545.95,0,CPA2028K
20250325,1259,557.05,557.05,557.05,557.05,0,CPA2028K
20250326,1259,551.05,551.05,551.05,551.05,0,CPA2028K
20250327,1259,538.80,538.80,538.80,538.80,0,CPA2028K
20250328,1259,545.15,545.15,545.15,545.15,0,CPA2028K
20250331,1259,537.35,537.35,537.35,537.35,0,CPA2028K
20250401,1259,538.45,538.45,538.45,538.45,0,CPA2028K
20250402,1259,538.85,538.85,538.85,538.85,0,CPA2028K
20250403,1259,519.50,519.50,519.50,519.50,0,CPA2028K
20250404,1259,480.65,480.65,480.65,480.65,0,CPA2028K
20250407,1259,460.95,460.95,460.95,460.95,0,CPA2028K
20250408,1259,457.65,457.65,457.65,457.65,0,CPA2028K
20250409,1259,462.35,462.35,462.35,462.35,0,CPA2028K
20250410,1259,476.05,476.05,476.05,476.05,0,CPA2028K
20250411,1259,494.60,494.60,494.60,494.60,0,CPA2028K
20250414,1259,506.40,506.40,506.40,506.40,0,CPA2028K
20250415,1259,505.95,505.95,505.95,505.95,0,CPA2028K
20250416,1259,511.55,511.55,511.55,511.55,0,CPA2028K
20250417,1259,516.25,516.25,516.25,516.25,0,CPA2028K
20250421,1259,515.35,515.35,515.35,515.35,0,CPA2028K
20250422,1259,529.20,529.20,529.20,529.20,0,CPA2028K
20250423,1259,526.50,526.50,526.50,526.50,0,CPA2028K
20250424,1259,528.30,528.30,528.30,528.30,0,CPA2028K
20250425,1259,526.75,526.75,526.75,526.75,0,CPA2028K
20250428,1259,525.35,525.35,525.35,525.35,0,CPA2028K
20250429,1259,524.25,524.25,524.25,524.25,0,CPA2028K
20250430,1259,500.45,500.45,500.45,500.45,0,CPA2028K
20250501,1259,502.95,502.95,502.95,502.95,0,CPA2028K
20250502,1259,509.25,509.25,509.25,509.25,0,CPA2028K
20250505,1259,513.05,513.05,513.05,513.05,0,CPA2028K
20250506,1259,521.00,521.00,521.00,521.00,0,CPA2028K
20250507,1259,510.65,510.65,510.65,510.65,0,CPA2028K
20250508,1259,504.95,504.95,504.95,504.95,0,CPA2028K
20250509,1259,509.95,509.95,509.95,509.95,0,CPA2028K
20250512,1259,507.20,507.20,507.20,507.20,0,CPA2028K
20250513,1259,517.10,517.10,517.10,517.10,0,CPA2028K
20250514,1259,510.40,510.40,510.40,510.40,0,CPA2028K
20250515,1259,512.60,512.60,512.60,512.60,0,CPA2028K
20250516,1259,503.90,503.90,503.90,503.90,0,CPA2028K
20250519,1259,511.50,511.50,511.50,511.50,0,CPA2028K
20250520,1259,509.90,509.90,509.90,509.90,0,CPA2028K
20250521,1259,510.75,510.75,510.75,510.75,0,CPA2028K
20250522,1259,511.25,511.25,511.25,511.25,0,CPA2028K
20250523,1259,527.15,527.15,527.15,527.15,0,CPA2028K
20250527,1259,518.45,518.45,518.45,518.45,0,CPA2028K
20250528,1259,513.40,513.40,513.40,513.40,0,CPA2028K
20250529,1259,513.95,513.95,513.95,513.95,0,CPA2028K
20250530,1259,513.35,513.35,513.35,513.35,0,CPA2028K
20250602,1259,531.10,531.10,531.10,531.10,0,CPA2028K
20250603,1259,529.25,529.25,529.25,529.25,0,CPA2028K
20250604,1259,533.75,533.75,533.75,533.75,0,CPA2028K
20250605,1259,538.25,538.25,538.25,538.25,0,CPA2028K
20250606,1259,530.75,530.75,530.75,530.75,0,CPA2028K
20250609,1259,537.95,537.95,537.95,537.95,0,CPA2028K
20250610,1259,534.65,534.65,534.65,534.65,0,CPA2028K
20250611,1259,527.00,527.00,527.00,527.00,0,CPA2028K
20250612,1259,529.05,529.05,529.05,529.05,0,CPA2028K
20250613,1259,527.40,527.40,527.40,527.40,0,CPA2028K
20250616,1259,530.20,530.20,530.20,530.20,0,CPA2028K
20250617,1259,527.00,527.00,527.00,527.00,0,CPA2028K
20250618,1259,530.95,530.95,530.95,530.95,0,CPA2028K
20250620,1259,528.60,528.60,528.60,528.60,0,CPA2028K
20250623,1259,529.95,529.95,529.95,529.95,0,CPA2028K
20250624,1259,532.95,532.95,532.95,532.95,0,CPA2028K
20250625,1259,537.85,537.85,537.85,537.85,0,CPA2028K
20250626,1259,552.40,552.40,552.40,552.40,0,CPA2028K
20250627,1259,552.95,552.95,552.95,552.95,0,CPA2028K
20250630,1259,548.80,548.80,548.80,548.80,0,CPA2028K
20250701,1259,550.95,550.95,550.95,550.95,0,CPA2028K
20250702,1259,560.35,560.35,560.35,560.35,0,CPA2028K
20250703,1259,555.05,555.05,555.05,555.05,0,CPA2028K
20250707,1259,543.50,543.50,543.50,543.50,0,CPA2028K
20250708,1259,609.40,609.40,609.40,609.40,0,CPA2028K
20250709,1259,580.95,580.95,580.95,580.95,0,CPA2028K
20250710,1259,592.70,592.70,592.70,592.70,0,CPA2028K
20250711,1259,594.40,594.40,594.40,594.40,0,CPA2028K
20250714,1259,589.35,589.35,589.35,589.35,0,CPA2028K
20250715,1259,591.90,591.90,591.90,591.90,0,CPA2028K
20250716,1259,587.55,587.55,587.55,587.55,0,CPA2028K
20250717,1259,586.35,586.35,586.35,586.35,0,CPA2028K
20250718,1259,595.40,595.40,595.40,595.40,0,CPA2028K
20250721,1259,598.30,598.30,598.30,598.30,0,CPA2028K
20250722,1259,606.30,606.30,606.30,606.30,0,CPA2028K
20250723,1259,615.30,615.30,615.30,615.30,0,CPA2028K
20250724,1259,615.10,615.10,615.10,615.10,0,CPA2028K
20250725,1259,613.15,613.15,613.15,613.15,0,CPA2028K
20250728,1259,604.15,604.15,604.15,604.15,0,CPA2028K
20250729,1259,596.50,596.50,596.50,596.50,0,CPA2028K
20250730,1259,592.80,592.80,592.80,592.80,0,CPA2028K
20250731,1259,477.25,477.25,477.25,477.25,0,CPA2028K
20250801,1259,484.40,484.40,484.40,484.40,0,CPA2028K
20250804,1259,484.10,484.10,484.10,484.10,0,CPA2028K
20250805,1259,479.70,479.70,479.70,479.70,0,CPA2028K
20250806,1259,483.15,483.15,483.15,483.15,0,CPA2028K
20250807,1259,482.95,482.95,482.95,482.95,0,CPA2028K
