Date,Time,Open,High,Low,Close,TradeVolume,Contract
20250130,1259,454.60,454.60,454.60,454.60,0,CPA2027F
20250131,1259,451.65,451.65,451.65,451.65,0,CPA2027F
20250203,1259,453.55,453.55,453.55,453.55,0,CPA2027F
20250204,1259,458.10,458.10,458.10,458.10,0,CPA2027F
20250205,1259,466.35,466.35,466.35,466.35,0,CPA2027F
20250206,1259,469.15,469.15,469.15,469.15,0,CPA2027F
20250207,1259,481.70,481.70,481.70,481.70,0,CPA2027F
20250210,1259,492.10,492.10,492.10,492.10,0,CPA2027F
20250211,1259,482.05,482.05,482.05,482.05,0,CPA2027F
20250212,1259,493.70,493.70,493.70,493.70,0,CPA2027F
20250213,1259,501.30,501.30,501.30,501.30,0,CPA2027F
20250214,1259,490.25,490.25,490.25,490.25,0,CPA2027F
20250218,1259,485.00,485.00,485.00,485.00,0,CPA2027F
20250219,1259,481.90,481.90,481.90,481.90,0,CPA2027F
20250220,1259,486.65,486.65,486.65,486.65,0,CPA2027F
20250221,1259,482.45,482.45,482.45,482.45,0,CPA2027F
20250224,1259,477.45,477.45,477.45,477.45,0,CPA2027F
20250225,1259,474.00,474.00,474.00,474.00,0,CPA2027F
20250226,1259,480.25,480.25,480.25,480.25,0,CPA2027F
20250227,1259,483.30,483.30,483.30,483.30,0,CPA2027F
20250228,1259,476.85,476.85,476.85,476.85,0,CPA2027F
20250303,1259,484.35,484.35,484.35,484.35,0,CPA2027F
20250304,1259,479.85,479.85,479.85,479.85,0,CPA2027F
20250305,1259,503.75,503.75,503.75,503.75,0,CPA2027F
20250306,1259,504.65,504.65,504.65,504.65,0,CPA2027F
20250307,1259,496.55,496.55,496.55,496.55,0,CPA2027F
20250310,1259,493.40,493.40,493.40,493.40,0,CPA2027F
20250311,1259,503.60,503.60,503.60,503.60,0,CPA2027F
20250312,1259,512.50,512.50,512.50,512.50,0,CPA2027F
20250313,1259,520.55,520.55,520.55,520.55,0,CPA2027F
20250314,1259,517.85,517.85,517.85,517.85,0,CPA2027F
20250317,1259,524.55,524.55,524.55,524.55,0,CPA2027F
20250318,1259,531.10,531.10,531.10,531.10,0,CPA2027F
20250319,1259,538.55,538.55,538.55,538.55,0,CPA2027F
20250320,1259,540.05,540.05,540.05,540.05,0,CPA2027F
20250321,1259,540.50,540.50,540.50,540.50,0,CPA2027F
20250324,1259,538.15,538.15,538.15,538.15,0,CPA2027F
20250325,1259,549.25,549.25,549.25,549.25,0,CPA2027F
20250326,1259,542.80,542.80,542.80,542.80,0,CPA2027F
20250327,1259,530.05,530.05,530.05,530.05,0,CPA2027F
20250328,1259,531.65,531.65,531.65,531.65,0,CPA2027F
20250331,1259,523.85,523.85,523.85,523.85,0,CPA2027F
20250401,1259,524.95,524.95,524.95,524.95,0,CPA2027F
20250402,1259,525.35,525.35,525.35,525.35,0,CPA2027F
20250403,1259,505.95,505.95,505.95,505.95,0,CPA2027F
20250404,1259,466.65,466.65,466.65,466.65,0,CPA2027F
20250407,1259,446.80,446.80,446.80,446.80,0,CPA2027F
20250408,1259,443.45,443.45,443.45,443.45,0,CPA2027F
20250409,1259,448.15,448.15,448.15,448.15,0,CPA2027F
20250410,1259,461.90,461.90,461.90,461.90,0,CPA2027F
20250411,1259,480.45,480.45,480.45,480.45,0,CPA2027F
20250414,1259,492.20,492.20,492.20,492.20,0,CPA2027F
20250415,1259,491.75,491.75,491.75,491.75,0,CPA2027F
20250416,1259,497.30,497.30,497.30,497.30,0,CPA2027F
20250417,1259,502.00,502.00,502.00,502.00,0,CPA2027F
20250421,1259,501.10,501.10,501.10,501.10,0,CPA2027F
20250422,1259,514.95,514.95,514.95,514.95,0,CPA2027F
20250423,1259,512.25,512.25,512.25,512.25,0,CPA2027F
20250424,1259,514.00,514.00,514.00,514.00,0,CPA2027F
20250425,1259,512.50,512.50,512.50,512.50,0,CPA2027F
20250428,1259,511.10,511.10,511.10,511.10,0,CPA2027F
20250429,1259,509.80,509.80,509.80,509.80,0,CPA2027F
20250430,1259,484.45,484.45,484.45,484.45,0,CPA2027F
20250501,1259,486.95,486.95,486.95,486.95,0,CPA2027F
20250502,1259,493.25,493.25,493.25,493.25,0,CPA2027F
20250505,1259,496.75,496.75,496.75,496.75,0,CPA2027F
20250506,1259,504.75,504.75,504.75,504.75,0,CPA2027F
20250507,1259,494.40,494.40,494.40,494.40,0,CPA2027F
20250508,1259,488.70,488.70,488.70,488.70,0,CPA2027F
20250509,1259,493.65,493.65,493.65,493.65,0,CPA2027F
20250512,1259,490.85,490.85,490.85,490.85,0,CPA2027F
20250513,1259,500.95,500.95,500.95,500.95,0,CPA2027F
20250514,1259,494.15,494.15,494.15,494.15,0,CPA2027F
20250515,1259,496.30,496.30,496.30,496.30,0,CPA2027F
20250516,1259,487.65,487.65,487.65,487.65,0,CPA2027F
20250519,1259,495.30,495.30,495.30,495.30,0,CPA2027F
20250520,1259,493.60,493.60,493.60,493.60,0,CPA2027F
20250521,1259,494.50,494.50,494.50,494.50,0,CPA2027F
20250522,1259,495.15,495.15,495.15,495.15,0,CPA2027F
20250523,1259,511.05,511.05,511.05,511.05,0,CPA2027F
20250527,1259,502.35,502.35,502.35,502.35,0,CPA2027F
20250528,1259,497.15,497.15,497.15,497.15,0,CPA2027F
20250529,1259,497.75,497.75,497.75,497.75,0,CPA2027F
20250530,1259,497.15,497.15,497.15,497.15,0,CPA2027F
20250602,1259,514.85,514.85,514.85,514.85,0,CPA2027F
20250603,1259,512.95,512.95,512.95,512.95,0,CPA2027F
20250604,1259,517.50,517.50,517.50,517.50,0,CPA2027F
20250605,1259,522.00,522.00,522.00,522.00,0,CPA2027F
20250606,1259,514.50,514.50,514.50,514.50,0,CPA2027F
20250609,1259,521.80,521.80,521.80,521.80,0,CPA2027F
20250610,1259,518.50,518.50,518.50,518.50,0,CPA2027F
20250611,1259,510.80,510.80,510.80,510.80,0,CPA2027F
20250612,1259,512.60,512.60,512.60,512.60,0,CPA2027F
20250613,1259,510.90,510.90,510.90,510.90,0,CPA2027F
20250616,1259,513.70,513.70,513.70,513.70,0,CPA2027F
20250617,1259,510.55,510.55,510.55,510.55,0,CPA2027F
20250618,1259,514.55,514.55,514.55,514.55,0,CPA2027F
20250620,1259,512.10,512.10,512.10,512.10,0,CPA2027F
20250623,1259,513.50,513.50,513.50,513.50,0,CPA2027F
20250624,1259,516.25,516.25,516.25,516.25,0,CPA2027F
20250625,1259,521.10,521.10,521.10,521.10,0,CPA2027F
20250626,1259,535.65,535.65,535.65,535.65,0,CPA2027F
20250627,1259,535.85,535.85,535.85,535.85,0,CPA2027F
20250630,1259,531.45,531.45,531.45,531.45,0,CPA2027F
20250701,1259,533.55,533.55,533.55,533.55,0,CPA2027F
20250702,1259,544.00,544.00,544.00,544.00,0,CPA2027F
20250703,1259,538.60,538.60,538.60,538.60,0,CPA2027F
20250707,1259,527.10,527.10,527.10,527.10,0,CPA2027F
20250708,1259,593.10,593.10,593.10,593.10,0,CPA2027F
20250709,1259,565.15,565.15,565.15,565.15,0,CPA2027F
20250710,1259,576.90,576.90,576.90,576.90,0,CPA2027F
20250711,1259,578.65,578.65,578.65,578.65,0,CPA2027F
20250714,1259,573.65,573.65,573.65,573.65,0,CPA2027F
20250715,1259,576.20,576.20,576.20,576.20,0,CPA2027F
20250716,1259,570.85,570.85,570.85,570.85,0,CPA2027F
20250717,1259,569.55,569.55,569.55,569.55,0,CPA2027F
20250718,1259,578.40,578.40,578.40,578.40,0,CPA2027F
20250718,1637,577.85,577.85,577.85,577.85,1,CPA2027F
20250721,1259,581.40,581.40,581.40,581.40,0,CPA2027F
20250722,1259,589.45,589.45,589.45,589.45,0,CPA2027F
20250723,1259,598.40,598.40,598.40,598.40,0,CPA2027F
20250724,1259,598.00,598.00,598.00,598.00,0,CPA2027F
20250725,1259,596.05,596.05,596.05,596.05,0,CPA2027F
20250728,1259,579.30,579.30,579.30,579.30,0,CPA2027F
20250729,1259,581.05,581.05,581.05,581.05,0,CPA2027F
20250730,1259,576.60,576.60,576.60,576.60,0,CPA2027F
20250731,1259,460.65,460.65,460.65,460.65,0,CPA2027F
20250801,1259,467.75,467.75,467.75,467.75,0,CPA2027F
20250801,1653,469.15,469.15,469.15,469.15,1,CPA2027F
20250804,1259,467.50,467.50,467.50,467.50,0,CPA2027F
20250805,1259,462.90,462.90,462.90,462.90,0,CPA2027F
20250805,2007,463.90,463.90,463.90,463.90,1,CPA2027F
20250806,1259,466.15,466.15,466.15,466.15,0,CPA2027F
20250807,1259,465.80,465.80,465.80,465.80,0,CPA2027F
