Date,Time,Open,High,Low,Close,TradeVolume,Contract
20250429,1259,512.80,512.80,512.80,512.80,0,CPA2027J
20250430,1259,487.85,487.85,487.85,487.85,0,CPA2027J
20250501,1259,490.35,490.35,490.35,490.35,0,CPA2027J
20250502,1259,496.65,496.65,496.65,496.65,0,CPA2027J
20250505,1259,500.45,500.45,500.45,500.45,0,CPA2027J
20250506,1259,508.40,508.40,508.40,508.40,0,CPA2027J
20250507,1259,498.05,498.05,498.05,498.05,0,CPA2027J
20250508,1259,492.35,492.35,492.35,492.35,0,CPA2027J
20250509,1259,497.40,497.40,497.40,497.40,0,CPA2027J
20250512,1259,494.65,494.65,494.65,494.65,0,CPA2027J
20250513,1259,504.55,504.55,504.55,504.55,0,CPA2027J
20250514,1259,497.80,497.80,497.80,497.80,0,CPA2027J
20250515,1259,499.95,499.95,499.95,499.95,0,CPA2027J
20250516,1259,491.25,491.25,491.25,491.25,0,CPA2027J
20250519,1259,498.80,498.80,498.80,498.80,0,CPA2027J
20250520,1259,497.10,497.10,497.10,497.10,0,CPA2027J
20250521,1259,497.95,497.95,497.95,497.95,0,CPA2027J
20250522,1259,498.45,498.45,498.45,498.45,0,CPA2027J
20250523,1259,514.35,514.35,514.35,514.35,0,CPA2027J
20250527,1259,505.65,505.65,505.65,505.65,0,CPA2027J
20250528,1259,500.60,500.60,500.60,500.60,0,CPA2027J
20250529,1259,501.15,501.15,501.15,501.15,0,CPA2027J
20250530,1259,500.55,500.55,500.55,500.55,0,CPA2027J
20250602,1259,518.30,518.30,518.30,518.30,0,CPA2027J
20250603,1259,516.45,516.45,516.45,516.45,0,CPA2027J
20250604,1259,520.95,520.95,520.95,520.95,0,CPA2027J
20250605,1259,525.45,525.45,525.45,525.45,0,CPA2027J
20250606,1259,517.95,517.95,517.95,517.95,0,CPA2027J
20250609,1259,525.15,525.15,525.15,525.15,0,CPA2027J
20250610,1259,521.85,521.85,521.85,521.85,0,CPA2027J
20250611,1259,514.20,514.20,514.20,514.20,0,CPA2027J
20250612,1259,516.25,516.25,516.25,516.25,0,CPA2027J
20250613,1259,514.60,514.60,514.60,514.60,0,CPA2027J
20250616,1259,517.40,517.40,517.40,517.40,0,CPA2027J
20250617,1259,514.20,514.20,514.20,514.20,0,CPA2027J
20250618,1259,518.15,518.15,518.15,518.15,0,CPA2027J
20250620,1259,515.75,515.75,515.75,515.75,0,CPA2027J
20250623,1259,517.10,517.10,517.10,517.10,0,CPA2027J
20250624,1259,519.95,519.95,519.95,519.95,0,CPA2027J
20250625,1259,524.85,524.85,524.85,524.85,0,CPA2027J
20250626,1259,539.40,539.40,539.40,539.40,0,CPA2027J
20250627,1259,539.50,539.50,539.50,539.50,0,CPA2027J
20250630,1259,535.10,535.10,535.10,535.10,0,CPA2027J
20250701,1259,537.10,537.10,537.10,537.10,0,CPA2027J
20250702,1259,547.55,547.55,547.55,547.55,0,CPA2027J
20250703,1259,542.15,542.15,542.15,542.15,0,CPA2027J
20250707,1259,530.65,530.65,530.65,530.65,0,CPA2027J
20250708,1259,596.60,596.60,596.60,596.60,0,CPA2027J
20250709,1259,568.20,568.20,568.20,568.20,0,CPA2027J
20250710,1259,579.95,579.95,579.95,579.95,0,CPA2027J
20250711,1259,581.65,581.65,581.65,581.65,0,CPA2027J
20250714,1259,576.60,576.60,576.60,576.60,0,CPA2027J
20250715,1259,579.15,579.15,579.15,579.15,0,CPA2027J
20250716,1259,573.65,573.65,573.65,573.65,0,CPA2027J
20250717,1259,572.30,572.30,572.30,572.30,0,CPA2027J
20250718,1259,581.35,581.35,581.35,581.35,0,CPA2027J
20250721,1259,584.25,584.25,584.25,584.25,0,CPA2027J
20250722,1259,592.25,592.25,592.25,592.25,0,CPA2027J
20250723,1259,601.25,601.25,601.25,601.25,0,CPA2027J
20250724,1259,601.00,601.00,601.00,601.00,0,CPA2027J
20250725,1259,599.00,599.00,599.00,599.00,0,CPA2027J
20250728,1259,582.25,582.25,582.25,582.25,0,CPA2027J
20250729,1259,584.10,584.10,584.10,584.10,0,CPA2027J
20250730,1259,579.70,579.70,579.70,579.70,0,CPA2027J
20250731,1259,464.20,464.20,464.20,464.20,0,CPA2027J
20250801,1259,471.35,471.35,471.35,471.35,0,CPA2027J
20250804,1259,471.05,471.05,471.05,471.05,0,CPA2027J
20250805,1259,466.50,466.50,466.50,466.50,0,CPA2027J
20250806,1259,469.80,469.80,469.80,469.80,0,CPA2027J
20250807,1259,469.60,469.60,469.60,469.60,0,CPA2027J
