Date,Time,Open,High,Low,Close,TradeVolume,Contract
20240228,1259,390.90,390.90,390.90,390.90,0,CPA2026G
20240229,1259,391.30,391.30,391.30,391.30,0,CPA2026G
20240301,1259,393.00,393.00,393.00,393.00,0,CPA2026G
20240304,1259,392.90,392.90,392.90,392.90,0,CPA2026G
20240305,1259,392.05,392.05,392.05,392.05,0,CPA2026G
20240306,1259,394.60,394.60,394.60,394.60,0,CPA2026G
20240307,1259,399.40,399.40,399.40,399.40,0,CPA2026G
20240308,1259,396.35,396.35,396.35,396.35,0,CPA2026G
20240311,1259,399.75,399.75,399.75,399.75,0,CPA2026G
20240312,1259,400.10,400.10,400.10,400.10,0,CPA2026G
20240313,1259,411.10,411.10,411.10,411.10,0,CPA2026G
20240314,1259,411.05,411.05,411.05,411.05,0,CPA2026G
20240315,1259,419.35,419.35,419.35,419.35,0,CPA2026G
20240318,1259,419.95,419.95,419.95,419.95,0,CPA2026G
20240319,1259,415.30,415.30,415.30,415.30,0,CPA2026G
20240320,1259,413.40,413.40,413.40,413.40,0,CPA2026G
20240321,1259,415.55,415.55,415.55,415.55,0,CPA2026G
20240322,1259,410.75,410.75,410.75,410.75,0,CPA2026G
20240325,1259,412.25,412.25,412.25,412.25,0,CPA2026G
20240326,1259,411.75,411.75,411.75,411.75,0,CPA2026G
20240327,1259,411.25,411.25,411.25,411.25,0,CPA2026G
20240328,1259,412.60,412.60,412.60,412.60,0,CPA2026G
20240401,1259,416.85,416.85,416.85,416.85,0,CPA2026G
20240402,1259,419.35,419.35,419.35,419.35,0,CPA2026G
20240403,1259,432.10,432.10,432.10,432.10,0,CPA2026G
20240404,1259,437.35,437.35,437.35,437.35,0,CPA2026G
20240405,1259,436.20,436.20,436.20,436.20,0,CPA2026G
20240408,1259,439.20,439.20,439.20,439.20,0,CPA2026G
20240409,1259,439.90,439.90,439.90,439.90,0,CPA2026G
20240410,1259,438.90,438.90,438.90,438.90,0,CPA2026G
20240411,1259,437.70,437.70,437.70,437.70,0,CPA2026G
20240412,1259,438.20,438.20,438.20,438.20,0,CPA2026G
20240415,1259,445.75,445.75,445.75,445.75,0,CPA2026G
20240416,1259,438.60,438.60,438.60,438.60,0,CPA2026G
20240417,1259,441.05,441.05,441.05,441.05,0,CPA2026G
20240418,1259,451.60,451.60,451.60,451.60,0,CPA2026G
20240419,1259,457.00,457.00,457.00,457.00,0,CPA2026G
20240422,1259,455.10,455.10,455.10,455.10,0,CPA2026G
20240423,1259,450.35,450.35,450.35,450.35,0,CPA2026G
20240424,1259,452.60,452.60,452.60,452.60,0,CPA2026G
20240425,1259,458.05,458.05,458.05,458.05,0,CPA2026G
20240426,1259,462.65,462.65,462.65,462.65,0,CPA2026G
20240429,1259,471.10,471.10,471.10,471.10,0,CPA2026G
20240430,1259,460.85,460.85,460.85,460.85,0,CPA2026G
20240501,1259,458.15,458.15,458.15,458.15,0,CPA2026G
20240502,1259,452.70,452.70,452.70,452.70,0,CPA2026G
20240503,1259,459.60,459.60,459.60,459.60,0,CPA2026G
20240506,1259,465.00,465.00,465.00,465.00,0,CPA2026G
20240507,1259,464.70,464.70,464.70,464.70,0,CPA2026G
20240508,1259,459.15,459.15,459.15,459.15,0,CPA2026G
20240509,1259,461.05,461.05,461.05,461.05,0,CPA2026G
20240510,1259,462.30,462.30,462.30,462.30,0,CPA2026G
20240513,1259,468.80,468.80,468.80,468.80,0,CPA2026G
20240514,1259,461.75,461.75,461.75,461.75,0,CPA2026G
20240515,1259,469.85,469.85,469.85,469.85,0,CPA2026G
20240516,1259,474.50,474.50,474.50,474.50,0,CPA2026G
20240517,1259,488.30,488.30,488.30,488.30,0,CPA2026G
20240520,1259,496.45,496.45,496.45,496.45,0,CPA2026G
20240521,1259,496.60,496.60,496.60,496.60,0,CPA2026G
20240522,1259,477.75,477.75,477.75,477.75,0,CPA2026G
20240523,1259,475.70,475.70,475.70,475.70,0,CPA2026G
20240524,1259,474.05,474.05,474.05,474.05,0,CPA2026G
20240528,1259,484.75,484.75,484.75,484.75,0,CPA2026G
20240529,0547,486.60,486.60,486.60,486.60,1,CPA2026G
20240529,0608,486.60,486.60,486.60,486.60,1,CPA2026G
20240529,0609,486.60,486.60,486.60,486.60,1,CPA2026G
20240529,0628,486.60,486.60,486.60,486.60,1,CPA2026G
20240529,0901,486.75,486.75,486.75,486.75,1,CPA2026G
20240529,0943,487.00,487.00,487.00,487.00,1,CPA2026G
20240529,1259,481.20,481.20,481.20,481.20,0,CPA2026G
20240530,1259,467.95,467.95,467.95,467.95,0,CPA2026G
20240531,1259,465.10,465.10,465.10,465.10,0,CPA2026G
20240603,1259,469.90,469.90,469.90,469.90,0,CPA2026G
20240604,1259,457.30,457.30,457.30,457.30,0,CPA2026G
20240605,1259,459.50,459.50,459.50,459.50,0,CPA2026G
20240606,1259,467.65,467.65,467.65,467.65,0,CPA2026G
20240607,1259,452.90,452.90,452.90,452.90,0,CPA2026G
20240610,1259,458.65,458.65,458.65,458.65,0,CPA2026G
20240611,1259,452.70,452.70,452.70,452.70,0,CPA2026G
20240612,1259,459.00,459.00,459.00,459.00,0,CPA2026G
20240613,1259,452.45,452.45,452.45,452.45,0,CPA2026G
20240614,1259,451.85,451.85,451.85,451.85,0,CPA2026G
20240617,1259,448.20,448.20,448.20,448.20,0,CPA2026G
20240618,1259,450.90,450.90,450.90,450.90,0,CPA2026G
20240620,1259,457.10,457.10,457.10,457.10,0,CPA2026G
20240621,1259,449.30,449.30,449.30,449.30,0,CPA2026G
20240624,1259,448.20,448.20,448.20,448.20,0,CPA2026G
20240625,1259,444.70,444.70,444.70,444.70,0,CPA2026G
20240626,1259,444.85,444.85,444.85,444.85,0,CPA2026G
20240627,1259,443.85,443.85,443.85,443.85,0,CPA2026G
20240628,1259,447.70,447.70,447.70,447.70,0,CPA2026G
20240701,1259,450.15,450.15,450.15,450.15,0,CPA2026G
20240702,1259,449.50,449.50,449.50,449.50,0,CPA2026G
20240703,1259,459.40,459.40,459.40,459.40,0,CPA2026G
20240705,1259,466.15,466.15,466.15,466.15,0,CPA2026G
20240708,1259,464.90,464.90,464.90,464.90,0,CPA2026G
20240709,1259,461.60,461.60,461.60,461.60,0,CPA2026G
20240710,1259,462.45,462.45,462.45,462.45,0,CPA2026G
20240711,1259,457.90,457.90,457.90,457.90,0,CPA2026G
20240712,1259,463.65,463.65,463.65,463.65,0,CPA2026G
20240715,1259,459.85,459.85,459.85,459.85,0,CPA2026G
20240716,1259,453.95,453.95,453.95,453.95,0,CPA2026G
20240717,1259,452.15,452.15,452.15,452.15,0,CPA2026G
20240718,1259,441.00,441.00,441.00,441.00,0,CPA2026G
20240719,1259,436.90,436.90,436.90,436.90,0,CPA2026G
20240722,1259,433.40,433.40,433.40,433.40,0,CPA2026G
20240723,1259,428.95,428.95,428.95,428.95,0,CPA2026G
20240724,1259,425.70,425.70,425.70,425.70,0,CPA2026G
20240725,1259,427.20,427.20,427.20,427.20,0,CPA2026G
20240726,1259,428.50,428.50,428.50,428.50,0,CPA2026G
20240729,1259,424.95,424.95,424.95,424.95,0,CPA2026G
20240730,1259,425.30,425.30,425.30,425.30,0,CPA2026G
20240731,1259,433.80,433.80,433.80,433.80,0,CPA2026G
20240801,1259,425.90,425.90,425.90,425.90,0,CPA2026G
20240802,1259,427.75,427.75,427.75,427.75,0,CPA2026G
20240805,1259,417.00,417.00,417.00,417.00,0,CPA2026G
20240806,1259,419.50,419.50,419.50,419.50,0,CPA2026G
20240807,1259,413.65,413.65,413.65,413.65,0,CPA2026G
20240808,1259,413.60,413.60,413.60,413.60,0,CPA2026G
20240809,1259,416.30,416.30,416.30,416.30,0,CPA2026G
20240812,1259,423.30,423.30,423.30,423.30,0,CPA2026G
20240813,1259,421.35,421.35,421.35,421.35,0,CPA2026G
20240814,1259,420.00,420.00,420.00,420.00,0,CPA2026G
20240815,1259,428.80,428.80,428.80,428.80,0,CPA2026G
20240816,1259,430.60,430.60,430.60,430.60,0,CPA2026G
20240819,1259,434.10,434.10,434.10,434.10,0,CPA2026G
20240820,1259,432.10,432.10,432.10,432.10,0,CPA2026G
20240821,1259,433.60,433.60,433.60,433.60,0,CPA2026G
20240822,1259,430.60,430.60,430.60,430.60,0,CPA2026G
20240823,1259,435.85,435.85,435.85,435.85,0,CPA2026G
20240826,1259,440.00,440.00,440.00,440.00,0,CPA2026G
20240827,1259,442.55,442.55,442.55,442.55,0,CPA2026G
20240828,1259,435.25,435.25,435.25,435.25,0,CPA2026G
20240829,1259,436.20,436.20,436.20,436.20,0,CPA2026G
20240830,1259,434.95,434.95,434.95,434.95,0,CPA2026G
20240903,1259,422.20,422.20,422.20,422.20,0,CPA2026G
20240904,1259,421.25,421.25,421.25,421.25,0,CPA2026G
20240905,1259,427.35,427.35,427.35,427.35,0,CPA2026G
20240906,1259,422.30,422.30,422.30,422.30,0,CPA2026G
20240909,1259,429.10,429.10,429.10,429.10,0,CPA2026G
20240910,1259,424.10,424.10,424.10,424.10,0,CPA2026G
20240911,1259,428.05,428.05,428.05,428.05,0,CPA2026G
20240912,1259,432.95,432.95,432.95,432.95,0,CPA2026G
20240913,1259,436.00,436.00,436.00,436.00,0,CPA2026G
20240916,1259,440.20,440.20,440.20,440.20,0,CPA2026G
20240917,1259,440.85,440.85,440.85,440.85,0,CPA2026G
20240918,1259,442.35,442.35,442.35,442.35,0,CPA2026G
20240919,1259,446.85,446.85,446.85,446.85,0,CPA2026G
20240919,1615,447.50,447.50,447.50,447.50,2,CPA2026G
20240920,1259,447.15,447.15,447.15,447.15,0,CPA2026G
20240923,0925,449.60,449.60,449.60,449.60,2,CPA2026G
20240923,1259,447.85,447.85,447.85,447.85,0,CPA2026G
20240924,1259,460.80,460.80,460.80,460.80,0,CPA2026G
20240925,1259,462.10,462.10,462.10,462.10,0,CPA2026G
20240926,1259,472.45,472.45,472.45,472.45,0,CPA2026G
20240927,1259,470.10,470.10,470.10,470.10,0,CPA2026G
20240930,1259,463.40,463.40,463.40,463.40,0,CPA2026G
20241001,1259,469.70,469.70,469.70,469.70,0,CPA2026G
20241002,1259,475.75,475.75,475.75,475.75,0,CPA2026G
20241003,1259,467.85,467.85,467.85,467.85,0,CPA2026G
20241004,1259,471.00,471.00,471.00,471.00,0,CPA2026G
20241007,1259,470.55,470.55,470.55,470.55,0,CPA2026G
20241008,1259,461.35,461.35,461.35,461.35,0,CPA2026G
20241009,1259,455.15,455.15,455.15,455.15,0,CPA2026G
20241010,1259,457.45,457.45,457.45,457.45,0,CPA2026G
20241011,1259,463.70,463.70,463.70,463.70,0,CPA2026G
20241014,1259,456.75,456.75,456.75,456.75,0,CPA2026G
20241015,1259,450.90,450.90,450.90,450.90,0,CPA2026G
20241016,1259,453.05,453.05,453.05,453.05,0,CPA2026G
20241017,1259,449.95,449.95,449.95,449.95,0,CPA2026G
20241018,1259,456.05,456.05,456.05,456.05,0,CPA2026G
20241021,1259,453.85,453.85,453.85,453.85,0,CPA2026G
20241022,1259,455.80,455.80,455.80,455.80,0,CPA2026G
20241023,1259,452.55,452.55,452.55,452.55,0,CPA2026G
20241024,1259,453.50,453.50,453.50,453.50,0,CPA2026G
20241025,1259,454.20,454.20,454.20,454.20,0,CPA2026G
20241028,1111,454.20,454.20,454.20,454.20,1,CPA2026G
20241028,1116,454.55,454.55,454.55,454.55,1,CPA2026G
20241028,1259,453.00,453.00,453.00,453.00,0,CPA2026G
20241029,1259,452.25,452.25,452.25,452.25,0,CPA2026G
20241030,1259,450.95,450.95,450.95,450.95,0,CPA2026G
20241031,1259,450.10,450.10,450.10,450.10,0,CPA2026G
20241101,1259,453.55,453.55,453.55,453.55,0,CPA2026G
20241104,1056,459.40,459.40,459.40,459.40,1,CPA2026G
20241104,1259,458.50,458.50,458.50,458.50,0,CPA2026G
20241105,1259,462.15,462.15,462.15,462.15,0,CPA2026G
20241106,1259,441.55,441.55,441.55,441.55,0,CPA2026G
20241107,1259,458.70,458.70,458.70,458.70,0,CPA2026G
20241108,1259,447.65,447.65,447.65,447.65,0,CPA2026G
20241111,1259,440.45,440.45,440.45,440.45,0,CPA2026G
20241112,1259,432.10,432.10,432.10,432.10,0,CPA2026G
20241113,1259,426.35,426.35,426.35,426.35,0,CPA2026G
20241113,1635,426.40,426.40,426.40,426.40,5,CPA2026G
20241114,1259,426.25,426.25,426.25,426.25,0,CPA2026G
20241115,1259,422.95,422.95,422.95,422.95,0,CPA2026G
20241115,1636,424.40,424.40,424.40,424.40,2,CPA2026G
20241118,1259,428.35,428.35,428.35,428.35,0,CPA2026G
20241119,1259,429.70,429.70,429.70,429.70,0,CPA2026G
20241120,1259,430.00,430.00,430.00,430.00,0,CPA2026G
20241121,1259,427.90,427.90,427.90,427.90,0,CPA2026G
20241122,1259,424.85,424.85,424.85,424.85,0,CPA2026G
20241125,1259,427.70,427.70,427.70,427.70,0,CPA2026G
20241126,1259,423.90,423.90,423.90,423.90,0,CPA2026G
20241127,1259,425.60,425.60,425.60,425.60,0,CPA2026G
20241129,1259,425.95,425.95,425.95,425.95,0,CPA2026G
20241202,1259,425.30,425.30,425.30,425.30,0,CPA2026G
20241203,1259,431.60,431.60,431.60,431.60,0,CPA2026G
20241204,1259,432.10,432.10,432.10,432.10,0,CPA2026G
20241205,1259,431.05,431.05,431.05,431.05,0,CPA2026G
20241206,1259,430.90,430.90,430.90,430.90,0,CPA2026G
20241209,1259,438.55,438.55,438.55,438.55,0,CPA2026G
20241210,1259,437.80,437.80,437.80,437.80,0,CPA2026G
20241211,1259,436.20,436.20,436.20,436.20,0,CPA2026G
20241212,1259,434.40,434.40,434.40,434.40,0,CPA2026G
20241213,1259,429.90,429.90,429.90,429.90,0,CPA2026G
20241216,1259,429.55,429.55,429.55,429.55,0,CPA2026G
20241217,1259,426.75,426.75,426.75,426.75,0,CPA2026G
20241218,1259,428.00,428.00,428.00,428.00,0,CPA2026G
20241219,1259,420.80,420.80,420.80,420.80,0,CPA2026G
20241220,1259,422.75,422.75,422.75,422.75,0,CPA2026G
20241223,1259,421.70,421.70,421.70,421.70,0,CPA2026G
20241224,1159,424.10,424.10,424.10,424.10,0,CPA2026G
20241226,1259,426.10,426.10,426.10,426.10,0,CPA2026G
20241227,1259,425.90,425.90,425.90,425.90,0,CPA2026G
20241230,1259,423.20,423.20,423.20,423.20,0,CPA2026G
20241231,1259,416.80,416.80,416.80,416.80,0,CPA2026G
20250102,1259,417.00,417.00,416.70,416.70,1,CPA2026G
20250102,1301,417.00,417.00,417.00,417.00,9,CPA2026G
20250102,1302,417.00,417.00,417.00,417.00,9,CPA2026G
20250102,1303,417.00,417.00,417.00,417.00,1,CPA2026G
20250103,1259,420.70,420.70,420.70,420.70,0,CPA2026G
20250106,1259,428.30,428.30,428.30,428.30,0,CPA2026G
20250106,1643,428.25,428.25,428.25,428.25,1,CPA2026G
20250107,1259,432.30,432.30,432.30,432.30,0,CPA2026G
20250108,1259,437.35,437.35,437.35,437.35,0,CPA2026G
20250109,1259,441.30,441.30,441.30,441.30,0,CPA2026G
20250110,1259,440.30,440.30,440.30,440.30,0,CPA2026G
20250113,1259,444.20,444.20,444.20,444.20,0,CPA2026G
20250114,1259,446.80,446.80,446.80,446.80,0,CPA2026G
20250115,1259,450.40,450.40,450.40,450.40,0,CPA2026G
20250116,1259,456.00,456.00,456.00,456.00,0,CPA2026G
20250117,1259,449.50,449.50,449.50,449.50,0,CPA2026G
20250121,1259,448.20,448.20,448.20,448.20,0,CPA2026G
20250122,1259,445.25,445.25,445.25,445.25,0,CPA2026G
20250123,1259,447.45,447.45,447.45,447.45,0,CPA2026G
20250124,1259,448.40,448.40,448.40,448.40,0,CPA2026G
20250127,1259,440.40,440.40,440.40,440.40,0,CPA2026G
20250128,1259,440.75,440.75,440.75,440.75,0,CPA2026G
20250129,1259,443.95,443.95,443.95,443.95,0,CPA2026G
20250129,1618,444.95,445.00,444.95,445.00,4,CPA2026G
20250130,1259,448.20,448.20,448.20,448.20,0,CPA2026G
20250131,1259,445.10,445.10,445.10,445.10,0,CPA2026G
20250203,1259,446.85,446.85,446.85,446.85,0,CPA2026G
20250204,1259,451.40,451.40,451.40,451.40,0,CPA2026G
20250205,0904,451.35,451.35,451.35,451.35,1,CPA2026G
20250205,1259,460.00,460.00,460.00,460.00,0,CPA2026G
20250206,1259,462.65,462.65,462.65,462.65,0,CPA2026G
20250206,1312,462.65,462.65,462.65,462.65,6,CPA2026G
20250207,1259,475.30,475.30,475.30,475.30,0,CPA2026G
20250210,1259,485.85,485.85,485.85,485.85,0,CPA2026G
20250211,1259,475.55,475.55,475.55,475.55,0,CPA2026G
20250211,1554,475.90,475.90,475.90,475.90,1,CPA2026G
20250212,1259,486.95,486.95,486.95,486.95,0,CPA2026G
20250213,1259,495.25,495.25,495.25,495.25,0,CPA2026G
20250213,1314,493.10,493.10,493.10,493.10,1,CPA2026G
20250214,1259,484.30,484.30,484.30,484.30,0,CPA2026G
20250218,1259,478.70,478.70,478.70,478.70,0,CPA2026G
20250219,1259,475.80,475.80,475.80,475.80,0,CPA2026G
20250220,1259,480.65,480.65,480.65,480.65,0,CPA2026G
20250221,1259,476.30,476.30,476.30,476.30,0,CPA2026G
20250224,1259,471.15,471.15,471.15,471.15,0,CPA2026G
20250224,1813,471.00,471.00,471.00,471.00,2,CPA2026G
20250225,1259,467.70,467.70,467.70,467.70,0,CPA2026G
20250226,1259,473.60,473.60,473.60,473.60,0,CPA2026G
20250227,1259,476.65,476.65,476.65,476.65,0,CPA2026G
20250227,1526,474.95,474.95,474.95,474.95,1,CPA2026G
20250228,1259,470.30,470.30,470.30,470.30,0,CPA2026G
20250228,1332,469.90,469.90,469.90,469.90,3,CPA2026G
20250302,1804,475.65,475.65,475.65,475.65,1,CPA2026G
20250303,1030,478.05,478.05,478.05,478.05,1,CPA2026G
20250303,1259,477.30,477.30,477.30,477.30,0,CPA2026G
20250304,1109,469.55,469.55,469.55,469.55,1,CPA2026G
20250304,1259,472.50,472.50,472.50,472.50,0,CPA2026G
20250305,1116,497.80,497.80,497.80,497.80,1,CPA2026G
20250305,1259,495.80,495.80,495.80,495.80,0,CPA2026G
20250306,1259,496.65,496.65,496.65,496.65,0,CPA2026G
20250306,1334,497.10,497.10,497.10,497.10,2,CPA2026G
20250307,1259,488.15,488.15,488.15,488.15,0,CPA2026G
20250309,1800,486.65,486.65,486.65,486.65,1,CPA2026G
20250310,1259,484.35,484.35,484.35,484.35,0,CPA2026G
20250311,1259,494.25,494.25,494.25,494.25,0,CPA2026G
20250312,1034,500.30,500.30,500.30,500.30,1,CPA2026G
20250312,1137,503.30,503.30,503.30,503.30,1,CPA2026G
20250312,1259,502.90,502.90,502.90,502.90,0,CPA2026G
20250313,0133,501.10,501.10,501.10,501.10,1,CPA2026G
20250313,1008,504.60,504.60,504.60,504.60,1,CPA2026G
20250313,1259,510.35,510.35,510.35,510.35,0,CPA2026G
20250314,0534,509.80,509.80,509.80,509.80,1,CPA2026G
20250314,0923,508.40,508.40,508.40,508.40,1,CPA2026G
20250314,1259,507.70,507.70,507.70,507.70,0,CPA2026G
20250317,0747,511.40,511.40,511.40,511.40,1,CPA2026G
20250317,1259,514.45,514.45,514.45,514.45,0,CPA2026G
20250317,1308,514.70,514.70,514.70,514.70,1,CPA2026G
20250317,1342,516.05,516.05,516.05,516.05,1,CPA2026G
20250318,0244,514.80,514.80,514.80,514.80,1,CPA2026G
20250318,0513,515.50,515.50,515.50,515.50,1,CPA2026G
20250318,0532,516.10,516.10,516.10,516.10,1,CPA2026G
20250318,0610,515.10,515.10,515.10,515.10,1,CPA2026G
20250318,0855,519.40,519.40,519.40,519.40,1,CPA2026G
20250318,0858,518.20,518.20,518.20,518.20,1,CPA2026G
20250318,0906,518.00,518.00,518.00,518.00,1,CPA2026G
20250318,0943,518.45,518.45,518.45,518.45,1,CPA2026G
20250318,1033,516.20,516.20,516.20,516.20,1,CPA2026G
20250318,1042,517.90,517.90,517.90,517.90,1,CPA2026G
20250318,1125,518.65,518.65,518.65,518.65,1,CPA2026G
20250318,1146,517.80,517.80,517.80,517.80,1,CPA2026G
20250318,1214,518.70,518.70,518.70,518.70,1,CPA2026G
20250318,1259,520.65,520.65,520.65,520.65,0,CPA2026G
20250318,2206,519.10,519.10,519.10,519.10,1,CPA2026G
20250319,0201,522.50,522.50,522.50,522.50,1,CPA2026G
20250319,0559,524.30,524.30,524.30,524.30,1,CPA2026G
20250319,0610,523.60,523.60,523.60,523.60,1,CPA2026G
20250319,1026,527.50,527.50,527.50,527.50,1,CPA2026G
20250319,1030,527.25,527.25,527.25,527.25,1,CPA2026G
20250319,1042,527.35,527.35,527.35,527.35,1,CPA2026G
20250319,1259,528.45,528.45,528.45,528.45,0,CPA2026G
20250319,1922,530.10,530.10,530.10,530.10,1,CPA2026G
20250320,0320,530.30,530.30,530.30,530.30,1,CPA2026G
20250320,0343,531.00,531.00,531.00,531.00,1,CPA2026G
20250320,0415,530.85,530.85,530.85,530.85,1,CPA2026G
20250320,0432,529.30,529.30,529.30,529.30,1,CPA2026G
20250320,0551,528.50,528.50,528.50,528.50,1,CPA2026G
20250320,0611,526.20,526.20,526.20,526.20,1,CPA2026G
20250320,0648,526.40,526.40,526.40,526.40,1,CPA2026G
20250320,0752,530.20,530.20,530.20,530.20,1,CPA2026G
20250320,0827,528.90,528.90,528.90,528.90,1,CPA2026G
20250320,0848,528.10,528.10,528.10,528.10,1,CPA2026G
20250320,0927,524.00,524.00,524.00,524.00,1,CPA2026G
20250320,1002,526.30,526.30,526.30,526.30,1,CPA2026G
20250320,1020,526.85,526.85,526.85,526.85,1,CPA2026G
20250320,1041,527.25,527.45,527.25,527.45,8,CPA2026G
20250320,1259,529.65,529.65,529.65,529.65,0,CPA2026G
20250320,2138,530.80,530.80,530.80,530.80,1,CPA2026G
20250320,2152,530.60,530.60,530.60,530.60,1,CPA2026G
20250321,0240,528.50,528.50,528.50,528.50,1,CPA2026G
20250321,1027,524.30,524.30,524.30,524.30,1,CPA2026G
20250321,1259,529.70,529.70,529.70,529.70,0,CPA2026G
20250321,1346,529.40,529.40,529.40,529.40,1,CPA2026G
20250323,2131,529.80,529.80,529.80,529.80,1,CPA2026G
20250324,0209,531.50,531.50,531.50,531.50,1,CPA2026G
20250324,0401,535.05,535.05,535.05,535.05,1,CPA2026G
20250324,0609,533.10,533.10,533.10,533.10,1,CPA2026G
20250324,0642,535.35,535.35,535.35,535.35,1,CPA2026G
20250324,0757,535.00,535.00,535.00,535.00,1,CPA2026G
20250324,0807,534.40,534.40,534.40,534.40,1,CPA2026G
20250324,0818,535.00,535.00,535.00,535.00,1,CPA2026G
20250324,1053,530.50,530.50,530.50,530.50,1,CPA2026G
20250324,1259,527.45,527.45,527.45,527.45,0,CPA2026G
20250324,2208,528.50,528.50,528.50,528.50,1,CPA2026G
20250324,2251,527.60,527.60,527.60,527.60,1,CPA2026G
20250324,2308,528.60,528.60,528.60,528.60,1,CPA2026G
20250325,0509,530.90,530.90,530.90,530.90,1,CPA2026G
20250325,0651,533.40,533.40,533.40,533.40,1,CPA2026G
20250325,1023,536.50,536.50,536.50,536.50,1,CPA2026G
20250325,1204,538.35,538.35,538.35,538.35,1,CPA2026G
20250325,1251,538.40,538.40,538.40,538.40,1,CPA2026G
20250325,1259,539.05,539.05,539.05,539.05,0,CPA2026G
20250325,1302,539.45,539.45,539.45,539.45,1,CPA2026G
20250325,2044,540.45,540.45,540.45,540.45,1,CPA2026G
20250325,2117,546.70,546.70,546.70,546.70,1,CPA2026G
20250325,2143,548.10,548.10,548.10,548.10,1,CPA2026G
20250325,2146,547.35,547.35,547.35,547.35,1,CPA2026G
20250325,2151,546.00,546.00,546.00,546.00,1,CPA2026G
20250326,0423,542.60,542.60,542.60,542.60,1,CPA2026G
20250326,0753,542.10,542.10,542.10,542.10,1,CPA2026G
20250326,0811,540.20,540.20,540.20,540.20,1,CPA2026G
20250326,1259,537.15,537.15,537.15,537.15,0,CPA2026G
20250326,2116,533.50,533.50,533.50,533.50,2,CPA2026G
20250327,1259,525.00,525.00,525.00,525.00,0,CPA2026G
20250328,1259,526.55,526.55,526.55,526.55,0,CPA2026G
20250331,1259,518.00,518.00,518.00,518.00,0,CPA2026G
20250331,1655,520.00,520.00,520.00,520.00,2,CPA2026G
20250401,1259,519.00,519.05,519.00,519.05,1,CPA2026G
20250402,1259,519.35,519.35,519.35,519.35,0,CPA2026G
20250402,1913,509.20,509.20,509.20,509.20,1,CPA2026G
20250403,0258,502.80,502.80,502.80,502.80,3,CPA2026G
20250403,0854,505.50,505.50,505.50,505.50,1,CPA2026G
20250403,0855,505.50,505.50,505.50,505.50,1,CPA2026G
20250403,1259,498.90,498.90,498.90,498.90,0,CPA2026G
20250404,0840,470.35,471.00,470.35,470.35,4,CPA2026G
20250404,1201,462.05,462.05,462.05,462.05,2,CPA2026G
20250404,1259,456.50,456.50,456.50,456.50,0,CPA2026G
20250404,1316,456.20,456.20,456.20,456.20,1,CPA2026G
20250406,2243,460.45,460.45,460.45,460.45,1,CPA2026G
20250407,0621,454.80,454.80,454.80,454.80,1,CPA2026G
20250407,0842,435.05,435.05,435.05,435.05,2,CPA2026G
20250407,0902,446.95,447.20,446.95,447.20,6,CPA2026G
20250407,1259,436.40,436.40,436.40,436.40,0,CPA2026G
20250407,1302,440.95,440.95,440.95,440.95,1,CPA2026G
20250408,0703,441.60,441.60,441.60,441.60,1,CPA2026G
20250408,1259,432.75,432.75,432.75,432.75,0,CPA2026G
20250408,1323,431.30,431.30,431.30,431.30,1,CPA2026G
20250408,1443,431.45,431.45,431.45,431.45,1,CPA2026G
20250409,0328,439.30,439.30,439.30,439.30,1,CPA2026G
20250409,1259,437.65,437.65,437.65,437.65,0,CPA2026G
20250409,1333,457.15,457.15,457.15,457.15,1,CPA2026G
20250409,1538,462.00,462.00,462.00,462.00,1,CPA2026G
20250409,1859,460.80,460.80,460.80,460.80,1,CPA2026G
20250409,1915,459.15,459.15,459.15,459.15,1,CPA2026G
20250410,0324,454.10,454.10,454.10,454.10,1,CPA2026G
20250410,1259,451.80,451.80,451.80,451.80,0,CPA2026G
20250410,1505,455.75,455.75,455.75,455.75,2,CPA2026G
20250410,1507,455.75,455.75,455.75,455.75,2,CPA2026G
20250411,0553,464.00,464.00,464.00,464.00,1,CPA2026G
20250411,0830,461.35,461.35,461.35,461.35,1,CPA2026G
20250411,1100,466.00,466.00,466.00,466.00,1,CPA2026G
20250411,1259,470.40,470.40,470.40,470.40,0,CPA2026G
20250411,1534,473.25,473.25,473.25,473.25,1,CPA2026G
20250413,2256,472.80,472.80,472.80,472.80,1,CPA2026G
20250413,2257,471.15,471.15,471.15,471.15,1,CPA2026G
20250414,0608,476.40,476.40,476.40,476.40,1,CPA2026G
20250414,0956,475.90,475.90,475.90,475.90,1,CPA2026G
20250414,1117,477.30,477.30,477.30,477.30,1,CPA2026G
20250414,1140,478.35,478.35,478.35,478.35,1,CPA2026G
20250414,1259,481.75,481.75,481.75,481.75,0,CPA2026G
20250415,1024,479.80,479.80,479.80,479.80,1,CPA2026G
20250415,1042,481.80,481.80,481.80,481.80,1,CPA2026G
20250415,1051,481.20,481.20,481.20,481.20,1,CPA2026G
20250415,1259,481.65,481.65,481.65,481.65,0,CPA2026G
20250416,1259,487.40,487.40,487.40,487.40,0,CPA2026G
20250417,0234,477.10,477.10,477.10,477.10,1,CPA2026G
20250417,1259,492.30,492.30,492.30,492.30,0,CPA2026G
20250421,1259,491.45,491.45,491.45,491.45,0,CPA2026G
20250421,1617,491.00,491.00,491.00,491.00,4,CPA2026G
20250422,0925,498.30,498.30,498.30,498.30,1,CPA2026G
20250422,1259,505.80,505.80,505.80,505.80,0,CPA2026G
20250423,0952,504.00,504.00,504.00,504.00,1,CPA2026G
20250423,1155,502.60,502.60,502.60,502.60,2,CPA2026G
20250423,1259,502.80,502.80,502.80,502.80,0,CPA2026G
20250424,1259,504.80,504.80,504.80,504.80,0,CPA2026G
20250424,1933,508.00,508.00,508.00,508.00,1,CPA2026G
20250424,1934,508.00,508.00,508.00,508.00,1,CPA2026G
20250425,1154,503.15,503.15,503.15,503.15,1,CPA2026G
20250425,1259,503.20,503.20,503.20,503.20,0,CPA2026G
20250428,1259,502.15,502.15,502.15,502.15,0,CPA2026G
20250429,0125,499.30,499.30,499.30,499.30,1,CPA2026G
20250429,0215,500.80,500.80,500.80,500.80,1,CPA2026G
20250429,0811,508.00,508.00,508.00,508.00,1,CPA2026G
20250429,1037,501.15,501.15,501.15,501.15,1,CPA2026G
20250429,1259,500.65,500.65,500.65,500.65,0,CPA2026G
20250429,2117,497.50,497.50,497.50,497.50,1,CPA2026G
20250430,0330,484.40,484.40,484.40,484.40,1,CPA2026G
20250430,0854,470.90,470.90,470.90,470.90,1,CPA2026G
20250430,1029,475.45,475.45,475.45,475.45,1,CPA2026G
20250430,1032,475.40,475.40,475.40,475.40,1,CPA2026G
20250430,1259,474.85,474.85,474.85,474.85,0,CPA2026G
20250501,0144,476.00,476.00,476.00,476.00,1,CPA2026G
20250501,1259,477.20,477.20,477.20,477.20,0,CPA2026G
20250502,1259,482.15,482.15,482.15,482.15,0,CPA2026G
20250505,1259,484.95,484.95,484.95,484.95,0,CPA2026G
20250506,1259,492.85,492.85,492.85,492.85,0,CPA2026G
20250507,1259,481.80,481.80,481.80,481.80,0,CPA2026G
20250508,0453,474.65,474.65,474.65,474.65,1,CPA2026G
20250508,1259,476.15,476.15,476.15,476.15,0,CPA2026G
20250509,0401,475.15,475.15,475.15,475.15,1,CPA2026G
20250509,1259,480.95,480.95,480.95,480.95,0,CPA2026G
20250509,1644,481.30,481.30,481.30,481.30,2,CPA2026G
20250509,1646,481.45,481.45,481.45,481.45,1,CPA2026G
20250512,1259,477.85,477.85,477.85,477.85,0,CPA2026G
20250513,1259,488.00,488.00,488.00,488.00,0,CPA2026G
20250514,1259,481.10,481.10,481.10,481.10,0,CPA2026G
20250515,1259,484.05,484.05,484.05,484.05,0,CPA2026G
20250516,1041,473.90,473.90,473.90,473.90,1,CPA2026G
20250516,1259,475.50,475.50,475.50,475.50,0,CPA2026G
20250516,1621,475.80,475.80,475.80,475.80,1,CPA2026G
20250519,1259,483.60,483.60,483.60,483.60,0,CPA2026G
20250519,1557,482.65,482.65,482.65,482.65,2,CPA2026G
20250520,1259,481.95,481.95,481.95,481.95,0,CPA2026G
20250521,0941,484.70,484.70,484.70,484.70,2,CPA2026G
20250521,1259,483.45,483.45,483.45,483.45,0,CPA2026G
20250522,0103,489.00,489.00,489.00,489.00,1,CPA2026G
20250522,1259,484.10,484.10,484.10,484.10,0,CPA2026G
20250522,1439,485.50,485.50,485.50,485.50,2,CPA2026G
20250523,1104,493.90,493.90,493.90,493.90,4,CPA2026G
20250523,1142,494.85,494.85,494.85,494.85,7,CPA2026G
20250523,1259,499.75,499.75,499.75,499.75,0,CPA2026G
20250526,2117,497.70,497.70,497.70,497.70,2,CPA2026G
20250527,1259,490.55,490.55,490.55,490.55,0,CPA2026G
20250528,1259,484.60,484.60,484.60,484.60,0,CPA2026G
20250528,1941,482.80,482.80,482.80,482.80,1,CPA2026G
20250529,1259,485.05,485.05,485.05,485.05,0,CPA2026G
20250529,1523,485.05,485.05,485.05,485.05,3,CPA2026G
20250530,1259,484.90,484.90,484.90,484.90,0,CPA2026G
20250602,0016,505.00,505.00,505.00,505.00,1,CPA2026G
20250602,0318,509.80,509.80,509.80,509.80,1,CPA2026G
20250602,0646,502.90,502.90,502.90,502.90,1,CPA2026G
20250602,1259,502.40,502.40,502.40,502.40,0,CPA2026G
20250603,1259,500.20,500.20,500.20,500.20,0,CPA2026G
20250604,1259,505.25,505.25,505.25,505.25,0,CPA2026G
20250605,1116,513.35,513.35,513.35,513.35,2,CPA2026G
20250605,1155,509.35,509.35,509.35,509.35,1,CPA2026G
20250605,1259,509.55,509.55,509.55,509.55,0,CPA2026G
20250606,0328,506.65,506.65,506.65,506.65,2,CPA2026G
20250606,1259,501.85,501.85,501.85,501.85,0,CPA2026G
20250609,0939,506.95,507.00,506.95,507.00,2,CPA2026G
20250609,0940,507.10,507.10,507.10,507.10,4,CPA2026G
20250609,1259,509.50,509.50,509.50,509.50,0,CPA2026G
20250610,1259,506.25,506.25,506.25,506.25,0,CPA2026G
20250610,1801,503.50,503.50,503.50,503.50,2,CPA2026G
20250611,1259,497.60,497.60,497.60,497.60,0,CPA2026G
20250612,1011,497.60,497.60,497.60,497.60,1,CPA2026G
20250612,1259,499.60,499.60,499.60,499.60,0,CPA2026G
20250613,1152,497.65,497.65,497.65,497.65,2,CPA2026G
20250613,1259,497.60,497.60,497.60,497.60,0,CPA2026G
20250616,1259,500.35,500.35,500.35,500.35,0,CPA2026G
20250617,1259,497.25,497.25,497.25,497.25,0,CPA2026G
20250617,1652,495.25,495.25,495.25,495.25,3,CPA2026G
20250618,1259,501.45,501.45,501.45,501.45,0,CPA2026G
20250618,1407,500.80,500.80,500.80,500.80,1,CPA2026G
20250618,1814,502.15,502.15,502.15,502.15,2,CPA2026G
20250620,1259,499.20,499.20,499.20,499.20,0,CPA2026G
20250623,1259,501.05,501.05,501.05,501.05,0,CPA2026G
20250623,2349,504.20,504.20,504.20,504.20,1,CPA2026G
20250624,0514,508.00,508.00,508.00,508.00,1,CPA2026G
20250624,1259,503.55,503.55,503.55,503.55,0,CPA2026G
20250625,1259,508.35,508.35,508.35,508.35,0,CPA2026G
20250626,0446,519.10,519.10,519.10,519.10,1,CPA2026G
20250626,1052,523.30,523.30,523.30,523.30,7,CPA2026G
20250626,1259,523.20,523.20,523.20,523.20,0,CPA2026G
20250627,1259,523.40,523.40,523.40,523.40,0,CPA2026G
20250630,1032,520.85,520.85,520.85,520.85,1,CPA2026G
20250630,1259,519.00,519.00,519.00,519.00,0,CPA2026G
20250701,1239,519.90,519.90,519.90,519.90,1,CPA2026G
20250701,1259,520.80,520.80,520.80,520.80,0,CPA2026G
20250702,1157,531.00,531.00,531.00,531.00,1,CPA2026G
20250702,1158,531.00,531.00,531.00,531.00,3,CPA2026G
20250702,1259,530.85,530.85,530.85,530.85,0,CPA2026G
20250702,1338,531.15,531.15,531.15,531.15,1,CPA2026G
20250703,1259,525.50,525.50,525.50,525.50,0,CPA2026G
20250707,1259,514.15,514.15,514.15,514.15,0,CPA2026G
20250708,1259,580.00,580.00,580.00,580.00,0,CPA2026G
20250708,1415,564.90,564.90,564.90,564.90,1,CPA2026G
20250709,1259,557.90,557.90,557.90,557.90,0,CPA2026G
20250710,1259,569.00,569.00,569.00,569.00,0,CPA2026G
20250711,1259,570.80,570.80,570.80,570.80,0,CPA2026G
20250714,1259,565.55,565.55,565.55,565.55,0,CPA2026G
20250715,1259,568.30,568.30,568.30,568.30,0,CPA2026G
20250716,1058,559.55,559.55,559.55,559.55,1,CPA2026G
20250716,1259,562.95,562.95,562.95,562.95,0,CPA2026G
20250717,0914,559.40,559.40,559.40,559.40,1,CPA2026G
20250717,1259,561.55,561.55,561.55,561.55,0,CPA2026G
20250718,1259,570.65,570.65,570.65,570.65,0,CPA2026G
20250721,1259,573.65,573.65,573.65,573.65,0,CPA2026G
20250722,1259,582.10,582.10,582.10,582.10,0,CPA2026G
20250723,0932,600.05,600.05,600.05,600.05,1,CPA2026G
20250723,1259,591.45,591.45,591.45,591.45,0,CPA2026G
20250724,0249,603.00,603.00,603.00,603.00,1,CPA2026G
20250724,1103,592.40,592.40,592.40,592.40,2,CPA2026G
20250724,1259,590.55,590.55,590.55,590.55,0,CPA2026G
20250725,1259,588.65,588.65,588.65,588.65,0,CPA2026G
20250725,1519,590.30,590.40,590.30,590.40,3,CPA2026G
20250725,1520,590.40,590.40,590.40,590.40,2,CPA2026G
20250725,1521,590.40,590.40,590.40,590.40,1,CPA2026G
20250728,1009,584.25,584.25,584.25,584.25,2,CPA2026G
20250728,1259,571.70,571.70,571.70,571.70,0,CPA2026G
20250729,1259,573.05,573.05,573.05,573.05,0,CPA2026G
20250730,0919,571.70,571.70,571.70,571.70,5,CPA2026G
20250730,1259,568.70,568.70,568.70,568.70,0,CPA2026G
20250731,0236,449.00,449.00,449.00,449.00,9,CPA2026G
20250731,1128,447.90,447.90,447.90,447.90,3,CPA2026G
20250731,1130,447.90,447.90,447.90,447.90,1,CPA2026G
20250731,1216,448.90,448.90,448.90,448.90,1,CPA2026G
20250731,1259,446.60,446.60,446.60,446.60,0,CPA2026G
20250801,0321,450.00,450.00,450.00,450.00,4,CPA2026G
20250801,0325,450.00,450.00,450.00,450.00,1,CPA2026G
20250801,0326,450.00,450.00,450.00,450.00,2,CPA2026G
20250801,0530,450.50,450.50,450.50,450.50,1,CPA2026G
20250801,0538,450.75,450.75,450.75,450.75,2,CPA2026G
20250801,0906,452.00,452.00,452.00,452.00,7,CPA2026G
20250801,0907,452.00,452.10,452.00,452.10,6,CPA2026G
20250801,1259,453.60,453.60,453.60,453.60,0,CPA2026G
20250804,1130,453.80,453.80,453.80,453.80,1,CPA2026G
20250804,1156,453.55,453.55,453.55,453.55,2,CPA2026G
20250804,1259,453.45,453.45,453.45,453.45,0,CPA2026G
20250805,1259,448.30,448.30,448.30,448.30,0,CPA2026G
20250806,0427,451.15,451.40,451.15,451.40,3,CPA2026G
20250806,1259,451.25,451.25,451.25,451.25,0,CPA2026G
20250806,1806,451.70,451.70,451.70,451.70,2,CPA2026G
20250807,0741,451.85,451.85,451.85,451.85,1,CPA2026G
20250807,1259,449.85,449.85,449.85,449.85,0,CPA2026G
