Date,Time,Open,High,Low,Close,TradeVolume,Contract
20180227,1259,329.85,329.85,329.85,329.85,0,CPA2020G
20180228,1259,324.25,324.25,324.25,324.25,0,CPA2020G
20180301,1259,323.05,323.05,323.05,323.05,0,CPA2020G
20180302,1259,323.05,323.05,323.05,323.05,0,CPA2020G
20180305,1259,323.25,323.25,323.25,323.25,0,CPA2020G
20180306,1259,326.45,326.45,326.45,326.45,0,CPA2020G
20180307,1259,324.85,324.85,324.85,324.85,0,CPA2020G
20180308,1259,319.70,319.70,319.70,319.70,0,CPA2020G
20180309,1259,325.05,325.05,325.05,325.05,0,CPA2020G
20180312,1259,323.85,323.85,323.85,323.85,0,CPA2020G
20180313,1259,325.35,325.35,325.35,325.35,0,CPA2020G
20180314,1259,327.15,327.15,327.15,327.15,0,CPA2020G
20180315,1259,324.25,324.25,324.25,324.25,0,CPA2020G
20180316,1259,322.35,322.35,322.35,322.35,0,CPA2020G
20180319,1259,319.90,319.90,319.90,319.90,0,CPA2020G
20180320,1259,315.55,315.55,315.55,315.55,0,CPA2020G
20180321,1259,317.15,317.15,317.15,317.15,0,CPA2020G
20180322,1259,313.90,313.90,313.90,313.90,0,CPA2020G
20180323,1259,311.40,311.40,311.40,311.40,0,CPA2020G
20180326,1259,309.10,309.10,309.10,309.10,0,CPA2020G
20180327,1259,312.20,312.20,312.20,312.20,0,CPA2020G
20180328,1259,312.40,312.40,312.40,312.40,0,CPA2020G
20180329,1259,314.70,314.70,314.70,314.70,0,CPA2020G
20180402,1259,317.30,317.30,317.30,317.30,0,CPA2020G
20180403,1259,318.80,318.80,318.80,318.80,0,CPA2020G
20180404,1259,313.90,313.90,313.90,313.90,0,CPA2020G
20180405,1259,320.30,320.30,320.30,320.30,0,CPA2020G
20180406,1259,319.00,319.00,319.00,319.00,0,CPA2020G
20180409,1259,320.65,320.65,320.65,320.65,0,CPA2020G
20180410,1259,326.45,326.45,326.45,326.45,0,CPA2020G
20180411,1259,324.30,324.30,324.30,324.30,0,CPA2020G
20180412,1259,319.85,319.85,319.85,319.85,0,CPA2020G
20180413,1259,320.70,320.70,320.70,320.70,0,CPA2020G
20180416,1259,323.00,323.00,323.00,323.00,0,CPA2020G
20180417,1259,321.90,321.90,321.90,321.90,0,CPA2020G
20180418,1259,329.25,329.25,329.25,329.25,0,CPA2020G
20180419,1259,327.05,327.05,327.05,327.05,0,CPA2020G
20180420,1259,327.25,327.25,327.25,327.25,0,CPA2020G
20180423,1259,325.20,325.20,325.20,325.20,0,CPA2020G
20180424,1259,328.20,328.20,328.20,328.20,0,CPA2020G
20180425,1259,326.80,326.80,326.80,326.80,0,CPA2020G
20180426,1259,325.45,325.45,325.45,325.45,0,CPA2020G
20180427,1259,319.20,319.20,319.20,319.20,0,CPA2020G
20180430,1259,319.20,319.20,319.20,319.20,0,CPA2020G
20180501,1259,315.80,315.80,315.80,315.80,0,CPA2020G
20180502,1259,318.50,318.50,318.50,318.50,0,CPA2020G
20180503,1259,320.10,320.10,320.10,320.10,0,CPA2020G
20180504,1259,320.70,320.70,320.70,320.70,0,CPA2020G
20180507,1259,320.65,320.65,320.65,320.65,0,CPA2020G
20180508,1259,318.85,318.85,318.85,318.85,0,CPA2020G
20180509,1259,318.80,318.80,318.80,318.80,0,CPA2020G
20180510,1259,323.95,323.95,323.95,323.95,0,CPA2020G
20180511,1259,324.20,324.20,324.20,324.20,0,CPA2020G
20180514,1259,322.00,322.00,322.00,322.00,0,CPA2020G
20180515,1259,318.45,318.45,318.45,318.45,0,CPA2020G
20180516,1259,319.20,319.20,319.20,319.20,0,CPA2020G
20180517,1259,321.45,321.45,321.45,321.45,0,CPA2020G
20180518,1259,319.05,319.05,319.05,319.05,0,CPA2020G
20180521,1259,322.65,322.65,322.65,322.65,0,CPA2020G
20180522,1259,325.45,325.45,325.45,325.45,0,CPA2020G
20180523,1259,319.45,319.45,319.45,319.45,0,CPA2020G
20180524,1259,321.90,321.90,321.90,321.90,0,CPA2020G
20180525,1259,319.85,319.85,319.85,319.85,0,CPA2020G
20180529,1259,318.30,318.30,318.30,318.30,0,CPA2020G
20180530,1259,318.60,318.60,318.60,318.60,0,CPA2020G
20180531,1259,318.60,318.60,318.60,318.60,0,CPA2020G
20180601,1259,321.75,321.75,321.75,321.75,0,CPA2020G
20180604,1259,324.60,324.60,324.60,324.60,0,CPA2020G
20180605,1259,331.00,331.00,331.00,331.00,0,CPA2020G
20180606,1259,336.90,336.90,336.90,336.90,0,CPA2020G
20180607,1259,337.55,337.55,337.55,337.55,0,CPA2020G
20180608,1259,340.25,340.25,340.25,340.25,0,CPA2020G
20180611,1259,335.90,335.90,335.90,335.90,0,CPA2020G
20180612,1259,335.90,335.90,335.90,335.90,0,CPA2020G
20180613,1259,336.30,336.30,336.30,336.30,0,CPA2020G
20180614,1259,333.30,333.30,333.30,333.30,0,CPA2020G
20180615,1259,326.00,326.00,326.00,326.00,0,CPA2020G
20180618,1259,322.40,322.40,322.40,322.40,0,CPA2020G
20180619,1259,316.75,316.75,316.75,316.75,0,CPA2020G
20180620,1259,315.65,315.65,315.65,315.65,0,CPA2020G
20180621,1259,313.15,313.15,313.15,313.15,0,CPA2020G
20180622,1259,313.85,313.85,313.85,313.85,0,CPA2020G
20180625,1259,310.75,310.75,310.75,310.75,0,CPA2020G
20180626,1259,310.95,310.95,310.95,310.95,0,CPA2020G
20180627,1259,310.15,310.15,310.15,310.15,0,CPA2020G
20180628,1259,306.15,306.15,306.15,306.15,0,CPA2020G
20180629,1259,305.60,305.60,305.60,305.60,0,CPA2020G
20180702,1259,303.75,303.75,303.75,303.75,0,CPA2020G
20180703,1259,301.35,301.35,301.35,301.35,0,CPA2020G
20180705,1259,292.55,292.55,292.55,292.55,0,CPA2020G
20180706,1259,292.55,292.55,292.55,292.55,0,CPA2020G
20180709,1259,295.10,295.10,295.10,295.10,0,CPA2020G
20180710,1259,294.60,294.60,294.60,294.60,0,CPA2020G
20180711,1259,285.10,285.10,285.10,285.10,0,CPA2020G
20180712,1259,288.70,288.70,288.70,288.70,0,CPA2020G
20180713,1143,292.05,292.05,290.05,290.05,17,CPA2020G
20180713,1259,288.70,288.70,288.70,288.70,0,CPA2020G
20180716,1259,286.95,286.95,286.95,286.95,0,CPA2020G
20180717,1259,285.60,285.60,285.60,285.60,0,CPA2020G
20180718,1259,286.45,286.45,286.45,286.45,0,CPA2020G
20180719,1259,280.05,280.05,280.05,280.05,0,CPA2020G
20180720,1259,285.65,285.65,285.65,285.65,0,CPA2020G
20180723,1259,284.45,284.45,284.45,284.45,0,CPA2020G
20180724,1259,291.05,291.05,291.05,291.05,0,CPA2020G
20180725,1259,292.05,292.05,292.05,292.05,0,CPA2020G
20180726,1259,291.80,291.80,291.80,291.80,0,CPA2020G
20180727,1259,290.50,290.50,290.50,290.50,0,CPA2020G
20180730,1259,290.10,290.10,290.10,290.10,0,CPA2020G
20180731,1259,293.50,293.50,293.50,293.50,0,CPA2020G
20180801,1259,285.95,285.95,285.95,285.95,0,CPA2020G
20180802,1259,285.30,285.30,285.30,285.30,0,CPA2020G
20180803,1259,287.95,287.95,287.95,287.95,0,CPA2020G
20180806,1259,284.65,284.65,284.65,284.65,0,CPA2020G
20180807,1259,286.50,286.50,286.50,286.50,0,CPA2020G
20180807,1320,286.80,286.80,286.80,286.80,1,CPA2020G
20180807,1324,286.55,286.55,286.55,286.55,1,CPA2020G
20180807,1329,286.55,286.55,286.55,286.55,1,CPA2020G
20180808,1259,286.15,286.15,286.15,286.15,0,CPA2020G
20180809,1259,287.75,287.75,287.75,287.75,0,CPA2020G
20180810,1259,285.30,285.30,285.30,285.30,0,CPA2020G
20180813,1259,284.15,284.15,284.15,284.15,0,CPA2020G
20180814,1259,279.60,279.60,279.60,279.60,0,CPA2020G
20180815,1259,267.55,267.55,267.55,267.55,0,CPA2020G
20180816,1259,272.15,272.15,272.15,272.15,0,CPA2020G
20180817,1259,273.60,273.60,273.60,273.60,0,CPA2020G
20180820,1259,277.15,277.15,277.15,277.15,0,CPA2020G
20180821,1259,279.30,279.30,279.30,279.30,0,CPA2020G
20180822,1259,278.15,278.15,278.15,278.15,0,CPA2020G
20180823,1259,276.70,276.70,276.70,276.70,0,CPA2020G
20180824,1259,280.65,280.65,280.65,280.65,0,CPA2020G
20180827,1259,281.50,281.50,281.50,281.50,0,CPA2020G
20180828,1259,283.70,283.70,283.70,283.70,0,CPA2020G
20180829,1259,282.25,282.25,282.25,282.25,0,CPA2020G
20180830,1259,279.80,279.80,279.80,279.80,0,CPA2020G
20180831,1259,275.35,275.35,275.35,275.35,0,CPA2020G
20180904,1259,269.00,269.00,269.00,269.00,0,CPA2020G
20180905,1259,269.35,269.35,269.35,269.35,0,CPA2020G
20180906,1259,272.15,272.15,272.15,272.15,0,CPA2020G
20180907,1259,270.35,270.35,270.35,270.35,0,CPA2020G
20180910,1259,270.80,270.80,270.80,270.80,0,CPA2020G
20180911,1259,269.45,269.45,269.45,269.45,0,CPA2020G
20180912,1259,274.80,274.80,274.80,274.80,0,CPA2020G
20180913,1259,275.90,275.90,275.90,275.90,0,CPA2020G
20180914,1259,272.30,272.30,272.30,272.30,0,CPA2020G
20180917,1259,272.85,272.85,272.85,272.85,0,CPA2020G
20180918,1259,279.50,279.50,279.50,279.50,0,CPA2020G
20180919,1259,279.35,279.35,279.35,279.35,0,CPA2020G
20180920,1259,279.80,279.80,279.80,279.80,0,CPA2020G
20180921,1259,290.35,290.35,290.35,290.35,0,CPA2020G
20180924,1259,288.80,288.80,288.80,288.80,0,CPA2020G
20180925,1259,287.55,287.55,287.55,287.55,0,CPA2020G
20180926,1127,288.60,288.60,288.60,288.60,1,CPA2020G
20180926,1259,288.35,288.35,288.35,288.35,0,CPA2020G
20180927,1259,283.80,283.80,283.80,283.80,0,CPA2020G
20180928,1259,285.55,285.55,285.55,285.55,0,CPA2020G
20181001,1259,284.40,284.40,284.40,284.40,0,CPA2020G
20181002,1259,285.90,285.90,285.90,285.90,0,CPA2020G
20181003,1259,289.45,289.45,289.45,289.45,0,CPA2020G
20181004,1259,283.90,283.90,283.90,283.90,0,CPA2020G
20181005,1259,283.05,283.05,283.05,283.05,0,CPA2020G
20181008,1259,283.40,283.40,283.40,283.40,0,CPA2020G
20181009,1259,286.65,286.65,286.65,286.65,0,CPA2020G
20181010,1259,283.55,283.55,283.55,283.55,0,CPA2020G
20181011,1259,285.85,285.85,285.85,285.85,0,CPA2020G
20181012,1259,285.35,285.35,285.35,285.35,0,CPA2020G
20181015,1259,284.75,284.75,284.75,284.75,0,CPA2020G
20181016,1259,284.80,284.80,284.80,284.80,0,CPA2020G
20181017,1259,284.15,284.15,284.15,284.15,0,CPA2020G
20181018,1259,281.65,281.65,281.65,281.65,0,CPA2020G
20181019,1259,284.45,284.45,284.45,284.45,0,CPA2020G
20181022,1259,285.10,285.10,285.10,285.10,0,CPA2020G
20181023,1259,283.25,283.25,283.25,283.25,0,CPA2020G
20181024,1259,283.05,283.05,283.05,283.05,0,CPA2020G
20181025,1259,282.55,282.55,282.55,282.55,0,CPA2020G
20181026,1259,280.60,280.60,280.60,280.60,0,CPA2020G
20181029,1259,281.00,281.00,281.00,281.00,0,CPA2020G
20181030,1259,273.20,273.20,273.20,273.20,0,CPA2020G
20181031,1259,272.55,272.55,272.55,272.55,0,CPA2020G
20181101,1259,278.60,278.60,278.60,278.60,0,CPA2020G
20181102,1259,286.55,286.55,286.55,286.55,0,CPA2020G
20181105,1259,282.00,282.00,282.00,282.00,0,CPA2020G
20181106,1259,279.20,279.20,279.20,279.20,0,CPA2020G
20181107,1259,281.60,281.60,281.60,281.60,0,CPA2020G
20181108,1259,279.95,279.95,279.95,279.95,0,CPA2020G
20181109,1259,274.25,274.25,274.25,274.25,0,CPA2020G
20181112,1259,273.65,273.65,273.65,273.65,0,CPA2020G
20181113,1259,275.15,275.15,275.15,275.15,0,CPA2020G
20181114,1259,276.85,276.85,276.85,276.85,0,CPA2020G
20181115,1259,279.50,279.50,279.50,279.50,0,CPA2020G
20181116,1259,281.85,281.85,281.85,281.85,0,CPA2020G
20181119,1259,279.15,279.15,279.15,279.15,0,CPA2020G
20181119,1348,279.20,279.20,279.20,279.20,1,CPA2020G
20181120,1259,277.95,277.95,277.95,277.95,0,CPA2020G
20181121,1259,280.75,280.75,280.75,280.75,0,CPA2020G
20181123,1204,279.90,279.90,279.90,279.90,0,CPA2020G
20181126,1259,279.00,279.00,279.00,279.00,0,CPA2020G
20181126,1302,279.30,279.30,279.30,279.30,2,CPA2020G
20181127,1259,274.85,274.85,274.85,274.85,0,CPA2020G
20181128,1259,282.65,282.65,282.65,282.65,0,CPA2020G
20181129,1259,280.60,280.60,280.60,280.60,0,CPA2020G
20181130,1259,280.15,280.15,280.15,280.15,0,CPA2020G
20181203,1259,282.85,282.85,282.85,282.85,0,CPA2020G
20181204,1259,279.15,279.15,279.15,279.15,0,CPA2020G
20181205,1259,280.15,280.15,280.15,280.15,0,CPA2020G
20181206,1259,277.10,277.10,277.10,277.10,0,CPA2020G
20181207,1259,277.90,277.90,277.90,277.90,0,CPA2020G
20181210,1259,274.35,274.35,274.35,274.35,0,CPA2020G
20181211,1259,277.40,277.40,277.40,277.40,0,CPA2020G
20181212,1259,276.85,276.85,276.85,276.85,0,CPA2020G
20181213,1259,276.75,276.75,276.75,276.75,0,CPA2020G
20181214,1259,277.30,277.30,277.30,277.30,0,CPA2020G
20181217,1259,277.05,277.05,277.05,277.05,0,CPA2020G
20181218,1259,267.90,267.90,267.90,267.90,0,CPA2020G
20181219,1259,272.50,272.50,272.50,272.50,0,CPA2020G
20181219,1546,268.90,268.90,268.90,268.90,1,CPA2020G
20181220,1259,271.20,271.20,271.20,271.20,0,CPA2020G
20181221,1259,268.60,268.60,268.60,268.60,0,CPA2020G
20181224,1159,267.70,267.70,267.70,267.70,0,CPA2020G
20181226,1259,271.85,271.85,271.85,271.85,0,CPA2020G
20181227,1259,268.75,268.75,268.75,268.75,0,CPA2020G
20181228,1259,269.50,269.50,269.50,269.50,0,CPA2020G
20181231,1259,265.10,265.10,265.10,265.10,0,CPA2020G
20190102,1259,265.20,265.20,265.20,265.20,0,CPA2020G
20190102,2035,265.15,265.15,261.45,261.45,10,CPA2020G
20190103,1259,259.90,259.90,259.90,259.90,0,CPA2020G
20190104,1027,264.20,264.20,264.20,264.20,1,CPA2020G
20190104,1259,267.40,267.40,267.40,267.40,0,CPA2020G
20190107,1259,266.55,266.55,266.55,266.55,0,CPA2020G
20190108,1259,269.05,269.05,269.05,269.05,0,CPA2020G
20190109,1259,269.20,269.20,269.20,269.20,0,CPA2020G
20190110,1259,267.25,267.25,267.25,267.25,0,CPA2020G
20190111,1259,270.05,270.05,270.05,270.05,0,CPA2020G
20190114,1259,267.20,267.20,267.20,267.20,0,CPA2020G
20190115,1259,266.35,266.35,266.35,266.35,0,CPA2020G
20190116,1259,269.50,269.50,269.50,269.50,0,CPA2020G
20190117,1259,271.00,271.00,271.00,271.00,0,CPA2020G
20190118,1259,274.40,274.40,274.40,274.40,0,CPA2020G
20190122,1259,269.25,269.25,269.25,269.25,0,CPA2020G
20190123,1259,269.05,269.05,269.05,269.05,0,CPA2020G
20190124,1259,268.05,268.05,268.05,268.05,0,CPA2020G
20190125,0852,268.45,268.45,268.45,268.45,1,CPA2020G
20190125,1259,275.70,275.70,275.70,275.70,0,CPA2020G
20190125,1404,275.80,275.80,275.80,275.80,2,CPA2020G
20190128,1259,271.50,271.50,271.50,271.50,0,CPA2020G
20190129,1259,275.85,275.85,275.85,275.85,0,CPA2020G
20190130,1259,279.55,279.55,279.55,279.55,0,CPA2020G
20190131,1259,281.35,281.35,281.35,281.35,0,CPA2020G
20190201,1259,280.25,280.25,280.25,280.25,0,CPA2020G
20190204,1259,281.95,281.95,281.95,281.95,0,CPA2020G
20190205,1259,284.15,284.15,284.15,284.15,0,CPA2020G
20190206,1259,285.65,285.65,285.65,285.65,0,CPA2020G
20190207,1259,285.40,285.40,285.40,285.40,0,CPA2020G
20190208,1259,283.95,283.95,283.95,283.95,0,CPA2020G
20190211,1259,281.40,281.40,281.40,281.40,0,CPA2020G
20190212,1259,279.40,279.40,279.40,279.40,0,CPA2020G
20190213,0919,279.45,279.45,279.45,279.45,2,CPA2020G
20190213,1259,279.45,279.45,279.45,279.45,0,CPA2020G
20190214,1259,279.95,279.95,279.95,279.95,0,CPA2020G
20190215,0952,280.40,280.40,280.40,280.40,9,CPA2020G
20190215,1259,282.00,282.00,282.00,282.00,0,CPA2020G
20190219,1259,289.20,289.20,289.20,289.20,0,CPA2020G
20190219,1440,289.30,289.30,289.30,289.30,1,CPA2020G
20190220,1259,293.00,293.00,293.00,293.00,0,CPA2020G
20190221,1259,291.35,291.35,291.35,291.35,0,CPA2020G
20190222,1259,295.75,295.75,295.75,295.75,0,CPA2020G
20190225,1259,296.05,296.05,296.05,296.05,0,CPA2020G
20190226,1259,296.45,296.45,296.45,296.45,0,CPA2020G
20190226,1849,296.60,296.60,296.60,296.60,2,CPA2020G
20190227,1259,297.60,297.60,297.60,297.60,0,CPA2020G
20190228,1259,296.35,296.35,296.35,296.35,0,CPA2020G
20190301,1259,294.65,294.65,294.65,294.65,0,CPA2020G
20190304,1259,292.50,292.50,292.50,292.50,0,CPA2020G
20190305,1259,294.85,294.85,294.85,294.85,0,CPA2020G
20190306,1259,293.70,293.70,293.70,293.70,0,CPA2020G
20190307,1259,293.00,293.00,293.00,293.00,0,CPA2020G
20190308,1259,290.95,290.95,290.95,290.95,0,CPA2020G
20190311,1259,291.65,291.65,291.65,291.65,0,CPA2020G
20190312,1259,294.25,294.25,294.25,294.25,0,CPA2020G
20190313,1259,294.90,294.90,294.90,294.90,0,CPA2020G
20190314,1132,290.85,290.85,290.85,290.85,2,CPA2020G
20190314,1259,291.05,291.05,291.05,291.05,0,CPA2020G
20190315,1259,292.70,292.70,292.70,292.70,0,CPA2020G
20190318,1259,293.20,293.20,293.20,293.20,0,CPA2020G
20190319,1259,294.40,294.40,294.40,294.40,0,CPA2020G
20190320,1259,294.55,294.55,294.55,294.55,0,CPA2020G
20190321,1259,293.10,293.10,293.10,293.10,0,CPA2020G
20190322,1259,287.00,287.00,287.00,287.00,0,CPA2020G
20190325,1259,288.45,288.45,288.45,288.45,0,CPA2020G
20190326,1259,287.75,287.75,287.75,287.75,0,CPA2020G
20190327,1259,288.50,288.50,288.50,288.50,0,CPA2020G
20190328,1259,289.35,289.35,289.35,289.35,0,CPA2020G
20190329,1259,295.35,295.35,295.35,295.35,0,CPA2020G
20190331,2111,297.15,297.15,297.15,297.15,1,CPA2020G
20190331,2123,297.35,297.35,297.35,297.35,3,CPA2020G
20190401,1259,294.50,294.50,294.50,294.50,0,CPA2020G
20190402,1259,293.05,293.05,293.05,293.05,0,CPA2020G
20190403,1259,296.90,296.90,296.90,296.90,0,CPA2020G
20190404,1259,293.35,293.35,293.35,293.35,0,CPA2020G
20190405,1259,292.30,292.30,292.30,292.30,0,CPA2020G
20190408,1259,296.15,296.15,296.15,296.15,0,CPA2020G
20190409,1259,296.50,296.50,296.50,296.50,0,CPA2020G
20190410,1259,296.05,296.05,296.05,296.05,0,CPA2020G
20190410,1339,295.10,295.10,295.10,295.10,1,CPA2020G
20190410,1344,295.55,295.55,295.55,295.55,2,CPA2020G
20190411,0345,294.00,294.00,294.00,294.00,1,CPA2020G
20190411,1259,292.35,292.35,292.35,292.35,0,CPA2020G
20190412,0828,298.50,298.50,298.50,298.50,1,CPA2020G
20190412,1259,297.70,297.70,297.70,297.70,0,CPA2020G
20190414,1804,297.45,297.45,297.45,297.45,1,CPA2020G
20190415,1259,297.10,297.10,297.10,297.10,0,CPA2020G
20190416,1259,296.75,296.75,296.75,296.75,0,CPA2020G
20190417,1259,299.85,299.85,299.85,299.85,0,CPA2020G
20190417,1838,299.50,299.50,299.50,299.50,1,CPA2020G
20190418,0340,293.95,293.95,293.95,293.95,1,CPA2020G
20190418,1259,295.50,295.50,295.50,295.50,0,CPA2020G
20190422,1259,293.80,293.80,293.80,293.80,0,CPA2020G
20190423,1259,293.20,293.20,293.20,293.20,0,CPA2020G
20190423,1646,293.50,293.50,293.50,293.50,1,CPA2020G
20190424,1259,294.45,294.45,294.45,294.45,0,CPA2020G
20190425,0902,291.50,291.50,291.50,291.50,1,CPA2020G
20190425,1259,289.80,289.80,289.80,289.80,0,CPA2020G
20190426,1259,292.55,292.55,292.55,292.55,0,CPA2020G
20190429,1259,292.90,292.90,292.90,292.90,0,CPA2020G
20190430,1259,293.65,293.65,293.65,293.65,0,CPA2020G
20190501,0846,289.00,289.00,289.00,289.00,2,CPA2020G
20190501,1259,283.50,283.50,283.50,283.50,0,CPA2020G
20190502,1009,281.00,281.00,281.00,281.00,1,CPA2020G
20190502,1256,281.05,281.05,281.05,281.05,9,CPA2020G
20190502,1259,280.70,280.70,280.70,280.70,0,CPA2020G
20190503,1220,284.55,284.55,284.55,284.55,1,CPA2020G
20190503,1259,284.40,284.40,284.40,284.40,0,CPA2020G
20190506,1259,285.85,285.85,285.85,285.85,0,CPA2020G
20190507,1259,281.20,281.20,281.20,281.20,0,CPA2020G
20190508,0611,280.60,280.65,280.50,280.50,9,CPA2020G
20190508,1259,279.85,279.85,279.85,279.85,0,CPA2020G
20190509,1259,279.25,279.25,279.25,279.25,0,CPA2020G
20190510,1259,279.50,279.50,279.50,279.50,0,CPA2020G
20190513,1259,274.15,274.15,274.15,274.15,0,CPA2020G
20190514,0938,274.75,274.75,274.75,274.75,1,CPA2020G
20190514,1251,274.80,274.85,274.80,274.85,2,CPA2020G
20190514,1259,274.70,274.70,274.70,274.70,0,CPA2020G
20190515,1259,275.75,275.75,275.75,275.75,0,CPA2020G
20190516,1130,278.10,278.10,278.10,278.10,1,CPA2020G
20190516,1134,278.10,278.10,278.10,278.10,1,CPA2020G
20190516,1259,276.65,276.65,276.65,276.65,0,CPA2020G
20190517,1259,275.75,275.75,275.75,275.75,0,CPA2020G
20190517,1446,275.60,275.60,275.60,275.60,1,CPA2020G
20190520,1148,274.50,274.50,274.50,274.50,1,CPA2020G
20190520,1259,274.45,274.45,274.45,274.45,0,CPA2020G
20190521,1259,273.75,273.75,273.75,273.75,0,CPA2020G
20190522,0130,272.90,272.90,272.90,272.90,8,CPA2020G
20190522,1012,270.00,270.00,270.00,270.00,1,CPA2020G
20190522,1013,270.00,270.00,270.00,270.00,3,CPA2020G
20190522,1259,270.35,270.35,270.35,270.35,0,CPA2020G
20190522,1650,270.85,270.85,270.85,270.85,2,CPA2020G
20190523,0854,268.85,268.90,268.85,268.90,2,CPA2020G
20190523,0954,268.90,268.90,268.90,268.90,3,CPA2020G
20190523,1259,270.10,270.10,270.10,270.10,0,CPA2020G
20190524,1259,271.90,271.90,271.90,271.90,0,CPA2020G
20190528,1259,271.30,271.30,271.30,271.30,0,CPA2020G
20190529,0520,268.80,268.80,268.80,268.80,6,CPA2020G
20190529,1259,268.35,268.35,268.35,268.35,0,CPA2020G
20190530,1259,267.05,267.05,267.05,267.05,0,CPA2020G
20190530,1337,267.00,267.00,267.00,267.00,1,CPA2020G
20190530,1639,267.00,267.00,267.00,267.00,1,CPA2020G
20190531,1259,265.00,265.00,265.00,265.00,0,CPA2020G
20190603,1259,266.25,266.25,266.25,266.25,0,CPA2020G
20190604,0925,266.35,266.35,266.35,266.35,1,CPA2020G
20190604,1116,267.65,267.65,267.65,267.65,1,CPA2020G
20190604,1117,267.65,267.65,267.65,267.65,1,CPA2020G
20190604,1120,267.70,267.70,267.70,267.70,1,CPA2020G
20190604,1259,268.25,268.25,268.25,268.25,0,CPA2020G
20190605,1049,265.00,265.00,265.00,265.00,2,CPA2020G
20190605,1259,263.70,263.70,263.70,263.70,0,CPA2020G
20190606,0928,265.65,265.65,265.65,265.65,1,CPA2020G
20190606,1259,266.25,266.25,266.25,266.25,0,CPA2020G
20190607,1130,262.95,262.95,262.95,262.95,1,CPA2020G
20190607,1259,263.90,263.90,263.90,263.90,0,CPA2020G
20190610,1259,267.25,267.25,267.25,267.25,0,CPA2020G
20190611,1259,268.45,268.45,268.45,268.45,0,CPA2020G
20190612,1259,266.65,266.65,266.65,266.65,0,CPA2020G
20190613,1052,266.85,266.85,266.85,266.85,1,CPA2020G
20190613,1259,266.65,266.65,266.65,266.65,0,CPA2020G
20190614,1259,263.90,263.90,263.90,263.90,0,CPA2020G
20190614,1641,264.20,264.20,264.20,264.20,1,CPA2020G
20190617,1259,265.05,265.05,265.05,265.05,0,CPA2020G
20190618,1259,270.50,270.50,270.50,270.50,0,CPA2020G
20190619,0816,270.15,270.15,270.15,270.15,1,CPA2020G
20190619,1020,269.80,269.80,269.80,269.80,3,CPA2020G
20190619,1154,268.85,268.85,268.85,268.85,1,CPA2020G
20190619,1259,268.40,268.40,268.40,268.40,0,CPA2020G
20190620,1259,271.65,271.65,271.65,271.65,0,CPA2020G
20190621,1259,271.20,271.20,271.20,271.20,0,CPA2020G
20190621,1633,271.00,271.00,271.00,271.00,1,CPA2020G
20190621,1656,271.15,271.15,271.15,271.15,2,CPA2020G
20190624,1259,271.40,271.40,271.40,271.40,0,CPA2020G
20190624,1615,272.00,272.00,272.00,272.00,1,CPA2020G
20190625,1113,275.60,275.60,275.60,275.60,2,CPA2020G
20190625,1259,274.60,274.60,274.60,274.60,0,CPA2020G
20190626,1129,273.00,273.00,273.00,273.00,5,CPA2020G
20190626,1259,272.90,272.90,272.90,272.90,0,CPA2020G
20190626,1800,272.90,272.90,272.90,272.90,1,CPA2020G
20190627,1259,272.95,272.95,272.95,272.95,0,CPA2020G
20190627,1628,273.45,273.45,273.45,273.45,1,CPA2020G
20190628,1259,272.80,272.80,272.80,272.80,0,CPA2020G
20190628,1510,273.00,273.00,273.00,273.00,2,CPA2020G
20190701,1259,270.45,270.45,270.45,270.45,0,CPA2020G
20190702,0901,268.00,268.00,268.00,268.00,2,CPA2020G
20190702,0934,268.50,268.50,268.50,268.50,1,CPA2020G
20190702,1011,267.55,267.55,267.55,267.55,1,CPA2020G
20190702,1259,268.10,268.10,268.10,268.10,0,CPA2020G
20190703,1259,269.60,269.60,269.60,269.60,0,CPA2020G
20190705,1259,267.70,267.70,267.70,267.70,0,CPA2020G
20190708,1259,267.55,267.55,267.55,267.55,0,CPA2020G
20190709,0725,264.00,264.00,264.00,264.00,2,CPA2020G
20190709,0935,264.95,264.95,264.95,264.95,4,CPA2020G
20190709,0938,264.95,264.95,264.95,264.95,2,CPA2020G
20190709,0939,264.95,264.95,264.95,264.95,2,CPA2020G
20190709,1259,264.20,264.20,264.20,264.20,0,CPA2020G
20190710,1259,270.85,270.85,270.85,270.85,0,CPA2020G
20190711,1259,270.40,270.40,270.40,270.40,0,CPA2020G
20190712,1259,271.10,271.10,271.10,271.10,0,CPA2020G
20190715,1259,272.55,272.55,272.55,272.55,0,CPA2020G
20190716,1259,271.50,271.50,271.50,271.50,0,CPA2020G
20190717,1030,271.00,271.00,271.00,271.00,2,CPA2020G
20190717,1259,273.05,273.05,273.05,273.05,0,CPA2020G
20190717,1527,272.25,272.25,272.25,272.25,2,CPA2020G
20190717,2153,271.60,271.60,271.60,271.60,1,CPA2020G
20190718,0843,272.90,272.90,272.90,272.90,1,CPA2020G
20190718,1259,272.35,272.35,272.35,272.35,0,CPA2020G
20190719,1259,276.85,276.85,276.85,276.85,0,CPA2020G
20190722,1259,274.10,274.10,274.10,274.10,0,CPA2020G
20190723,0844,273.00,273.00,273.00,273.00,1,CPA2020G
20190723,0937,272.00,272.00,272.00,272.00,12,CPA2020G
20190723,0938,272.00,272.00,272.00,272.00,15,CPA2020G
20190723,1259,271.75,271.75,271.75,271.75,0,CPA2020G
20190724,1259,273.05,273.05,273.05,273.05,0,CPA2020G
20190725,1259,272.40,272.40,272.40,272.40,0,CPA2020G
20190726,1259,270.60,270.60,270.60,270.60,0,CPA2020G
20190729,1259,273.55,273.55,273.55,273.55,0,CPA2020G
20190729,1504,273.60,273.60,273.60,273.60,2,CPA2020G
20190730,1259,269.80,269.80,269.80,269.80,0,CPA2020G
20190731,1259,268.70,268.70,268.70,268.70,0,CPA2020G
20190801,1005,266.65,266.65,266.65,266.65,1,CPA2020G
20190801,1014,266.85,266.85,266.85,266.85,1,CPA2020G
20190801,1259,268.50,268.65,268.50,268.65,1,CPA2020G
20190802,0932,261.95,261.95,261.95,261.95,9,CPA2020G
20190802,0959,262.00,262.00,262.00,262.00,1,CPA2020G
20190802,1030,260.75,260.75,260.75,260.75,1,CPA2020G
20190802,1259,259.40,259.40,259.40,259.40,0,CPA2020G
20190802,1416,259.25,259.25,259.25,259.25,1,CPA2020G
20190802,1513,258.50,258.50,258.50,258.50,1,CPA2020G
20190805,1136,257.80,257.80,257.80,257.80,1,CPA2020G
20190805,1241,257.15,257.15,257.15,257.15,2,CPA2020G
20190805,1259,256.55,256.55,256.50,256.50,6,CPA2020G
20190805,1300,256.75,256.75,256.75,256.75,1,CPA2020G
20190806,1126,257.85,257.85,257.85,257.85,2,CPA2020G
20190806,1259,257.75,257.75,257.70,257.70,1,CPA2020G
20190806,1328,257.90,257.90,257.90,257.90,1,CPA2020G
20190806,1353,258.40,258.40,258.40,258.40,1,CPA2020G
20190806,1453,258.40,258.40,258.40,258.40,1,CPA2020G
20190806,1523,258.40,258.40,258.40,258.40,6,CPA2020G
20190806,1526,258.40,258.40,258.40,258.40,4,CPA2020G
20190807,1042,258.50,258.50,258.50,258.50,1,CPA2020G
20190807,1212,258.65,258.65,258.65,258.65,4,CPA2020G
20190807,1259,259.10,259.10,259.10,259.10,0,CPA2020G
20190808,1259,262.60,262.60,262.60,262.60,0,CPA2020G
20190809,1259,260.70,260.70,260.70,260.70,0,CPA2020G
20190809,1302,260.85,260.85,260.85,260.85,1,CPA2020G
20190812,0501,259.00,259.00,259.00,259.00,2,CPA2020G
20190812,0857,261.20,261.20,261.20,261.20,2,CPA2020G
20190812,1055,260.10,260.10,260.10,260.10,1,CPA2020G
20190812,1259,260.30,260.30,260.30,260.30,1,CPA2020G
20190813,1259,264.70,264.70,264.70,264.70,0,CPA2020G
20190813,1306,264.90,264.90,264.90,264.90,1,CPA2020G
20190814,1259,260.85,260.85,260.85,260.85,0,CPA2020G
20190814,1311,261.20,261.20,261.20,261.20,1,CPA2020G
20190815,0917,261.00,261.00,261.00,261.00,2,CPA2020G
20190815,0953,260.85,260.85,260.85,260.85,10,CPA2020G
20190815,1211,261.45,261.45,261.45,261.45,1,CPA2020G
20190815,1252,261.40,261.40,261.40,261.40,1,CPA2020G
20190815,1259,261.20,261.20,261.20,261.20,0,CPA2020G
20190816,1259,261.10,261.10,261.05,261.05,1,CPA2020G
20190816,1316,261.05,261.05,261.05,261.05,2,CPA2020G
20190816,1357,260.90,260.90,260.90,260.90,1,CPA2020G
20190816,1430,260.55,260.55,260.55,260.55,1,CPA2020G
20190816,1436,260.55,260.55,260.55,260.55,1,CPA2020G
20190819,1259,261.65,261.65,261.65,261.65,0,CPA2020G
20190819,1305,261.80,261.80,261.80,261.80,1,CPA2020G
20190820,1009,260.35,260.35,260.35,260.35,1,CPA2020G
20190820,1259,259.40,259.40,259.35,259.35,1,CPA2020G
20190821,1256,260.20,260.30,260.20,260.30,10,CPA2020G
20190821,1259,260.20,260.20,260.20,260.20,0,CPA2020G
20190822,1259,257.60,257.60,257.60,257.60,0,CPA2020G
20190823,1259,254.70,254.70,254.70,254.70,1,CPA2020G
20190823,1429,254.80,254.80,254.80,254.80,1,CPA2020G
20190825,1828,251.00,251.00,251.00,251.00,1,CPA2020G
20190825,1829,251.00,251.00,251.00,251.00,1,CPA2020G
20190825,1830,251.00,251.00,251.00,251.00,8,CPA2020G
20190826,1121,255.40,255.40,255.40,255.40,3,CPA2020G
20190826,1259,256.00,256.00,255.95,255.95,1,CPA2020G
20190826,1639,255.35,255.35,255.35,255.35,1,CPA2020G
20190827,1259,256.15,256.15,256.15,256.15,1,CPA2020G
20190828,0537,257.65,257.65,257.65,257.65,1,CPA2020G
20190828,0552,257.85,257.85,257.85,257.85,1,CPA2020G
20190828,1259,257.30,257.30,257.30,257.30,0,CPA2020G
20190828,1335,257.85,257.85,257.85,257.85,1,CPA2020G
20190829,1259,258.65,258.65,258.65,258.65,0,CPA2020G
20190829,1652,258.55,258.55,258.55,258.55,1,CPA2020G
20190830,1237,256.50,256.50,256.50,256.50,1,CPA2020G
20190830,1259,256.05,256.10,256.05,256.10,1,CPA2020G
20190830,1319,255.95,255.95,255.95,255.95,2,CPA2020G
20190830,1322,256.05,256.05,256.05,256.05,11,CPA2020G
20190830,1604,256.60,256.60,256.60,256.60,1,CPA2020G
20190830,1645,256.65,256.65,256.65,256.65,1,CPA2020G
20190903,0759,250.00,250.00,250.00,250.00,3,CPA2020G
20190903,0927,251.35,251.35,251.35,251.35,2,CPA2020G
20190903,1028,251.00,251.00,251.00,251.00,4,CPA2020G
20190903,1043,251.95,251.95,251.95,251.95,1,CPA2020G
20190903,1259,253.70,253.70,253.70,253.70,0,CPA2020G
20190904,1212,260.40,260.40,260.40,260.40,8,CPA2020G
20190904,1259,260.40,260.40,260.40,260.40,0,CPA2020G
20190905,0941,264.00,264.00,264.00,264.00,1,CPA2020G
20190905,1259,265.20,265.20,265.20,265.20,0,CPA2020G
20190905,1300,264.85,264.85,264.85,264.85,1,CPA2020G
20190905,1324,264.60,264.60,264.60,264.60,7,CPA2020G
20190905,1805,264.40,264.40,264.40,264.40,1,CPA2020G
20190906,1259,264.45,264.45,264.45,264.45,0,CPA2020G
20190906,1650,264.15,264.15,264.15,264.15,1,CPA2020G
20190909,1259,263.75,263.75,263.75,263.75,0,CPA2020G
20190910,0733,261.85,261.85,261.85,261.85,2,CPA2020G
20190910,1259,263.80,263.80,263.80,263.80,0,CPA2020G
20190911,1049,262.35,262.35,262.35,262.35,2,CPA2020G
20190911,1144,261.50,261.50,261.50,261.50,1,CPA2020G
20190911,1259,262.50,262.50,262.50,262.50,0,CPA2020G
20190911,1354,262.30,262.30,262.30,262.30,1,CPA2020G
20190912,0635,266.50,266.50,266.50,266.50,1,CPA2020G
20190912,0851,262.95,262.95,262.95,262.95,3,CPA2020G
20190912,0905,262.95,262.95,262.95,262.95,1,CPA2020G
20190912,1259,265.10,265.10,265.10,265.10,0,CPA2020G
20190913,1259,271.05,271.05,271.05,271.05,0,CPA2020G
20190913,1342,270.85,270.85,270.85,270.85,1,CPA2020G
20190916,1124,266.40,266.40,266.40,266.40,1,CPA2020G
20190916,1259,265.20,265.20,265.20,265.20,0,CPA2020G
20190917,0854,262.70,262.70,262.70,262.70,1,CPA2020G
20190917,1259,263.80,263.80,263.80,263.80,0,CPA2020G
20190918,1038,262.75,262.75,262.75,262.75,2,CPA2020G
20190918,1259,262.35,262.35,262.35,262.35,0,CPA2020G
20190918,1356,262.55,262.55,262.55,262.55,1,CPA2020G
20190919,1026,262.30,262.35,262.30,262.35,17,CPA2020G
20190919,1106,262.30,262.30,262.30,262.30,1,CPA2020G
20190919,1259,261.90,261.90,261.90,261.90,0,CPA2020G
20190919,1402,262.20,262.20,262.20,262.20,1,CPA2020G
20190920,1259,261.70,261.70,261.70,261.70,0,CPA2020G
20190923,1143,261.60,261.60,261.60,261.60,1,CPA2020G
20190923,1259,262.15,262.15,262.15,262.15,0,CPA2020G
20190924,1044,261.80,261.80,261.80,261.80,2,CPA2020G
20190924,1051,261.80,261.80,261.80,261.80,1,CPA2020G
20190924,1259,261.60,261.60,261.60,261.60,0,CPA2020G
20190924,1805,261.35,261.35,261.35,261.35,1,CPA2020G
20190925,0821,260.10,260.10,260.10,260.10,1,CPA2020G
20190925,1259,262.10,262.10,262.10,262.10,0,CPA2020G
20190925,1307,262.10,262.10,262.10,262.10,1,CPA2020G
20190926,1252,258.80,258.80,258.80,258.80,1,CPA2020G
20190926,1259,258.75,258.75,258.75,258.75,0,CPA2020G
20190927,1259,260.75,260.75,260.75,260.75,0,CPA2020G
20190927,1455,260.60,260.60,260.60,260.60,8,CPA2020G
20190927,1456,260.60,260.60,260.60,260.60,16,CPA2020G
20190930,1259,258.85,258.85,258.85,258.85,0,CPA2020G
20190930,1534,258.45,258.45,258.45,258.45,2,CPA2020G
20191001,0958,254.40,254.40,254.40,254.40,4,CPA2020G
20191001,1259,256.95,256.95,256.95,256.95,0,CPA2020G
20191001,1333,257.15,257.15,257.15,257.15,1,CPA2020G
20191002,1139,258.55,258.55,258.55,258.55,2,CPA2020G
20191002,1259,257.90,257.90,257.90,257.90,0,CPA2020G
20191003,0956,255.55,255.55,255.55,255.55,1,CPA2020G
20191003,1000,255.30,255.30,255.30,255.30,7,CPA2020G
20191003,1249,256.30,256.30,256.30,256.30,4,CPA2020G
20191003,1259,256.10,256.10,256.10,256.10,0,CPA2020G
20191003,2303,254.30,254.30,254.30,254.30,16,CPA2020G
20191004,1024,255.30,255.35,255.30,255.35,2,CPA2020G
20191004,1259,256.90,256.90,256.90,256.90,0,CPA2020G
20191004,1307,257.20,257.20,257.20,257.20,4,CPA2020G
20191007,1011,258.90,258.90,258.90,258.90,1,CPA2020G
20191007,1021,258.75,258.75,258.75,258.75,1,CPA2020G
20191007,1222,259.00,259.00,259.00,259.00,2,CPA2020G
20191007,1259,258.35,258.35,258.35,258.35,0,CPA2020G
20191008,1215,257.15,257.15,257.15,257.15,1,CPA2020G
20191008,1259,257.65,257.65,257.65,257.65,0,CPA2020G
20191009,0922,258.10,258.10,258.10,258.10,1,CPA2020G
20191009,1259,257.55,257.55,257.55,257.55,0,CPA2020G
20191010,1028,261.40,261.40,261.40,261.40,2,CPA2020G
20191010,1259,261.95,261.95,261.95,261.95,0,CPA2020G
20191011,1259,263.50,263.50,263.50,263.50,0,CPA2020G
20191014,0955,262.10,262.10,262.10,262.10,4,CPA2020G
20191014,1259,264.15,264.15,264.15,264.15,0,CPA2020G
20191015,1259,262.15,262.15,262.15,262.15,0,CPA2020G
20191016,0932,259.10,259.10,259.10,259.10,2,CPA2020G
20191016,1015,259.10,259.10,259.10,259.10,2,CPA2020G
20191016,1110,259.45,259.45,259.45,259.45,2,CPA2020G
20191016,1259,259.75,259.75,259.75,259.75,0,CPA2020G
20191016,1352,259.40,259.40,259.40,259.40,1,CPA2020G
20191017,1259,260.55,260.55,260.55,260.55,0,CPA2020G
20191018,0832,264.00,264.05,264.00,264.05,2,CPA2020G
20191018,1151,263.75,263.75,263.75,263.75,1,CPA2020G
20191018,1259,264.35,264.35,264.35,264.35,0,CPA2020G
20191021,1259,265.45,265.45,265.45,265.45,0,CPA2020G
20191021,1352,265.25,265.25,265.25,265.25,1,CPA2020G
20191022,1033,264.85,264.85,264.85,264.85,1,CPA2020G
20191022,1038,264.50,264.50,264.50,264.50,3,CPA2020G
20191022,1039,264.60,264.60,264.60,264.60,1,CPA2020G
20191022,1047,264.30,264.30,264.30,264.30,1,CPA2020G
20191022,1259,264.25,264.25,264.25,264.25,0,CPA2020G
20191022,1418,264.70,264.70,264.70,264.70,6,CPA2020G
20191022,1901,264.35,264.35,264.35,264.35,2,CPA2020G
20191023,1045,266.15,266.15,266.15,266.15,1,CPA2020G
20191023,1131,267.30,267.30,267.30,267.30,1,CPA2020G
20191023,1132,267.40,267.40,267.40,267.40,2,CPA2020G
20191023,1137,267.15,267.15,267.15,267.15,1,CPA2020G
20191023,1140,267.20,267.20,267.20,267.20,1,CPA2020G
20191023,1259,267.85,267.85,267.85,267.85,0,CPA2020G
20191024,1153,267.40,267.45,267.40,267.45,7,CPA2020G
20191024,1259,267.50,267.50,267.50,267.50,0,CPA2020G
20191025,1158,269.15,269.15,269.10,269.10,6,CPA2020G
20191025,1259,268.30,268.30,268.30,268.30,0,CPA2020G
20191028,0855,269.00,269.00,269.00,269.00,1,CPA2020G
20191028,0928,268.75,268.75,268.75,268.75,1,CPA2020G
20191028,1039,269.10,269.10,269.10,269.10,1,CPA2020G
20191028,1259,269.10,269.10,269.10,269.10,0,CPA2020G
20191029,1011,269.05,269.05,269.05,269.05,6,CPA2020G
20191029,1259,269.95,269.95,269.95,269.95,0,CPA2020G
20191030,1007,269.70,269.70,269.70,269.70,1,CPA2020G
20191030,1121,269.75,269.75,269.75,269.75,2,CPA2020G
20191030,1123,269.90,269.90,269.90,269.90,1,CPA2020G
20191030,1125,269.85,269.85,269.85,269.85,2,CPA2020G
20191030,1126,269.90,269.95,269.90,269.95,3,CPA2020G
20191030,1259,269.35,269.35,269.35,269.35,0,CPA2020G
20191030,1340,268.95,268.95,268.95,268.95,1,CPA2020G
20191030,1355,268.40,268.40,268.40,268.40,1,CPA2020G
20191031,0811,266.60,266.60,266.60,266.60,1,CPA2020G
20191031,0844,266.65,266.65,266.65,266.65,1,CPA2020G
20191031,0847,266.75,266.80,266.75,266.80,2,CPA2020G
20191031,0849,266.75,266.75,266.75,266.75,1,CPA2020G
20191031,0858,266.85,266.90,266.85,266.90,2,CPA2020G
20191031,1036,265.65,265.65,265.65,265.65,1,CPA2020G
20191031,1037,265.60,265.60,265.60,265.60,1,CPA2020G
20191031,1059,265.60,265.70,265.55,265.70,3,CPA2020G
20191031,1100,265.60,265.60,265.60,265.60,1,CPA2020G
20191031,1101,265.60,265.60,265.60,265.60,1,CPA2020G
20191031,1107,265.50,265.50,265.50,265.50,1,CPA2020G
20191031,1111,265.25,265.25,265.25,265.25,1,CPA2020G
20191031,1113,265.20,265.20,265.20,265.20,1,CPA2020G
20191031,1118,265.10,265.10,265.10,265.10,1,CPA2020G
20191031,1123,264.80,264.80,264.75,264.75,3,CPA2020G
20191031,1218,263.85,263.90,263.85,263.90,4,CPA2020G
20191031,1259,264.60,264.60,264.60,264.60,0,CPA2020G
20191031,1330,264.75,264.75,264.75,264.75,2,CPA2020G
20191031,1331,264.75,264.75,264.75,264.75,2,CPA2020G
20191101,0933,265.30,265.40,265.30,265.40,3,CPA2020G
20191101,0936,265.40,265.40,265.35,265.35,4,CPA2020G
20191101,0937,265.35,265.35,265.35,265.35,1,CPA2020G
20191101,0946,265.40,265.40,265.35,265.35,3,CPA2020G
20191101,0948,265.35,265.35,265.35,265.35,1,CPA2020G
20191101,1029,265.70,265.70,265.70,265.70,1,CPA2020G
20191101,1031,265.65,265.65,265.65,265.65,1,CPA2020G
20191101,1040,265.35,265.35,265.35,265.35,1,CPA2020G
20191101,1130,265.15,265.15,265.15,265.15,1,CPA2020G
20191101,1259,266.15,266.15,266.05,266.05,3,CPA2020G
20191101,1300,266.00,266.00,266.00,266.00,1,CPA2020G
20191104,1212,267.30,267.30,267.30,267.30,1,CPA2020G
20191104,1259,267.80,267.95,267.80,267.85,3,CPA2020G
20191105,0904,270.95,271.00,270.95,271.00,3,CPA2020G
20191105,1004,271.00,271.00,271.00,271.00,3,CPA2020G
20191105,1152,270.50,270.50,270.50,270.50,2,CPA2020G
20191105,1259,270.85,270.85,270.85,270.85,0,CPA2020G
20191105,1306,270.80,270.80,270.80,270.80,3,CPA2020G
20191105,1411,270.90,270.90,270.90,270.90,3,CPA2020G
20191105,1432,271.00,271.00,271.00,271.00,1,CPA2020G
20191106,1028,269.35,269.35,269.35,269.35,1,CPA2020G
20191106,1159,268.40,268.40,268.40,268.40,1,CPA2020G
20191106,1259,267.25,267.35,267.25,267.30,3,CPA2020G
20191107,1020,272.40,272.40,272.40,272.40,1,CPA2020G
20191107,1021,272.40,272.40,272.40,272.40,2,CPA2020G
20191107,1022,272.40,272.40,272.40,272.40,1,CPA2020G
20191107,1226,273.30,273.30,273.30,273.30,3,CPA2020G
20191107,1259,273.65,273.65,273.55,273.55,3,CPA2020G
20191107,1542,271.80,271.80,271.80,271.80,3,CPA2020G
20191107,2013,271.90,271.90,271.90,271.90,2,CPA2020G
20191108,0930,270.10,270.10,270.10,270.10,1,CPA2020G
20191108,1047,270.00,270.00,270.00,270.00,20,CPA2020G
20191108,1259,269.10,269.10,269.00,269.00,3,CPA2020G
20191111,1129,267.25,267.25,267.25,267.25,1,CPA2020G
20191111,1255,267.00,267.00,267.00,267.00,1,CPA2020G
20191111,1259,267.30,267.30,267.25,267.25,2,CPA2020G
20191111,1310,267.20,267.20,267.20,267.20,1,CPA2020G
20191111,1311,267.10,267.10,267.05,267.05,2,CPA2020G
20191112,1016,266.55,266.55,266.55,266.55,1,CPA2020G
20191112,1108,266.30,266.30,266.30,266.30,2,CPA2020G
20191112,1259,265.40,265.40,265.40,265.40,0,CPA2020G
20191112,1301,265.35,265.35,265.35,265.35,3,CPA2020G
20191113,0852,265.15,265.15,265.15,265.15,2,CPA2020G
20191113,1020,264.45,264.45,264.45,264.45,2,CPA2020G
20191113,1134,264.50,264.50,264.50,264.50,1,CPA2020G
20191113,1259,264.70,264.80,264.70,264.80,1,CPA2020G
20191113,1304,264.80,264.80,264.80,264.80,3,CPA2020G
20191113,2207,265.05,265.05,265.05,265.05,1,CPA2020G
20191114,0049,265.35,265.35,265.35,265.35,1,CPA2020G
20191114,0101,265.45,265.45,265.45,265.45,1,CPA2020G
20191114,0120,265.55,265.55,265.55,265.55,1,CPA2020G
20191114,0128,265.45,265.45,265.45,265.45,1,CPA2020G
20191114,0857,264.45,264.45,264.45,264.45,1,CPA2020G
20191114,0942,263.85,263.85,263.85,263.85,2,CPA2020G
20191114,1205,263.10,263.10,263.10,263.10,1,CPA2020G
20191114,1211,263.05,263.05,263.00,263.00,2,CPA2020G
20191114,1218,262.90,262.90,262.90,262.90,1,CPA2020G
20191114,1221,262.80,262.80,262.80,262.80,1,CPA2020G
20191114,1259,263.15,263.15,263.15,263.15,0,CPA2020G
20191114,1341,262.90,262.90,262.90,262.90,3,CPA2020G
20191115,0904,264.10,264.10,264.10,264.10,1,CPA2020G
20191115,0909,264.10,264.10,264.10,264.10,1,CPA2020G
20191115,0957,264.10,264.10,264.10,264.10,1,CPA2020G
20191115,1101,264.60,264.60,264.60,264.60,1,CPA2020G
20191115,1155,264.85,264.85,264.85,264.85,2,CPA2020G
20191115,1259,264.70,264.75,264.70,264.75,3,CPA2020G
20191118,1237,262.65,262.65,262.65,262.65,3,CPA2020G
20191118,1259,263.00,263.00,263.00,263.00,0,CPA2020G
20191118,1300,263.00,263.00,263.00,263.00,2,CPA2020G
20191119,0914,266.50,266.50,266.50,266.50,1,CPA2020G
20191119,0957,265.60,265.60,265.60,265.60,1,CPA2020G
20191119,1116,265.60,265.60,265.55,265.55,6,CPA2020G
20191119,1123,266.10,266.10,266.10,266.10,1,CPA2020G
20191119,1259,266.50,266.50,266.35,266.35,3,CPA2020G
20191120,0014,265.75,265.75,265.70,265.70,19,CPA2020G
20191120,0015,265.70,265.70,265.70,265.70,16,CPA2020G
20191120,0016,265.70,265.70,265.70,265.70,1,CPA2020G
20191120,0018,265.75,265.75,265.75,265.75,1,CPA2020G
20191120,0019,265.75,265.75,265.70,265.70,3,CPA2020G
20191120,0020,265.70,265.70,265.70,265.70,2,CPA2020G
20191120,0021,265.70,265.70,265.60,265.60,5,CPA2020G
20191120,0022,265.60,265.60,265.55,265.55,6,CPA2020G
20191120,1003,266.60,266.60,266.60,266.60,1,CPA2020G
20191120,1110,265.65,265.65,265.65,265.65,2,CPA2020G
20191120,1130,265.90,265.90,265.90,265.90,1,CPA2020G
20191120,1255,265.85,265.85,265.85,265.85,1,CPA2020G
20191120,1259,265.40,265.70,265.40,265.60,3,CPA2020G
20191120,1330,265.15,265.15,265.15,265.15,3,CPA2020G
20191120,1344,265.05,265.05,265.05,265.05,1,CPA2020G
20191121,0301,263.80,263.80,263.80,263.80,4,CPA2020G
20191121,0302,263.80,263.80,263.80,263.80,1,CPA2020G
20191121,0344,263.40,263.40,263.40,263.40,8,CPA2020G
20191121,0445,263.05,263.05,263.05,263.05,2,CPA2020G
20191121,0446,263.05,263.05,263.05,263.05,3,CPA2020G
20191121,0645,263.65,263.65,263.65,263.65,5,CPA2020G
20191121,0925,263.75,263.75,263.75,263.75,1,CPA2020G
20191121,1032,264.10,264.10,264.10,264.10,4,CPA2020G
20191121,1053,263.85,263.90,263.85,263.90,4,CPA2020G
20191121,1157,263.45,263.45,263.45,263.45,5,CPA2020G
20191121,1259,263.20,263.20,263.20,263.20,0,CPA2020G
20191121,1300,263.20,263.20,263.20,263.20,3,CPA2020G
20191122,0302,263.05,263.05,263.05,263.05,5,CPA2020G
20191122,0905,264.75,264.75,264.75,264.75,1,CPA2020G
20191122,0934,263.95,263.95,263.95,263.95,1,CPA2020G
20191122,0947,263.95,264.00,263.85,263.95,9,CPA2020G
20191122,1159,265.05,265.05,265.05,265.05,2,CPA2020G
20191122,1259,265.65,265.65,265.60,265.60,3,CPA2020G
20191122,1301,265.60,265.60,265.60,265.60,1,CPA2020G
20191122,1328,265.30,265.30,265.30,265.30,1,CPA2020G
20191122,1329,265.35,265.35,265.35,265.35,3,CPA2020G
20191125,0741,266.30,266.30,266.30,266.30,4,CPA2020G
20191125,1052,265.35,265.35,265.35,265.35,1,CPA2020G
20191125,1119,265.40,265.40,265.40,265.40,1,CPA2020G
20191125,1220,265.40,265.40,265.40,265.40,9,CPA2020G
20191125,1259,265.75,265.80,265.75,265.80,3,CPA2020G
20191126,0950,266.05,266.05,266.05,266.05,1,CPA2020G
20191126,0958,266.10,266.10,266.10,266.10,40,CPA2020G
20191126,1032,266.60,266.60,266.60,266.60,3,CPA2020G
20191126,1209,268.80,268.80,268.80,268.80,26,CPA2020G
20191126,1259,269.15,269.20,269.15,269.20,3,CPA2020G
20191126,2026,268.25,268.25,268.25,268.25,10,CPA2020G
20191127,0236,269.40,269.40,269.40,269.40,3,CPA2020G
20191127,0240,269.15,269.15,269.15,269.15,1,CPA2020G
20191127,0248,269.05,269.05,269.05,269.05,2,CPA2020G
20191127,0333,269.15,269.15,269.15,269.15,4,CPA2020G
20191127,0338,269.40,269.40,269.40,269.40,10,CPA2020G
20191127,0548,270.25,270.25,270.25,270.25,10,CPA2020G
20191127,0838,269.20,269.20,269.20,269.20,3,CPA2020G
20191127,1039,269.20,269.20,269.20,269.20,2,CPA2020G
20191127,1059,269.35,269.35,269.35,269.35,1,CPA2020G
20191127,1156,269.50,269.50,269.50,269.50,2,CPA2020G
20191127,1246,269.00,269.00,269.00,269.00,3,CPA2020G
20191127,1259,268.95,269.10,268.95,269.05,7,CPA2020G
20191127,1300,268.90,268.90,268.90,268.90,1,CPA2020G
20191128,0331,266.55,266.55,266.55,266.55,4,CPA2020G
20191129,0955,265.40,265.40,265.40,265.40,1,CPA2020G
20191129,0956,265.30,265.30,265.30,265.30,1,CPA2020G
20191129,1116,264.90,264.90,264.90,264.90,2,CPA2020G
20191129,1159,265.55,265.60,265.55,265.60,3,CPA2020G
20191202,0934,264.90,264.90,264.90,264.90,1,CPA2020G
20191202,1053,265.15,265.15,265.15,265.15,2,CPA2020G
20191202,1139,265.70,265.70,265.70,265.70,1,CPA2020G
20191202,1259,264.40,264.55,264.40,264.55,1,CPA2020G
20191202,1306,264.55,264.55,264.55,264.55,5,CPA2020G
20191202,1308,264.55,264.55,264.55,264.55,12,CPA2020G
20191202,1321,264.45,264.45,264.45,264.45,1,CPA2020G
20191202,1417,264.45,264.45,264.45,264.45,2,CPA2020G
20191202,1419,264.45,264.45,264.45,264.45,6,CPA2020G
20191203,0205,264.50,264.50,264.50,264.50,1,CPA2020G
20191203,0754,263.00,263.00,263.00,263.00,5,CPA2020G
20191203,0918,262.65,262.65,262.65,262.65,2,CPA2020G
20191203,1259,261.80,261.80,261.80,261.80,0,CPA2020G
20191203,1653,262.15,262.15,262.15,262.15,1,CPA2020G
20191204,0252,261.95,261.95,261.95,261.95,5,CPA2020G
20191204,0313,262.20,262.20,262.20,262.20,5,CPA2020G
20191204,0406,263.20,263.20,263.20,263.20,5,CPA2020G
20191204,0407,263.60,263.60,263.60,263.60,5,CPA2020G
20191204,0730,263.90,263.95,263.90,263.95,5,CPA2020G
20191204,0821,264.00,264.00,264.00,264.00,2,CPA2020G
20191204,0852,264.30,264.30,264.30,264.30,1,CPA2020G
20191204,0854,264.40,264.40,264.40,264.40,5,CPA2020G
20191204,0921,265.00,265.00,265.00,265.00,1,CPA2020G
20191204,0942,265.00,265.00,265.00,265.00,1,CPA2020G
20191204,1109,265.75,265.75,265.75,265.75,1,CPA2020G
20191204,1137,266.05,266.05,266.05,266.05,1,CPA2020G
20191204,1259,265.30,265.45,265.30,265.45,2,CPA2020G
20191204,1514,265.40,265.40,265.40,265.40,1,CPA2020G
20191205,0234,265.90,265.90,265.90,265.90,2,CPA2020G
20191205,0237,265.90,265.90,265.90,265.90,3,CPA2020G
20191205,0256,265.60,265.60,265.60,265.60,5,CPA2020G
20191205,0601,266.50,266.55,266.50,266.55,6,CPA2020G
20191205,0602,266.50,266.50,266.50,266.50,6,CPA2020G
20191205,0644,266.50,266.50,266.50,266.50,12,CPA2020G
20191205,0655,266.45,266.45,266.45,266.45,1,CPA2020G
20191205,1036,265.45,265.45,265.45,265.45,5,CPA2020G
20191205,1059,265.85,265.85,265.85,265.85,4,CPA2020G
20191205,1259,265.85,265.85,265.85,265.85,0,CPA2020G
20191205,1550,266.00,266.00,266.00,266.00,1,CPA2020G
20191206,0253,267.05,267.05,267.05,267.05,5,CPA2020G
20191206,0600,266.50,266.50,266.50,266.50,5,CPA2020G
20191206,1012,269.65,269.65,269.65,269.65,1,CPA2020G
20191206,1035,271.05,271.05,271.05,271.05,3,CPA2020G
20191206,1036,271.10,271.10,271.10,271.10,3,CPA2020G
20191206,1203,271.40,271.40,271.40,271.40,1,CPA2020G
20191206,1235,271.70,271.70,271.70,271.70,1,CPA2020G
20191206,1259,272.05,272.05,272.05,272.05,0,CPA2020G
20191206,1439,272.85,272.85,272.85,272.85,2,CPA2020G
20191206,1441,273.00,273.00,273.00,273.00,12,CPA2020G
20191206,1448,273.35,273.35,273.35,273.35,1,CPA2020G
20191206,1504,273.35,273.35,273.35,273.35,1,CPA2020G
20191206,1506,273.35,273.35,273.35,273.35,1,CPA2020G
20191206,1551,273.50,273.50,273.50,273.50,1,CPA2020G
20191206,1559,274.75,274.75,274.75,274.75,1,CPA2020G
20191206,1612,274.25,274.25,274.25,274.25,2,CPA2020G
20191208,1843,273.55,273.55,273.55,273.55,1,CPA2020G
20191208,1940,273.00,273.00,273.00,273.00,2,CPA2020G
20191208,2059,272.45,272.45,272.45,272.45,1,CPA2020G
20191208,2329,272.70,272.70,272.70,272.70,4,CPA2020G
20191208,2331,272.65,272.65,272.65,272.65,4,CPA2020G
20191209,0212,273.10,273.10,273.10,273.10,1,CPA2020G
20191209,0400,272.05,272.05,272.05,272.05,1,CPA2020G
20191209,0546,272.50,272.50,272.50,272.50,3,CPA2020G
20191209,0840,274.10,274.10,274.10,274.10,1,CPA2020G
20191209,0925,273.85,273.85,273.85,273.85,6,CPA2020G
20191209,0931,274.10,274.15,274.10,274.15,9,CPA2020G
20191209,0932,274.20,274.20,274.15,274.15,20,CPA2020G
20191209,0934,274.25,274.25,274.25,274.25,3,CPA2020G
20191209,0937,274.25,274.25,274.25,274.25,3,CPA2020G
20191209,0938,274.30,274.30,274.30,274.30,3,CPA2020G
20191209,0939,274.35,274.35,274.35,274.35,7,CPA2020G
20191209,1002,274.90,274.90,274.90,274.90,2,CPA2020G
20191209,1101,274.80,274.80,274.80,274.80,2,CPA2020G
20191209,1144,275.00,275.00,275.00,275.00,1,CPA2020G
20191209,1205,275.15,275.15,275.15,275.15,1,CPA2020G
20191209,1240,275.65,275.65,275.65,275.65,1,CPA2020G
20191209,1259,275.40,275.40,275.40,275.40,0,CPA2020G
20191209,1330,275.25,275.25,275.25,275.25,10,CPA2020G
20191209,1339,275.25,275.25,275.25,275.25,10,CPA2020G
20191209,1438,275.00,275.00,275.00,275.00,1,CPA2020G
20191209,1523,275.20,275.20,275.20,275.20,3,CPA2020G
20191209,2106,274.55,274.55,274.55,274.55,5,CPA2020G
20191209,2107,274.50,274.50,274.50,274.50,13,CPA2020G
20191209,2109,274.50,274.50,274.45,274.45,18,CPA2020G
20191210,0046,274.90,274.90,274.90,274.90,1,CPA2020G
20191210,0255,276.10,276.10,276.10,276.10,1,CPA2020G
20191210,0307,276.00,276.00,276.00,276.00,5,CPA2020G
20191210,0334,275.85,275.85,275.85,275.85,1,CPA2020G
20191210,0341,275.75,275.75,275.75,275.75,8,CPA2020G
20191210,1251,276.25,276.25,276.25,276.25,6,CPA2020G
20191210,1259,276.15,276.15,276.15,276.15,0,CPA2020G
20191211,0119,277.00,277.00,277.00,277.00,5,CPA2020G
20191211,0149,276.90,276.90,276.90,276.90,1,CPA2020G
20191211,0352,276.75,276.75,276.75,276.75,1,CPA2020G
20191211,0400,276.80,276.80,276.80,276.80,1,CPA2020G
20191211,0436,277.10,277.10,277.10,277.10,1,CPA2020G
20191211,0547,277.30,277.30,277.30,277.30,1,CPA2020G
20191211,0639,277.15,277.15,277.15,277.15,5,CPA2020G
20191211,0758,277.05,277.05,277.05,277.05,1,CPA2020G
20191211,0810,277.90,277.90,277.90,277.90,5,CPA2020G
20191211,1045,279.15,279.15,279.05,279.05,40,CPA2020G
20191211,1053,278.70,278.70,278.70,278.70,1,CPA2020G
20191211,1101,278.30,278.55,278.30,278.55,3,CPA2020G
20191211,1138,279.15,279.15,279.15,279.15,4,CPA2020G
20191211,1259,278.45,278.55,278.45,278.55,1,CPA2020G
20191212,0703,277.80,277.80,277.80,277.80,5,CPA2020G
20191212,0734,277.60,277.60,277.60,277.60,1,CPA2020G
20191212,0744,277.80,277.80,277.80,277.80,5,CPA2020G
20191212,0809,277.00,277.00,277.00,277.00,10,CPA2020G
20191212,0814,276.90,276.90,276.90,276.90,1,CPA2020G
20191212,0840,276.75,276.75,276.75,276.75,1,CPA2020G
20191212,1008,279.75,279.75,279.75,279.75,1,CPA2020G
20191212,1013,279.35,279.35,279.35,279.35,1,CPA2020G
20191212,1018,280.00,280.00,280.00,280.00,1,CPA2020G
20191212,1022,279.85,279.85,279.85,279.85,1,CPA2020G
20191212,1103,278.85,278.85,278.85,278.85,1,CPA2020G
20191212,1119,278.50,278.50,278.50,278.50,1,CPA2020G
20191212,1259,279.25,279.25,279.25,279.25,0,CPA2020G
20191212,1305,279.45,279.45,279.45,279.45,4,CPA2020G
20191212,1427,279.20,279.20,279.20,279.20,2,CPA2020G
20191212,1447,280.90,280.90,280.90,280.90,1,CPA2020G
20191212,1452,280.75,280.75,280.75,280.75,1,CPA2020G
20191212,1555,280.80,280.80,280.80,280.80,4,CPA2020G
20191212,1605,280.50,280.50,280.50,280.50,2,CPA2020G
20191212,1643,280.70,280.70,280.70,280.70,2,CPA2020G
20191212,1644,280.70,280.70,280.70,280.70,1,CPA2020G
20191212,1801,281.60,281.60,281.60,281.60,2,CPA2020G
20191212,1804,281.85,282.25,281.85,282.25,2,CPA2020G
20191212,1806,282.50,282.50,282.50,282.50,2,CPA2020G
20191212,1901,282.00,282.00,282.00,282.00,1,CPA2020G
20191212,1953,281.15,281.15,281.15,281.15,1,CPA2020G
20191212,2224,281.40,281.40,281.40,281.40,1,CPA2020G
20191213,0445,279.65,279.65,279.65,279.65,3,CPA2020G
20191213,0452,280.00,280.00,280.00,280.00,2,CPA2020G
20191213,0519,280.45,280.45,280.45,280.45,1,CPA2020G
20191213,0646,280.10,280.10,280.10,280.10,1,CPA2020G
20191213,0722,279.95,279.95,279.95,279.95,3,CPA2020G
20191213,0740,280.55,280.55,280.55,280.55,1,CPA2020G
20191213,0800,280.15,280.15,280.05,280.05,3,CPA2020G
20191213,0842,281.50,281.50,281.50,281.50,1,CPA2020G
20191213,0843,281.40,281.40,281.40,281.40,1,CPA2020G
20191213,0855,281.05,281.05,281.05,281.05,1,CPA2020G
20191213,0907,280.00,280.00,280.00,280.00,1,CPA2020G
20191213,0922,278.05,278.05,277.95,277.95,14,CPA2020G
20191213,1013,280.90,280.90,280.90,280.90,1,CPA2020G
20191213,1104,277.10,277.10,277.10,277.10,2,CPA2020G
20191213,1118,276.75,276.75,276.75,276.75,1,CPA2020G
20191213,1149,277.30,277.30,277.30,277.30,5,CPA2020G
20191213,1150,277.50,277.55,277.50,277.55,9,CPA2020G
20191213,1219,277.70,277.70,277.70,277.70,2,CPA2020G
20191213,1224,277.50,277.50,277.50,277.50,1,CPA2020G
20191213,1259,277.75,277.75,277.75,277.75,0,CPA2020G
20191213,1348,278.20,278.20,278.20,278.20,1,CPA2020G
20191213,1607,277.90,277.90,277.90,277.90,1,CPA2020G
20191215,2054,278.85,278.85,278.85,278.85,1,CPA2020G
20191215,2140,278.60,278.60,278.60,278.60,2,CPA2020G
20191215,2340,278.55,278.55,278.55,278.55,1,CPA2020G
20191216,0151,279.20,279.20,279.20,279.20,1,CPA2020G
20191216,0355,280.15,280.15,280.15,280.15,2,CPA2020G
20191216,0653,280.20,280.20,280.20,280.20,1,CPA2020G
20191216,0654,280.20,280.20,280.20,280.20,2,CPA2020G
20191216,0700,280.20,280.20,280.20,280.20,5,CPA2020G
20191216,0814,281.00,281.00,281.00,281.00,5,CPA2020G
20191216,0843,280.75,280.75,280.70,280.70,2,CPA2020G
20191216,0857,281.00,281.00,281.00,281.00,2,CPA2020G
20191216,0916,280.90,280.90,280.90,280.90,1,CPA2020G
20191216,0956,280.75,280.75,280.75,280.75,4,CPA2020G
20191216,1000,280.85,280.85,280.85,280.85,4,CPA2020G
20191216,1006,281.40,281.40,281.40,281.40,1,CPA2020G
20191216,1009,281.40,281.40,281.40,281.40,1,CPA2020G
20191216,1010,281.45,281.45,281.45,281.45,6,CPA2020G
20191216,1029,280.85,280.85,280.85,280.85,2,CPA2020G
20191216,1128,281.10,281.10,281.10,281.10,1,CPA2020G
20191216,1239,280.80,280.80,280.80,280.80,1,CPA2020G
20191216,1259,280.90,280.90,280.90,280.90,0,CPA2020G
20191216,2045,280.70,280.70,280.70,280.70,3,CPA2020G
20191216,2047,280.65,280.65,280.65,280.65,3,CPA2020G
20191217,0049,281.55,281.55,281.55,281.55,1,CPA2020G
20191217,0051,281.60,281.60,281.60,281.60,2,CPA2020G
20191217,0052,281.65,281.65,281.65,281.65,8,CPA2020G
20191217,0242,281.45,281.45,281.45,281.45,1,CPA2020G
20191217,0259,281.40,281.40,281.40,281.40,4,CPA2020G
20191217,0833,280.60,280.60,280.60,280.60,1,CPA2020G
20191217,0950,280.80,280.80,280.80,280.80,1,CPA2020G
20191217,1000,281.00,281.00,281.00,281.00,1,CPA2020G
20191217,1116,281.25,281.25,281.25,281.25,1,CPA2020G
20191217,1134,281.05,281.05,281.05,281.05,1,CPA2020G
20191217,1217,280.50,280.50,280.50,280.50,1,CPA2020G
20191217,1259,281.15,281.25,281.15,281.25,2,CPA2020G
20191217,1300,281.15,281.15,281.15,281.15,1,CPA2020G
20191217,1534,280.75,280.75,280.70,280.70,13,CPA2020G
20191218,0111,279.45,279.45,279.45,279.45,1,CPA2020G
20191218,0756,279.95,279.95,279.95,279.95,1,CPA2020G
20191218,0935,279.80,279.80,279.80,279.80,1,CPA2020G
20191218,0951,280.00,280.00,280.00,280.00,1,CPA2020G
20191218,0953,279.85,279.85,279.70,279.70,2,CPA2020G
20191218,1259,281.05,281.10,281.05,281.10,1,CPA2020G
20191218,1333,280.85,280.85,280.85,280.85,3,CPA2020G
20191218,1546,280.90,280.90,280.90,280.90,1,CPA2020G
20191219,0356,280.05,280.05,280.05,280.05,5,CPA2020G
20191219,0413,281.00,281.00,281.00,281.00,3,CPA2020G
20191219,0506,281.00,281.00,281.00,281.00,1,CPA2020G
20191219,0512,281.05,281.05,281.05,281.05,1,CPA2020G
20191219,0811,281.30,281.30,281.30,281.30,1,CPA2020G
20191219,0909,281.15,281.15,281.15,281.15,1,CPA2020G
20191219,1035,281.70,281.70,281.70,281.70,1,CPA2020G
20191219,1049,282.00,282.00,282.00,282.00,5,CPA2020G
20191219,1154,282.20,282.20,282.20,282.20,4,CPA2020G
20191219,1155,282.20,282.20,282.20,282.20,6,CPA2020G
20191219,1157,282.15,282.15,282.15,282.15,1,CPA2020G
20191219,1235,282.60,282.60,282.60,282.60,1,CPA2020G
20191219,1245,282.30,282.30,282.30,282.30,1,CPA2020G
20191219,1259,282.50,282.65,282.50,282.65,1,CPA2020G
20191219,1302,282.50,282.50,282.50,282.50,1,CPA2020G
20191219,1340,282.45,282.45,282.45,282.45,10,CPA2020G
20191219,1406,282.40,282.40,282.40,282.40,1,CPA2020G
20191219,1521,282.15,282.15,282.15,282.15,4,CPA2020G
20191219,1800,282.45,282.55,282.45,282.55,16,CPA2020G
20191219,1930,282.20,282.20,282.20,282.20,7,CPA2020G
20191219,1931,282.15,282.15,282.15,282.15,2,CPA2020G
20191219,2244,282.30,282.30,282.30,282.30,4,CPA2020G
20191220,0118,280.75,280.75,280.75,280.75,1,CPA2020G
20191220,0810,280.30,280.30,280.30,280.30,5,CPA2020G
20191220,0811,280.30,280.30,280.30,280.30,1,CPA2020G
20191220,1016,280.40,280.40,280.40,280.40,2,CPA2020G
20191220,1055,280.55,280.55,280.55,280.55,5,CPA2020G
20191220,1247,280.40,280.40,280.40,280.40,1,CPA2020G
20191220,1259,280.45,280.50,280.45,280.50,2,CPA2020G
20191220,1307,280.45,280.45,280.45,280.45,1,CPA2020G
20191220,1546,279.75,279.75,279.75,279.75,1,CPA2020G
20191222,1821,280.10,280.10,280.10,280.10,1,CPA2020G
20191222,2036,279.80,279.80,279.80,279.80,1,CPA2020G
20191222,2157,279.40,279.40,279.40,279.40,5,CPA2020G
20191223,0227,279.65,279.65,279.65,279.65,5,CPA2020G
20191223,0430,280.40,280.40,280.40,280.40,1,CPA2020G
20191223,0443,280.40,280.40,280.40,280.40,1,CPA2020G
20191223,0529,280.70,280.70,280.70,280.70,1,CPA2020G
20191223,0943,280.15,280.15,280.15,280.15,1,CPA2020G
20191223,0959,280.15,280.15,280.15,280.15,1,CPA2020G
20191223,1007,280.55,280.55,280.55,280.55,1,CPA2020G
20191223,1040,280.55,280.55,280.55,280.55,1,CPA2020G
20191223,1206,280.55,280.55,280.55,280.55,1,CPA2020G
20191223,1259,280.95,280.95,280.95,280.95,0,CPA2020G
20191223,1343,280.60,280.60,280.60,280.60,1,CPA2020G
20191223,1357,280.60,280.60,280.60,280.60,2,CPA2020G
20191224,0103,281.85,281.85,281.80,281.80,11,CPA2020G
20191224,0104,281.80,281.80,281.80,281.80,7,CPA2020G
20191224,0108,281.75,281.75,281.75,281.75,1,CPA2020G
20191224,0110,282.30,282.30,282.30,282.30,1,CPA2020G
20191224,0121,282.40,282.40,282.40,282.40,1,CPA2020G
20191224,0136,282.50,282.50,282.50,282.50,1,CPA2020G
20191224,0304,281.80,281.80,281.80,281.80,1,CPA2020G
20191224,0305,281.75,281.75,281.75,281.75,1,CPA2020G
20191224,0310,281.80,281.80,281.80,281.80,5,CPA2020G
20191224,0351,282.30,282.30,282.30,282.30,1,CPA2020G
20191224,0352,282.35,282.35,282.35,282.35,1,CPA2020G
20191224,0516,282.90,283.00,282.90,283.00,3,CPA2020G
20191224,0737,282.10,282.10,282.10,282.10,1,CPA2020G
20191224,0744,282.05,282.05,282.05,282.05,1,CPA2020G
20191224,0802,281.80,281.80,281.80,281.80,2,CPA2020G
20191224,0832,281.60,281.60,281.60,281.60,2,CPA2020G
20191224,0833,281.60,281.60,281.60,281.60,3,CPA2020G
20191224,0843,281.20,281.20,281.20,281.20,5,CPA2020G
20191224,0852,281.60,281.60,281.60,281.60,1,CPA2020G
20191224,0957,282.05,282.05,282.05,282.05,1,CPA2020G
20191224,1140,282.25,282.25,282.25,282.25,1,CPA2020G
20191224,1159,282.50,282.65,282.50,282.65,1,CPA2020G
20191224,1228,282.30,282.30,282.30,282.30,1,CPA2020G
20191226,0420,283.30,283.30,283.25,283.25,2,CPA2020G
20191226,0609,283.35,283.35,283.35,283.35,1,CPA2020G
20191226,0637,283.65,283.65,283.65,283.65,1,CPA2020G
20191226,0709,283.95,283.95,283.95,283.95,1,CPA2020G
20191226,0710,284.00,284.00,284.00,284.00,2,CPA2020G
20191226,0721,283.55,283.55,283.50,283.50,2,CPA2020G
20191226,0842,284.25,284.25,284.25,284.25,1,CPA2020G
20191226,0850,283.80,283.80,283.80,283.80,2,CPA2020G
20191226,0905,284.00,284.00,284.00,284.00,1,CPA2020G
20191226,0957,284.35,284.35,284.35,284.35,1,CPA2020G
20191226,0958,284.35,284.35,284.35,284.35,2,CPA2020G
20191226,1042,285.15,285.15,285.15,285.15,1,CPA2020G
20191226,1053,285.45,285.45,285.45,285.45,1,CPA2020G
20191226,1058,285.50,285.50,285.50,285.50,5,CPA2020G
20191226,1101,285.50,285.50,285.50,285.50,3,CPA2020G
20191226,1259,284.60,284.75,284.60,284.75,1,CPA2020G
20191226,1800,284.90,284.90,284.85,284.85,6,CPA2020G
20191226,1837,284.85,284.85,284.85,284.85,1,CPA2020G
20191226,1857,284.70,284.70,284.70,284.70,1,CPA2020G
20191226,1915,284.85,284.85,284.85,284.85,2,CPA2020G
20191226,1923,284.75,284.75,284.75,284.75,1,CPA2020G
20191226,1925,284.70,284.70,284.70,284.70,1,CPA2020G
20191226,1929,284.65,284.65,284.65,284.65,1,CPA2020G
20191226,1959,284.65,284.65,284.65,284.65,1,CPA2020G
20191226,2000,284.55,284.55,284.55,284.55,1,CPA2020G
20191226,2002,283.95,283.95,283.80,283.80,2,CPA2020G
20191226,2151,284.55,284.55,284.55,284.55,22,CPA2020G
20191227,0300,284.55,284.55,284.55,284.55,4,CPA2020G
20191227,0314,284.10,284.10,284.10,284.10,5,CPA2020G
20191227,0315,284.10,284.10,284.10,284.10,4,CPA2020G
20191227,0357,283.45,283.45,283.45,283.45,1,CPA2020G
20191227,0417,283.95,283.95,283.95,283.95,1,CPA2020G
20191227,0503,283.70,283.70,283.70,283.70,1,CPA2020G
20191227,0606,283.80,283.80,283.80,283.80,1,CPA2020G
20191227,0650,283.15,283.15,283.15,283.15,1,CPA2020G
20191227,0737,283.15,283.15,283.15,283.15,1,CPA2020G
20191227,0841,283.30,283.30,283.30,283.30,1,CPA2020G
20191227,0849,283.30,283.30,283.30,283.30,2,CPA2020G
20191227,0858,282.75,282.75,282.75,282.75,1,CPA2020G
20191227,0901,282.55,282.55,282.55,282.55,1,CPA2020G
20191227,0902,282.35,282.35,282.35,282.35,1,CPA2020G
20191227,0904,282.50,282.50,282.50,282.50,2,CPA2020G
20191227,0930,282.05,282.05,282.05,282.05,2,CPA2020G
20191227,1053,281.80,281.80,281.80,281.80,18,CPA2020G
20191227,1115,281.70,281.70,281.60,281.60,2,CPA2020G
20191227,1150,281.95,282.00,281.95,282.00,2,CPA2020G
20191227,1208,282.15,282.15,282.15,282.15,1,CPA2020G
20191227,1259,282.75,282.75,282.75,282.75,0,CPA2020G
20191229,1811,282.45,282.45,282.45,282.45,1,CPA2020G
20191229,1812,282.40,282.40,282.40,282.40,1,CPA2020G
20191229,1819,282.50,282.50,282.50,282.50,1,CPA2020G
20191229,1821,282.45,282.45,282.45,282.45,1,CPA2020G
20191229,1824,282.50,282.50,282.50,282.50,1,CPA2020G
20191229,1901,282.55,282.55,282.55,282.55,1,CPA2020G
20191229,1907,282.50,282.50,282.50,282.50,1,CPA2020G
20191229,1923,282.25,282.25,282.25,282.25,1,CPA2020G
20191229,1931,282.20,282.20,282.20,282.20,2,CPA2020G
20191229,1944,282.05,282.05,282.05,282.05,1,CPA2020G
20191229,1958,282.10,282.10,282.10,282.10,1,CPA2020G
20191229,1959,282.05,282.05,282.05,282.05,1,CPA2020G
20191229,2000,282.10,282.10,282.10,282.10,2,CPA2020G
20191230,0246,283.25,283.25,283.25,283.25,5,CPA2020G
20191230,0408,282.25,282.25,282.25,282.25,1,CPA2020G
20191230,1030,282.15,282.15,282.15,282.15,1,CPA2020G
20191230,1113,282.00,282.00,282.00,282.00,2,CPA2020G
20191230,1138,281.95,281.95,281.95,281.95,2,CPA2020G
20191230,1228,282.70,282.70,282.70,282.70,2,CPA2020G
20191230,1258,282.85,282.85,282.85,282.85,1,CPA2020G
20191230,1259,283.05,283.20,283.05,283.20,1,CPA2020G
20191230,1300,282.85,282.85,282.85,282.85,1,CPA2020G
20191230,1341,281.95,281.95,281.95,281.95,1,CPA2020G
20191230,1507,281.70,281.70,281.70,281.70,1,CPA2020G
20191231,0230,280.50,280.50,280.40,280.40,2,CPA2020G
20191231,0411,281.00,281.00,281.00,281.00,1,CPA2020G
20191231,0544,280.40,280.40,280.40,280.40,1,CPA2020G
20191231,0758,280.15,280.15,280.15,280.15,1,CPA2020G
20191231,0802,280.35,280.35,280.35,280.35,1,CPA2020G
20191231,1148,280.40,280.40,280.40,280.40,4,CPA2020G
20191231,1159,279.85,279.85,279.85,279.85,1,CPA2020G
20191231,1255,279.65,279.65,279.65,279.65,2,CPA2020G
20191231,1259,279.55,279.60,279.55,279.60,2,CPA2020G
20191231,1300,279.50,279.50,279.50,279.50,1,CPA2020G
20191231,1357,279.70,279.70,279.70,279.70,1,CPA2020G
20191231,1446,279.55,279.55,279.55,279.55,1,CPA2020G
20200101,1800,280.20,280.45,280.20,280.45,43,CPA2020G
20200101,1949,280.60,280.60,280.60,280.60,5,CPA2020G
20200101,1959,280.60,280.60,280.60,280.60,11,CPA2020G
20200101,2230,282.15,282.15,282.15,282.15,1,CPA2020G
20200102,0059,282.15,282.15,282.15,282.15,1,CPA2020G
20200102,0120,281.90,281.90,281.90,281.90,1,CPA2020G
20200102,0413,282.00,282.00,282.00,282.00,1,CPA2020G
20200102,0454,281.65,281.65,281.65,281.65,1,CPA2020G
20200102,0904,279.25,279.35,279.25,279.35,3,CPA2020G
20200102,0927,279.75,279.75,279.75,279.75,1,CPA2020G
20200102,1003,279.80,279.80,279.80,279.80,1,CPA2020G
20200102,1031,280.45,280.45,280.45,280.45,3,CPA2020G
20200102,1158,280.55,280.55,280.55,280.55,2,CPA2020G
20200102,1233,281.80,281.80,281.80,281.80,8,CPA2020G
20200102,1234,282.05,282.05,282.05,282.05,1,CPA2020G
20200102,1242,282.50,282.50,282.50,282.50,1,CPA2020G
20200102,1247,282.80,282.80,282.80,282.80,11,CPA2020G
20200102,1249,282.65,282.65,282.65,282.65,1,CPA2020G
20200102,1259,282.70,282.80,282.70,282.80,7,CPA2020G
20200102,1300,282.80,282.80,282.80,282.80,5,CPA2020G
20200102,1450,282.40,282.40,282.40,282.40,1,CPA2020G
20200102,1544,282.35,282.35,282.35,282.35,1,CPA2020G
20200103,0233,279.10,279.10,279.10,279.10,3,CPA2020G
20200103,0235,279.20,279.20,279.20,279.20,1,CPA2020G
20200103,0236,279.10,279.10,279.10,279.10,1,CPA2020G
20200103,0246,279.10,279.10,279.10,279.10,1,CPA2020G
20200103,0329,278.95,278.95,278.95,278.95,1,CPA2020G
20200103,0448,278.70,278.70,278.20,278.20,2,CPA2020G
20200103,0451,278.15,278.15,278.15,278.15,1,CPA2020G
20200103,0510,277.30,277.30,277.30,277.30,1,CPA2020G
20200103,0511,277.30,277.30,277.25,277.25,6,CPA2020G
20200103,0512,277.15,277.15,277.15,277.15,4,CPA2020G
20200103,0515,277.40,277.40,277.40,277.40,1,CPA2020G
20200103,0538,276.85,276.85,276.85,276.85,1,CPA2020G
20200103,0625,276.35,276.35,276.35,276.35,1,CPA2020G
20200103,0632,276.15,276.15,276.15,276.15,1,CPA2020G
20200103,0729,277.05,277.15,277.05,277.15,15,CPA2020G
20200103,0821,278.35,278.35,278.35,278.35,3,CPA2020G
20200103,0822,278.40,278.40,278.40,278.40,12,CPA2020G
20200103,0900,278.95,278.95,278.95,278.95,2,CPA2020G
20200103,0916,278.95,279.00,278.95,279.00,22,CPA2020G
20200103,0924,279.10,279.10,279.10,279.10,1,CPA2020G
20200103,0933,279.30,279.30,279.30,279.30,15,CPA2020G
20200103,1032,278.45,278.45,278.45,278.45,1,CPA2020G
20200103,1157,278.65,278.65,278.65,278.65,1,CPA2020G
20200103,1259,278.90,279.10,278.90,279.05,10,CPA2020G
20200103,1300,279.05,279.05,279.05,279.05,1,CPA2020G
20200103,1419,278.80,278.80,278.80,278.80,7,CPA2020G
20200105,1814,277.55,277.55,277.40,277.40,11,CPA2020G
20200105,1815,277.40,277.40,277.40,277.40,9,CPA2020G
20200105,1820,277.30,277.30,277.30,277.30,1,CPA2020G
20200105,1822,277.25,277.25,277.25,277.25,6,CPA2020G
20200105,1823,277.30,277.30,277.30,277.30,1,CPA2020G
20200105,1825,277.20,277.20,277.10,277.10,13,CPA2020G
20200105,1826,277.05,277.05,277.00,277.00,15,CPA2020G
20200105,1833,277.00,277.00,277.00,277.00,5,CPA2020G
20200105,1834,277.00,277.00,277.00,277.00,2,CPA2020G
20200105,1835,276.85,276.85,276.75,276.75,13,CPA2020G
20200105,1837,277.00,277.00,277.00,277.00,6,CPA2020G
20200105,2017,278.80,278.80,278.80,278.80,1,CPA2020G
20200105,2024,279.15,279.15,279.15,279.15,1,CPA2020G
20200106,0121,278.40,278.40,278.40,278.40,2,CPA2020G
20200106,0122,278.40,278.40,278.40,278.40,4,CPA2020G
20200106,0145,277.95,277.95,277.95,277.95,4,CPA2020G
20200106,1001,277.95,277.95,277.95,277.95,3,CPA2020G
20200106,1014,277.90,277.90,277.90,277.90,1,CPA2020G
20200106,1030,277.95,277.95,277.95,277.95,1,CPA2020G
20200106,1052,278.00,278.00,278.00,278.00,1,CPA2020G
20200106,1106,278.00,278.00,278.00,278.00,1,CPA2020G
20200106,1140,277.90,277.90,277.90,277.90,2,CPA2020G
20200106,1149,278.15,278.15,278.15,278.15,10,CPA2020G
20200106,1150,278.40,278.40,278.40,278.40,10,CPA2020G
20200106,1235,279.15,279.15,279.15,279.15,2,CPA2020G
20200106,1254,278.95,278.95,278.95,278.95,4,CPA2020G
20200106,1259,279.25,279.40,279.15,279.30,13,CPA2020G
20200106,1300,279.20,279.20,279.20,279.20,1,CPA2020G
20200107,0518,279.85,279.85,279.85,279.85,1,CPA2020G
20200107,0857,278.95,278.95,278.95,278.95,1,CPA2020G
20200107,0939,278.95,278.95,278.95,278.95,1,CPA2020G
20200107,1037,279.00,279.00,279.00,279.00,2,CPA2020G
20200107,1049,278.85,278.85,278.85,278.85,1,CPA2020G
20200107,1146,278.90,278.90,278.90,278.90,6,CPA2020G
20200107,1205,279.10,279.10,279.10,279.10,2,CPA2020G
20200107,1206,279.10,279.10,279.10,279.10,1,CPA2020G
20200107,1210,279.15,279.15,279.15,279.15,2,CPA2020G
20200107,1247,279.50,279.50,279.50,279.50,1,CPA2020G
20200107,1259,279.65,279.80,279.65,279.75,15,CPA2020G
20200107,1542,279.90,279.90,279.90,279.90,1,CPA2020G
20200108,0809,281.50,281.60,281.50,281.60,5,CPA2020G
20200108,0935,280.55,280.55,280.55,280.55,1,CPA2020G
20200108,1035,279.60,279.60,279.55,279.55,2,CPA2020G
20200108,1036,279.65,279.65,279.65,279.65,1,CPA2020G
20200108,1043,279.95,279.95,279.95,279.95,4,CPA2020G
20200108,1115,279.60,279.60,279.60,279.60,2,CPA2020G
20200108,1117,279.60,279.60,279.60,279.60,1,CPA2020G
20200108,1149,280.55,280.55,280.55,280.55,2,CPA2020G
20200108,1151,280.80,280.80,280.80,280.80,1,CPA2020G
20200108,1156,280.95,280.95,280.95,280.95,1,CPA2020G
20200108,1258,281.60,281.60,281.60,281.60,1,CPA2020G
20200108,1259,281.60,281.70,281.45,281.55,12,CPA2020G
20200108,1300,281.30,281.30,281.30,281.30,1,CPA2020G
20200108,1304,281.40,281.40,281.40,281.40,1,CPA2020G
20200108,1533,281.40,281.40,281.40,281.40,1,CPA2020G
20200108,1544,281.40,281.40,281.40,281.40,1,CPA2020G
20200108,2000,281.40,281.40,281.40,281.40,1,CPA2020G
20200108,2309,281.75,281.75,281.75,281.75,5,CPA2020G
20200108,2314,281.70,281.70,281.70,281.70,5,CPA2020G
20200109,0033,281.70,281.70,281.70,281.70,3,CPA2020G
20200109,0106,281.70,281.70,281.70,281.70,1,CPA2020G
20200109,0324,281.50,281.50,281.50,281.50,4,CPA2020G
20200109,0436,281.05,281.05,281.05,281.05,1,CPA2020G
20200109,0819,280.80,280.80,280.80,280.80,1,CPA2020G
20200109,0841,280.60,280.60,280.60,280.60,20,CPA2020G
20200109,0909,280.90,280.90,280.90,280.90,1,CPA2020G
20200109,1153,280.70,280.70,280.70,280.70,1,CPA2020G
20200109,1259,280.55,280.55,280.45,280.55,10,CPA2020G
20200109,1300,280.45,280.45,280.45,280.45,1,CPA2020G
20200109,1326,279.75,279.75,279.75,279.75,1,CPA2020G
20200110,0028,280.60,280.75,280.60,280.75,2,CPA2020G
20200110,0242,280.90,280.90,280.90,280.90,1,CPA2020G
20200110,0243,280.85,280.85,280.85,280.85,1,CPA2020G
20200110,0400,280.70,280.70,280.70,280.70,1,CPA2020G
20200110,0430,280.75,280.75,280.75,280.75,5,CPA2020G
20200110,0953,280.70,280.70,280.70,280.70,1,CPA2020G
20200110,1008,280.60,280.60,280.60,280.60,3,CPA2020G
20200110,1107,282.70,282.70,282.70,282.70,2,CPA2020G
20200110,1149,281.25,281.25,281.25,281.25,4,CPA2020G
20200110,1259,281.55,281.75,281.55,281.65,12,CPA2020G
20200110,1300,281.55,281.55,281.55,281.55,1,CPA2020G
20200110,1633,281.40,281.40,281.40,281.40,1,CPA2020G
20200113,0720,281.60,281.60,281.60,281.60,1,CPA2020G
20200113,0722,281.70,281.70,281.70,281.70,1,CPA2020G
20200113,0836,283.00,283.00,283.00,283.00,5,CPA2020G
20200113,0931,283.65,283.65,283.65,283.65,1,CPA2020G
20200113,0945,284.00,284.00,284.00,284.00,3,CPA2020G
20200113,0955,284.50,284.50,284.50,284.50,1,CPA2020G
20200113,1022,284.80,284.80,284.80,284.80,1,CPA2020G
20200113,1023,285.10,285.10,285.10,285.10,2,CPA2020G
20200113,1036,285.55,285.60,285.55,285.60,35,CPA2020G
20200113,1058,286.05,286.05,286.05,286.05,1,CPA2020G
20200113,1123,285.55,285.55,285.55,285.55,1,CPA2020G
20200113,1137,286.00,286.00,286.00,286.00,2,CPA2020G
20200113,1222,285.80,285.80,285.80,285.80,1,CPA2020G
20200113,1259,286.15,286.25,286.05,286.20,14,CPA2020G
20200113,1311,286.15,286.15,286.15,286.15,1,CPA2020G
20200113,1418,286.00,286.00,286.00,286.00,10,CPA2020G
20200113,1429,286.10,286.10,286.10,286.10,1,CPA2020G
20200113,1436,286.15,286.15,286.15,286.15,1,CPA2020G
20200113,1502,285.90,285.90,285.90,285.90,1,CPA2020G
20200113,1532,285.50,285.50,285.50,285.50,2,CPA2020G
20200113,1633,285.70,285.70,285.70,285.70,1,CPA2020G
20200113,1800,285.55,285.55,285.55,285.55,3,CPA2020G
20200113,1801,285.40,285.40,285.40,285.40,30,CPA2020G
20200113,1802,285.40,285.55,285.40,285.55,2,CPA2020G
20200113,2037,285.35,285.35,285.35,285.35,7,CPA2020G
20200114,0815,286.65,286.65,286.65,286.65,1,CPA2020G
20200114,0826,286.90,286.90,286.90,286.90,1,CPA2020G
20200114,0838,287.00,287.00,287.00,287.00,2,CPA2020G
20200114,0859,286.40,286.40,286.40,286.40,1,CPA2020G
20200114,1029,286.05,286.05,286.05,286.05,1,CPA2020G
20200114,1129,286.65,286.65,286.65,286.65,1,CPA2020G
20200114,1234,287.15,287.15,287.15,287.15,1,CPA2020G
20200114,1235,287.15,287.15,287.15,287.15,1,CPA2020G
20200114,1256,287.20,287.20,287.20,287.20,1,CPA2020G
20200114,1257,287.30,287.30,287.30,287.30,2,CPA2020G
20200114,1259,287.30,287.40,287.25,287.40,11,CPA2020G
20200114,1311,287.05,287.05,287.05,287.05,1,CPA2020G
20200114,1340,286.80,286.80,286.80,286.80,3,CPA2020G
20200114,1438,286.80,286.80,286.80,286.80,1,CPA2020G
20200114,1523,286.65,286.65,286.65,286.65,1,CPA2020G
20200114,1825,286.45,286.45,286.45,286.45,3,CPA2020G
20200115,0050,284.85,284.85,284.85,284.85,1,CPA2020G
20200115,0214,285.25,285.30,285.25,285.30,2,CPA2020G
20200115,0232,285.20,285.20,285.20,285.20,1,CPA2020G
20200115,0245,285.20,285.20,285.20,285.20,1,CPA2020G
20200115,0313,284.55,284.55,284.55,284.55,3,CPA2020G
20200115,0341,284.45,284.45,284.45,284.45,2,CPA2020G
20200115,0542,284.35,284.35,284.25,284.25,2,CPA2020G
20200115,0701,284.65,284.65,284.65,284.65,1,CPA2020G
20200115,0901,284.75,284.75,284.75,284.75,10,CPA2020G
20200115,0919,285.35,285.35,285.35,285.35,2,CPA2020G
20200115,0920,285.35,285.35,285.35,285.35,2,CPA2020G
20200115,1000,285.55,285.55,285.55,285.55,1,CPA2020G
20200115,1011,285.75,285.75,285.75,285.75,5,CPA2020G
20200115,1135,286.05,286.05,286.05,286.05,1,CPA2020G
20200115,1253,286.25,286.30,286.25,286.30,2,CPA2020G
20200115,1259,286.75,286.75,286.55,286.65,3,CPA2020G
20200115,1300,286.65,286.65,286.65,286.65,2,CPA2020G
20200115,1301,286.75,286.75,286.75,286.75,3,CPA2020G
20200115,1307,286.75,286.75,286.75,286.75,6,CPA2020G
20200115,1455,286.60,286.60,286.60,286.60,3,CPA2020G
20200115,1641,286.40,286.40,286.40,286.40,1,CPA2020G
20200116,0113,285.50,285.50,285.50,285.50,1,CPA2020G
20200116,0258,285.40,285.40,285.40,285.40,2,CPA2020G
20200116,0628,288.00,288.00,288.00,288.00,1,CPA2020G
20200116,0810,288.05,288.05,288.05,288.05,1,CPA2020G
20200116,0834,288.50,288.50,288.45,288.45,2,CPA2020G
20200116,0851,288.10,288.10,288.10,288.10,1,CPA2020G
20200116,0943,287.20,287.20,287.20,287.20,1,CPA2020G
20200116,0946,287.15,287.15,287.15,287.15,1,CPA2020G
20200116,0948,286.90,286.95,286.90,286.95,2,CPA2020G
20200116,0951,286.95,286.95,286.95,286.95,1,CPA2020G
20200116,0958,286.95,286.95,286.95,286.95,1,CPA2020G
20200116,1206,285.60,285.60,285.60,285.60,1,CPA2020G
20200116,1259,284.70,284.75,284.70,284.75,2,CPA2020G
20200116,1300,284.70,284.70,284.65,284.65,9,CPA2020G
20200116,1415,284.80,284.80,284.80,284.80,1,CPA2020G
20200116,1418,284.80,284.80,284.80,284.80,4,CPA2020G
20200116,1501,284.85,284.85,284.85,284.85,5,CPA2020G
20200116,1631,285.15,285.15,285.15,285.15,1,CPA2020G
20200116,1809,285.30,285.30,285.30,285.30,1,CPA2020G
20200116,1812,285.30,285.30,285.30,285.30,2,CPA2020G
20200116,1931,285.30,285.30,285.30,285.30,1,CPA2020G
20200117,0202,286.45,286.45,286.45,286.45,1,CPA2020G
20200117,0204,286.45,286.45,286.45,286.45,1,CPA2020G
20200117,0355,287.30,287.30,287.30,287.30,9,CPA2020G
20200117,0414,287.00,287.00,286.90,286.90,4,CPA2020G
20200117,0416,286.85,286.85,286.85,286.85,1,CPA2020G
20200117,0429,287.00,287.00,287.00,287.00,2,CPA2020G
20200117,0442,286.85,286.85,286.85,286.85,4,CPA2020G
20200117,1025,285.75,285.75,285.75,285.75,1,CPA2020G
20200117,1117,284.65,284.65,284.65,284.65,1,CPA2020G
20200117,1138,284.70,284.70,284.70,284.70,4,CPA2020G
20200117,1139,284.65,284.65,284.65,284.65,10,CPA2020G
20200117,1259,284.60,284.65,284.55,284.65,14,CPA2020G
20200117,1349,284.80,284.80,284.80,284.80,1,CPA2020G
20200117,1501,284.75,284.75,284.75,284.75,4,CPA2020G
20200117,1518,284.85,284.85,284.85,284.85,1,CPA2020G
20200120,1207,284.35,284.35,284.35,284.35,7,CPA2020G
20200120,2042,282.25,282.25,282.25,282.25,1,CPA2020G
20200120,2214,280.75,280.75,280.75,280.75,1,CPA2020G
20200121,0120,280.60,280.60,280.60,280.60,1,CPA2020G
20200121,0759,280.70,280.70,280.70,280.70,5,CPA2020G
20200121,0812,280.80,280.80,280.80,280.80,18,CPA2020G
20200121,0813,280.80,280.80,280.80,280.80,22,CPA2020G
20200121,0817,280.60,280.60,280.60,280.60,3,CPA2020G
20200121,0824,281.15,281.15,281.15,281.15,1,CPA2020G
20200121,0848,281.15,281.15,281.15,281.15,2,CPA2020G
20200121,0858,280.90,280.90,280.90,280.90,2,CPA2020G
20200121,0938,281.30,281.30,281.25,281.25,7,CPA2020G
20200121,1025,280.55,280.55,280.55,280.55,16,CPA2020G
20200121,1046,280.35,280.35,280.35,280.35,1,CPA2020G
20200121,1259,279.25,279.45,279.25,279.45,12,CPA2020G
20200121,2352,279.80,279.80,279.80,279.80,4,CPA2020G
20200122,0923,277.70,277.70,277.70,277.70,1,CPA2020G
20200122,0929,277.70,277.75,277.70,277.75,21,CPA2020G
20200122,0930,277.75,277.75,277.75,277.75,19,CPA2020G
20200122,0933,277.70,277.70,277.70,277.70,1,CPA2020G
20200122,1056,276.90,276.90,276.90,276.90,1,CPA2020G
20200122,1106,276.85,276.85,276.85,276.85,1,CPA2020G
20200122,1135,276.90,276.90,276.90,276.90,1,CPA2020G
20200122,1246,276.65,276.65,276.65,276.65,1,CPA2020G
20200122,1259,276.55,276.55,276.55,276.55,0,CPA2020G
20200122,1300,276.50,276.50,276.50,276.50,3,CPA2020G
20200122,1301,276.50,276.50,276.50,276.50,7,CPA2020G
20200122,1333,276.50,276.50,276.50,276.50,2,CPA2020G
20200123,0026,275.45,275.45,275.40,275.40,3,CPA2020G
20200123,0155,275.75,275.75,275.75,275.75,1,CPA2020G
20200123,0808,275.00,275.00,275.00,275.00,6,CPA2020G
20200123,0810,275.00,275.00,275.00,275.00,34,CPA2020G
20200123,0818,274.00,274.00,274.00,274.00,20,CPA2020G
20200123,0834,274.95,274.95,274.90,274.90,4,CPA2020G
20200123,0920,274.00,274.00,274.00,274.00,4,CPA2020G
20200123,0936,273.30,273.30,273.20,273.20,11,CPA2020G
20200123,0940,273.50,273.50,273.50,273.50,2,CPA2020G
20200123,0947,273.00,273.00,273.00,273.00,2,CPA2020G
20200123,0948,272.90,272.90,272.90,272.90,1,CPA2020G
20200123,0949,272.85,272.85,272.85,272.85,2,CPA2020G
20200123,1005,273.10,273.30,273.10,273.30,11,CPA2020G
20200123,1259,272.45,272.65,272.45,272.60,10,CPA2020G
20200123,1300,272.60,272.65,272.60,272.65,2,CPA2020G
20200123,1301,272.60,272.60,272.60,272.60,2,CPA2020G
20200123,1656,273.45,273.45,273.45,273.45,1,CPA2020G
20200123,1800,273.45,273.45,273.45,273.45,1,CPA2020G
20200123,1828,273.25,273.25,273.25,273.25,1,CPA2020G
20200123,1950,272.85,272.85,272.80,272.80,3,CPA2020G
20200123,2157,272.85,272.85,272.85,272.85,1,CPA2020G
20200123,2158,272.80,272.80,272.80,272.80,1,CPA2020G
20200123,2234,272.45,272.45,272.45,272.45,3,CPA2020G
20200123,2320,272.70,272.70,272.70,272.70,1,CPA2020G
20200124,0342,272.80,272.80,272.80,272.80,1,CPA2020G
20200124,0415,272.80,272.80,272.80,272.80,7,CPA2020G
20200124,0419,272.60,272.60,272.60,272.60,3,CPA2020G
20200124,0420,272.60,272.60,272.60,272.60,1,CPA2020G
20200124,0528,271.75,271.75,271.75,271.75,1,CPA2020G
20200124,0542,271.50,271.50,271.50,271.50,2,CPA2020G
20200124,0705,272.10,272.10,272.10,272.10,1,CPA2020G
20200124,0734,271.95,271.95,271.95,271.95,1,CPA2020G
20200124,0831,271.25,271.30,271.25,271.30,40,CPA2020G
20200124,0855,270.60,270.60,270.60,270.60,2,CPA2020G
20200124,0922,270.85,270.85,270.85,270.85,1,CPA2020G
20200124,0942,270.00,270.00,270.00,270.00,5,CPA2020G
20200124,0943,270.30,270.30,270.30,270.30,2,CPA2020G
20200124,1018,269.10,269.10,269.10,269.10,8,CPA2020G
20200124,1022,269.10,269.10,269.10,269.10,1,CPA2020G
20200124,1029,268.45,268.45,268.45,268.45,3,CPA2020G
20200124,1111,268.65,268.65,268.65,268.65,2,CPA2020G
20200124,1116,268.60,268.60,268.60,268.60,1,CPA2020G
20200124,1134,267.95,267.95,267.95,267.95,1,CPA2020G
20200124,1202,268.60,268.60,268.60,268.60,3,CPA2020G
20200124,1259,268.30,268.45,268.30,268.45,3,CPA2020G
20200124,1300,268.40,268.40,268.40,268.40,7,CPA2020G
20200124,1331,268.35,268.35,268.35,268.35,2,CPA2020G
20200124,1408,268.35,268.35,268.35,268.35,2,CPA2020G
20200124,1420,268.15,268.15,268.15,268.15,2,CPA2020G
20200126,1800,267.25,267.25,266.75,266.75,4,CPA2020G
20200126,1801,266.00,266.00,266.00,266.00,2,CPA2020G
20200126,1956,263.30,263.30,263.30,263.30,1,CPA2020G
20200126,1957,263.30,263.30,263.30,263.30,1,CPA2020G
20200126,1959,263.00,263.00,263.00,263.00,1,CPA2020G
20200126,2000,263.30,264.10,263.30,264.10,3,CPA2020G
20200126,2002,263.70,263.70,263.70,263.70,3,CPA2020G
20200126,2017,263.85,263.85,263.85,263.85,2,CPA2020G
20200126,2101,264.60,264.60,264.60,264.60,3,CPA2020G
20200126,2107,264.25,264.25,264.25,264.25,1,CPA2020G
20200126,2134,263.80,263.80,263.80,263.80,1,CPA2020G
20200126,2303,264.25,264.25,264.25,264.25,1,CPA2020G
20200126,2342,264.10,264.10,264.10,264.10,1,CPA2020G
20200127,0030,264.50,264.50,264.50,264.50,1,CPA2020G
20200127,0343,263.75,263.75,263.75,263.75,1,CPA2020G
20200127,0525,263.15,263.15,263.15,263.15,10,CPA2020G
20200127,0649,263.10,263.10,263.10,263.10,10,CPA2020G
20200127,0650,263.05,263.05,263.05,263.05,10,CPA2020G
20200127,0804,262.20,262.20,262.20,262.20,1,CPA2020G
20200127,0805,261.60,261.60,261.60,261.60,1,CPA2020G
20200127,0832,263.15,263.15,263.00,263.00,20,CPA2020G
20200127,0843,263.50,263.55,263.50,263.50,10,CPA2020G
20200127,0913,263.00,263.00,263.00,263.00,1,CPA2020G
20200127,0918,262.00,262.00,262.00,262.00,20,CPA2020G
20200127,0929,261.60,261.60,261.45,261.45,30,CPA2020G
20200127,0940,261.30,261.30,261.30,261.30,1,CPA2020G
20200127,0947,262.00,262.00,262.00,262.00,1,CPA2020G
20200127,1001,261.60,261.60,261.60,261.60,31,CPA2020G
20200127,1022,261.55,261.55,261.55,261.55,3,CPA2020G
20200127,1040,260.75,260.75,260.65,260.65,3,CPA2020G
20200127,1042,260.65,260.65,260.65,260.65,3,CPA2020G
20200127,1134,260.50,260.50,260.50,260.50,5,CPA2020G
20200127,1139,260.80,260.80,260.80,260.80,10,CPA2020G
20200127,1201,260.05,260.05,260.05,260.05,1,CPA2020G
20200127,1205,259.25,259.25,259.25,259.25,3,CPA2020G
20200127,1215,259.30,259.30,259.30,259.30,1,CPA2020G
20200127,1227,259.90,259.90,259.90,259.90,3,CPA2020G
20200127,1259,259.50,259.70,259.50,259.65,3,CPA2020G
20200127,1300,259.70,259.75,259.70,259.75,10,CPA2020G
20200127,1312,259.95,259.95,259.95,259.95,1,CPA2020G
20200127,1424,260.25,260.25,260.25,260.25,1,CPA2020G
20200127,1440,260.40,260.40,260.40,260.40,2,CPA2020G
20200127,1526,260.35,260.35,260.35,260.35,10,CPA2020G
20200127,1549,259.65,259.65,259.65,259.65,1,CPA2020G
20200127,1651,259.55,259.55,259.55,259.55,1,CPA2020G
20200127,2224,259.00,259.00,259.00,259.00,10,CPA2020G
20200127,2357,260.25,260.25,260.25,260.25,3,CPA2020G
20200128,0014,260.05,260.05,260.05,260.05,1,CPA2020G
20200128,0114,260.05,260.05,260.05,260.05,1,CPA2020G
20200128,0401,258.40,258.40,258.40,258.40,3,CPA2020G
20200128,0405,258.10,258.10,258.10,258.10,5,CPA2020G
20200128,0414,258.50,258.50,258.50,258.50,1,CPA2020G
20200128,0435,258.45,258.45,258.45,258.45,1,CPA2020G
20200128,0527,258.30,258.30,258.30,258.30,10,CPA2020G
20200128,0620,258.25,258.25,258.25,258.25,1,CPA2020G
20200128,0750,260.10,260.10,260.10,260.10,6,CPA2020G
20200128,0755,259.95,259.95,259.95,259.95,1,CPA2020G
20200128,0759,259.75,259.75,259.75,259.75,2,CPA2020G
20200128,0806,259.20,259.20,259.20,259.20,1,CPA2020G
20200128,0808,259.70,259.70,259.70,259.70,1,CPA2020G
20200128,0809,259.55,259.55,259.55,259.55,1,CPA2020G
20200128,0817,259.05,259.05,259.05,259.05,2,CPA2020G
20200128,0822,259.50,259.50,259.50,259.50,2,CPA2020G
20200128,0832,259.25,259.40,259.25,259.40,4,CPA2020G
20200128,0850,259.15,259.15,259.15,259.15,1,CPA2020G
20200128,0906,258.75,258.75,258.75,258.75,3,CPA2020G
20200128,0908,258.35,258.35,258.35,258.35,4,CPA2020G
20200128,0939,258.40,258.40,258.40,258.40,1,CPA2020G
20200128,0940,258.40,258.40,258.40,258.40,2,CPA2020G
20200128,0948,258.05,258.05,258.05,258.05,1,CPA2020G
20200128,0951,258.35,258.35,258.35,258.35,1,CPA2020G
20200128,1001,258.85,258.85,258.85,258.85,3,CPA2020G
20200128,1002,258.85,258.85,258.85,258.85,10,CPA2020G
20200128,1010,258.60,258.60,258.60,258.60,1,CPA2020G
20200128,1016,258.75,258.75,258.75,258.75,1,CPA2020G
20200128,1031,259.10,259.10,259.10,259.10,3,CPA2020G
20200128,1032,259.20,259.20,259.20,259.20,2,CPA2020G
20200128,1035,259.30,259.30,259.30,259.30,1,CPA2020G
20200128,1109,258.50,258.50,258.50,258.50,1,CPA2020G
20200128,1118,258.05,258.05,258.05,258.05,1,CPA2020G
20200128,1132,258.60,258.60,258.60,258.60,1,CPA2020G
20200128,1139,258.50,258.50,258.50,258.50,1,CPA2020G
20200128,1142,258.90,258.90,258.90,258.90,1,CPA2020G
20200128,1149,258.35,258.35,258.35,258.35,1,CPA2020G
20200128,1150,258.45,258.45,258.45,258.45,1,CPA2020G
20200128,1152,258.50,258.50,258.50,258.50,1,CPA2020G
20200128,1153,258.55,258.55,258.55,258.55,1,CPA2020G
20200128,1158,258.60,258.60,258.60,258.60,2,CPA2020G
20200128,1202,258.15,258.15,258.15,258.15,1,CPA2020G
20200128,1259,257.90,257.95,257.75,257.90,13,CPA2020G
20200128,1308,258.25,258.25,258.25,258.25,20,CPA2020G
20200128,1310,258.20,258.20,258.20,258.20,16,CPA2020G
20200128,1414,258.25,258.25,258.25,258.25,1,CPA2020G
20200128,1416,258.25,258.25,258.25,258.25,2,CPA2020G
20200128,1431,258.30,258.30,258.30,258.30,1,CPA2020G
20200128,1547,258.25,258.25,258.25,258.25,1,CPA2020G
20200128,1942,258.75,258.75,258.75,258.75,3,CPA2020G
20200128,2017,258.95,258.95,258.95,258.95,3,CPA2020G
20200128,2212,259.95,259.95,259.95,259.95,2,CPA2020G
20200129,0142,259.65,259.65,259.65,259.65,1,CPA2020G
20200129,0202,259.45,259.45,259.45,259.45,2,CPA2020G
20200129,0623,258.60,258.60,258.60,258.60,10,CPA2020G
20200129,0624,258.60,258.60,258.60,258.60,1,CPA2020G
20200129,0758,258.95,258.95,258.95,258.95,35,CPA2020G
20200129,0759,258.95,258.95,258.95,258.95,5,CPA2020G
20200129,0859,257.35,257.35,257.35,257.35,11,CPA2020G
20200129,0900,257.20,257.20,257.20,257.20,20,CPA2020G
20200129,0905,257.25,257.25,257.25,257.25,1,CPA2020G
20200129,0910,257.75,257.75,257.75,257.75,20,CPA2020G
20200129,0928,257.75,257.75,257.75,257.75,1,CPA2020G
20200129,0933,257.45,257.45,257.45,257.45,2,CPA2020G
20200129,0940,257.10,257.10,257.10,257.10,8,CPA2020G
20200129,0942,257.10,257.10,257.10,257.10,32,CPA2020G
20200129,0944,257.05,257.05,257.05,257.05,4,CPA2020G
20200129,0945,257.15,257.15,257.15,257.15,10,CPA2020G
20200129,0946,257.15,257.15,257.15,257.15,10,CPA2020G
20200129,1005,255.85,255.85,255.85,255.85,2,CPA2020G
20200129,1021,256.10,256.10,256.10,256.10,1,CPA2020G
20200129,1106,256.30,256.30,256.30,256.30,16,CPA2020G
20200129,1110,256.15,256.15,256.15,256.15,2,CPA2020G
20200129,1111,256.10,256.10,256.10,256.10,2,CPA2020G
20200129,1123,256.10,256.10,256.10,256.10,1,CPA2020G
20200129,1140,255.75,255.75,255.75,255.75,7,CPA2020G
20200129,1147,255.65,255.65,255.65,255.65,1,CPA2020G
20200129,1207,255.55,255.75,255.55,255.75,10,CPA2020G
20200129,1208,255.75,255.75,255.75,255.75,1,CPA2020G
20200129,1209,255.70,255.70,255.70,255.70,1,CPA2020G
20200129,1226,255.30,255.30,255.30,255.30,1,CPA2020G
20200129,1259,255.40,255.40,255.20,255.30,12,CPA2020G
20200129,1420,255.80,255.80,255.80,255.80,3,CPA2020G
20200129,1520,256.15,256.15,256.15,256.15,1,CPA2020G
20200129,1626,255.75,255.75,255.75,255.75,1,CPA2020G
20200129,1639,255.65,255.65,255.65,255.65,3,CPA2020G
20200129,1640,255.75,255.75,255.75,255.75,2,CPA2020G
20200129,1642,255.80,255.80,255.80,255.80,1,CPA2020G
20200129,1647,255.75,255.75,255.75,255.75,4,CPA2020G
20200129,1648,255.90,255.90,255.85,255.85,3,CPA2020G
20200129,1649,255.90,255.90,255.90,255.90,1,CPA2020G
20200129,1819,256.40,256.45,256.40,256.45,4,CPA2020G
20200129,1821,256.45,256.45,256.45,256.45,1,CPA2020G
20200129,1822,256.40,256.40,256.40,256.40,1,CPA2020G
20200129,2305,253.00,253.00,253.00,253.00,2,CPA2020G
20200129,2312,252.75,252.75,252.75,252.75,3,CPA2020G
20200129,2315,252.65,252.65,252.65,252.65,6,CPA2020G
20200130,0609,254.70,254.70,254.70,254.70,10,CPA2020G
20200130,0610,254.70,254.70,254.70,254.70,1,CPA2020G
20200130,0932,253.90,253.90,253.90,253.90,1,CPA2020G
20200130,0940,253.80,253.85,253.80,253.85,11,CPA2020G
20200130,0943,253.55,253.55,253.55,253.55,2,CPA2020G
20200130,1038,253.00,253.00,253.00,253.00,1,CPA2020G
20200130,1131,253.45,253.50,253.45,253.50,48,CPA2020G
20200130,1136,253.25,253.25,253.25,253.25,1,CPA2020G
20200130,1219,252.75,252.75,252.75,252.75,21,CPA2020G
20200130,1223,252.75,252.75,252.75,252.75,2,CPA2020G
20200130,1259,252.35,252.35,252.35,252.35,0,CPA2020G
20200130,1458,252.90,252.90,252.90,252.90,3,CPA2020G
20200130,1648,255.00,255.00,255.00,255.00,3,CPA2020G
20200130,1649,255.00,255.00,255.00,255.00,3,CPA2020G
20200131,0425,252.80,252.80,252.80,252.80,1,CPA2020G
20200131,0501,253.00,253.00,253.00,253.00,2,CPA2020G
20200131,0640,252.60,252.60,252.60,252.60,2,CPA2020G
20200131,1029,250.90,250.90,250.90,250.90,2,CPA2020G
20200131,1138,252.15,252.15,252.15,252.15,4,CPA2020G
20200131,1158,252.60,252.70,252.60,252.70,4,CPA2020G
20200131,1235,252.00,252.00,252.00,252.00,9,CPA2020G
20200131,1259,252.00,252.00,252.00,252.00,0,CPA2020G
20200131,1328,252.20,252.20,252.00,252.00,11,CPA2020G
20200131,1329,252.00,252.00,252.00,252.00,6,CPA2020G
20200131,1353,251.60,251.60,251.60,251.60,23,CPA2020G
20200203,0956,252.30,252.30,252.30,252.30,1,CPA2020G
20200203,1025,251.90,251.90,251.90,251.90,2,CPA2020G
20200203,1147,250.85,250.85,250.85,250.85,4,CPA2020G
20200203,1259,251.30,251.30,251.30,251.30,0,CPA2020G
20200203,1458,251.75,251.75,251.75,251.75,4,CPA2020G
20200203,2247,255.20,255.20,255.20,255.20,1,CPA2020G
20200204,0034,255.70,255.70,255.70,255.70,1,CPA2020G
20200204,0050,256.55,256.55,256.55,256.55,1,CPA2020G
20200204,0914,254.70,254.70,254.70,254.70,2,CPA2020G
20200204,0916,254.95,254.95,254.95,254.95,2,CPA2020G
20200204,1021,254.60,254.60,254.60,254.60,4,CPA2020G
20200204,1049,254.20,254.25,254.20,254.25,6,CPA2020G
20200204,1057,254.10,254.10,254.10,254.10,1,CPA2020G
20200204,1115,254.30,254.30,254.30,254.30,1,CPA2020G
20200204,1129,254.45,254.45,254.45,254.45,5,CPA2020G
20200204,1259,254.75,254.75,254.75,254.75,0,CPA2020G
20200204,1302,254.90,254.95,254.90,254.95,10,CPA2020G
20200204,2032,256.35,256.35,256.35,256.35,1,CPA2020G
20200205,0032,257.45,257.45,257.45,257.45,1,CPA2020G
20200205,0325,256.60,256.60,256.60,256.60,1,CPA2020G
20200205,0916,258.20,258.20,258.20,258.20,4,CPA2020G
20200205,1259,257.90,257.90,257.90,257.90,0,CPA2020G
20200205,1347,258.80,258.80,258.80,258.80,1,CPA2020G
20200205,1659,258.95,258.95,258.95,258.95,1,CPA2020G
20200205,1846,259.00,259.00,259.00,259.00,3,CPA2020G
20200205,1847,259.00,259.00,259.00,259.00,2,CPA2020G
20200205,1852,259.05,259.05,259.05,259.05,13,CPA2020G
20200206,0817,259.35,259.40,259.35,259.40,3,CPA2020G
20200206,0932,260.25,260.25,260.25,260.25,4,CPA2020G
20200206,1006,260.40,260.40,260.40,260.40,1,CPA2020G
20200206,1008,260.40,260.40,260.40,260.40,1,CPA2020G
20200206,1111,260.15,260.15,260.15,260.15,2,CPA2020G
20200206,1112,260.15,260.15,260.15,260.15,2,CPA2020G
20200206,1116,259.85,259.85,259.85,259.85,1,CPA2020G
20200206,1259,259.85,259.85,259.85,259.85,0,CPA2020G
20200206,1356,259.80,259.80,259.80,259.80,1,CPA2020G
20200206,1517,259.95,259.95,259.95,259.95,6,CPA2020G
20200206,1518,260.00,260.00,260.00,260.00,4,CPA2020G
20200206,1645,260.20,260.20,260.20,260.20,1,CPA2020G
20200207,0457,256.10,256.10,256.10,256.10,1,CPA2020G
20200207,0835,256.05,256.05,256.05,256.05,1,CPA2020G
20200207,0905,256.05,256.05,256.05,256.05,1,CPA2020G
20200207,0934,255.50,255.50,255.50,255.50,1,CPA2020G
20200207,1001,255.50,255.50,255.50,255.50,4,CPA2020G
20200207,1034,256.30,256.30,256.30,256.30,3,CPA2020G
20200207,1059,256.00,256.00,256.00,256.00,4,CPA2020G
20200207,1259,255.90,255.90,255.90,255.90,0,CPA2020G
20200209,1919,255.10,255.10,255.10,255.10,1,CPA2020G
20200210,0414,256.65,256.65,256.65,256.65,1,CPA2020G
20200210,0513,256.35,256.35,256.35,256.35,1,CPA2020G
20200210,0516,256.35,256.35,256.35,256.35,3,CPA2020G
20200210,0856,255.30,255.30,255.30,255.30,1,CPA2020G
20200210,0957,255.10,255.10,255.10,255.10,14,CPA2020G
20200210,1259,255.75,255.75,255.75,255.75,0,CPA2020G
20200210,1400,255.80,255.90,255.80,255.90,11,CPA2020G
20200211,0935,258.75,258.75,258.75,258.75,2,CPA2020G
20200211,1259,258.85,258.85,258.85,258.85,0,CPA2020G
20200212,1029,260.70,260.70,260.70,260.70,2,CPA2020G
20200212,1113,260.75,260.75,260.75,260.75,3,CPA2020G
20200212,1153,260.55,260.55,260.55,260.55,2,CPA2020G
20200212,1259,260.60,260.60,260.60,260.60,0,CPA2020G
20200212,1406,260.45,260.45,260.45,260.45,4,CPA2020G
20200212,1409,260.65,260.65,260.65,260.65,8,CPA2020G
20200213,1220,262.00,262.00,262.00,262.00,1,CPA2020G
20200213,1259,261.95,261.95,261.95,261.95,0,CPA2020G
20200214,0948,260.90,260.90,260.90,260.90,1,CPA2020G
20200214,0949,261.05,261.05,261.05,261.05,1,CPA2020G
20200214,1259,260.55,260.55,260.55,260.55,0,CPA2020G
20200214,1632,260.70,260.70,260.70,260.70,4,CPA2020G
20200216,2144,262.95,263.00,262.95,263.00,11,CPA2020G
20200218,0021,261.80,261.80,261.80,261.80,1,CPA2020G
20200218,0927,260.75,260.75,260.75,260.75,4,CPA2020G
20200218,1259,261.00,261.00,261.00,261.00,0,CPA2020G
20200218,1316,261.00,261.00,261.00,261.00,2,CPA2020G
20200218,1357,260.90,260.95,260.90,260.95,2,CPA2020G
20200218,2016,261.35,261.35,261.35,261.35,1,CPA2020G
20200219,0832,261.00,261.00,261.00,261.00,2,CPA2020G
20200219,0836,260.50,260.50,260.50,260.50,1,CPA2020G
20200219,0957,259.80,259.80,259.80,259.80,2,CPA2020G
20200219,1259,261.25,261.25,261.25,261.25,0,CPA2020G
20200220,1048,259.45,259.45,259.45,259.45,4,CPA2020G
20200220,1259,259.50,259.50,259.50,259.50,0,CPA2020G
20200221,1010,259.95,259.95,259.95,259.95,2,CPA2020G
20200221,1259,261.80,261.80,261.80,261.80,0,CPA2020G
20200221,1417,261.40,261.45,261.40,261.45,4,CPA2020G
20200223,1800,260.50,260.50,260.50,260.50,1,CPA2020G
20200224,0948,258.35,258.35,258.35,258.35,4,CPA2020G
20200224,1224,258.85,258.85,258.85,258.85,2,CPA2020G
20200224,1259,259.25,259.25,259.25,259.25,0,CPA2020G
20200224,1319,259.00,259.00,259.00,259.00,5,CPA2020G
20200225,0938,259.45,259.45,259.45,259.45,2,CPA2020G
20200225,1259,259.65,259.65,259.65,259.65,0,CPA2020G
20200226,1054,258.20,258.25,258.20,258.25,5,CPA2020G
20200226,1259,257.65,257.65,257.65,257.65,0,CPA2020G
